Elapsed_time	ECG
       0.000	  0.105
       0.004	  0.105
       0.008	  0.110
       0.012	  0.117
       0.016	  0.128
       0.020	  0.135
       0.024	  0.140
       0.028	  0.147
       0.032	  0.152
       0.036	  0.158
       0.040	  0.155
       0.044	  0.160
       0.048	  0.168
       0.052	  0.180
       0.056	  0.185
       0.060	  0.195
       0.064	  0.190
       0.068	  0.175
       0.072	  0.147
       0.076	  0.125
       0.080	  0.107
       0.084	  0.105
       0.088	  0.117
       0.092	  0.145
       0.096	  0.175
       0.100	  0.215
       0.104	  0.250
       0.108	  0.282
       0.112	  0.307
       0.116	  0.330
       0.120	  0.345
       0.124	  0.355
       0.128	  0.362
       0.132	  0.370
       0.136	  0.375
       0.140	  0.372
       0.144	  0.367
       0.148	  0.357
       0.152	  0.328
       0.156	  0.295
       0.160	  0.260
       0.164	  0.215
       0.168	  0.180
       0.172	  0.145
       0.176	  0.117
       0.180	  0.083
       0.184	  0.058
       0.188	  0.035
       0.192	  0.018
       0.196	  0.000
       0.200	 -0.015
       0.204	 -0.020
       0.208	 -0.018
       0.212	 -0.010
       0.216	  0.013
       0.220	  0.025
       0.224	  0.022
       0.228	  0.015
       0.232	  0.005
       0.236	 -0.013
       0.240	 -0.022
       0.244	 -0.030
       0.248	 -0.028
       0.252	 -0.013
       0.256	  0.010
       0.260	  0.035
       0.264	  0.055
       0.268	  0.080
       0.272	  0.102
       0.276	  0.122
       0.280	  0.117
       0.284	  0.105
       0.288	  0.072
       0.292	  0.028
       0.296	 -0.037
       0.300	 -0.095
       0.304	 -0.155
       0.308	 -0.198
       0.312	 -0.228
       0.316	 -0.245
       0.320	 -0.253
       0.324	 -0.255
       0.328	 -0.253
       0.332	 -0.240
       0.336	 -0.223
       0.340	 -0.200
       0.344	 -0.177
       0.348	 -0.150
       0.352	 -0.125
       0.356	 -0.102
       0.360	 -0.080
       0.364	 -0.065
       0.368	 -0.050
       0.372	 -0.035
       0.376	 -0.028
       0.380	 -0.028
       0.384	 -0.028
       0.388	 -0.028
       0.392	 -0.022
       0.396	 -0.013
       0.400	  0.013
       0.404	  0.037
       0.408	  0.072
       0.412	  0.105
       0.416	  0.145
       0.420	  0.182
       0.424	  0.212
       0.428	  0.237
       0.432	  0.263
       0.436	  0.290
       0.440	  0.312
       0.444	  0.333
       0.448	  0.345
       0.452	  0.350
       0.456	  0.347
       0.460	  0.343
       0.464	  0.328
       0.468	  0.312
       0.472	  0.295
       0.476	  0.282
       0.480	  0.270
       0.484	  0.268
       0.488	  0.268
       0.492	  0.273
       0.496	  0.273
       0.500	  0.280
       0.504	  0.282
       0.508	  0.285
       0.512	  0.282
       0.516	  0.295
       0.520	  0.312
       0.524	  0.335
       0.528	  0.338
       0.532	  0.323
       0.536	  0.292
       0.540	  0.258
       0.544	  0.223
       0.548	  0.193
       0.552	  0.165
       0.556	  0.138
       0.560	  0.120
       0.564	  0.117
       0.568	  0.133
       0.572	  0.158
       0.576	  0.188
       0.580	  0.207
       0.584	  0.215
       0.588	  0.210
       0.592	  0.193
       0.596	  0.160
       0.600	  0.122
       0.604	  0.077
       0.608	  0.028
       0.612	 -0.030
       0.616	 -0.077
       0.620	 -0.113
       0.624	 -0.140
       0.628	 -0.165
       0.632	 -0.185
       0.636	 -0.207
       0.640	 -0.235
       0.644	 -0.265
       0.648	 -0.290
       0.652	 -0.310
       0.656	 -0.330
       0.660	 -0.345
       0.664	 -0.357
       0.668	 -0.362
       0.672	 -0.370
       0.676	 -0.372
       0.680	 -0.385
       0.684	 -0.390
       0.688	 -0.398
       0.692	 -0.395
       0.696	 -0.390
       0.700	 -0.372
       0.704	 -0.350
       0.708	 -0.323
       0.712	 -0.302
       0.716	 -0.275
       0.720	 -0.245
       0.724	 -0.210
       0.728	 -0.172
       0.732	 -0.125
       0.736	 -0.080
       0.740	 -0.037
       0.744	  0.007
       0.748	  0.048
       0.752	  0.087
       0.756	  0.117
       0.760	  0.145
       0.764	  0.163
       0.768	  0.180
       0.772	  0.193
       0.776	  0.207
       0.780	  0.210
       0.784	  0.210
       0.788	  0.207
       0.792	  0.207
       0.796	  0.215
       0.800	  0.230
       0.804	  0.240
       0.808	  0.245
       0.812	  0.242
       0.816	  0.240
       0.820	  0.240
       0.824	  0.230
       0.828	  0.223
       0.832	  0.223
       0.836	  0.233
       0.840	  0.250
       0.844	  0.268
       0.848	  0.282
       0.852	  0.295
       0.856	  0.305
       0.860	  0.315
       0.864	  0.320
       0.868	  0.312
       0.872	  0.290
       0.876	  0.268
       0.880	  0.237
       0.884	  0.215
       0.888	  0.203
       0.892	  0.200
       0.896	  0.193
       0.900	  0.188
       0.904	  0.172
       0.908	  0.155
       0.912	  0.133
       0.916	  0.110
       0.920	  0.085
       0.924	  0.060
       0.928	  0.028
       0.932	 -0.013
       0.936	 -0.060
       0.940	 -0.120
       0.944	 -0.190
       0.948	 -0.253
       0.952	 -0.305
       0.956	 -0.347
       0.960	 -0.378
       0.964	 -0.400
       0.968	 -0.410
       0.972	 -0.407
       0.976	 -0.398
       0.980	 -0.403
       0.984	 -0.407
       0.988	 -0.417
       0.992	 -0.425
       0.996	 -0.430
       1.000	 -0.432
       1.004	 -0.435
       1.008	 -0.432
       1.012	 -0.435
       1.016	 -0.425
       1.020	 -0.412
       1.024	 -0.395
       1.028	 -0.365
       1.032	 -0.328
       1.036	 -0.278
       1.040	 -0.228
       1.044	 -0.170
       1.048	 -0.107
       1.052	 -0.050
       1.056	  0.007
       1.060	  0.052
       1.064	  0.083
       1.068	  0.107
       1.072	  0.125
       1.076	  0.147
       1.080	  0.168
       1.084	  0.200
       1.088	  0.237
       1.092	  0.278
       1.096	  0.305
       1.100	  0.328
       1.104	  0.343
       1.108	  0.365
       1.112	  0.375
       1.116	  0.388
       1.120	  0.390
       1.124	  0.395
       1.128	  0.405
       1.132	  0.425
       1.136	  0.438
       1.140	  0.448
       1.144	  0.460
       1.148	  0.477
       1.152	  0.505
       1.156	  0.525
       1.160	  0.532
       1.164	  0.530
       1.168	  0.522
       1.172	  0.505
       1.176	  0.477
       1.180	  0.432
       1.184	  0.380
       1.188	  0.328
       1.192	  0.287
       1.196	  0.260
       1.200	  0.245
       1.204	  0.225
       1.208	  0.200
       1.212	  0.152
       1.216	  0.087
       1.220	  0.013
       1.224	 -0.070
       1.228	 -0.145
       1.232	 -0.215
       1.236	 -0.278
       1.240	 -0.340
       1.244	 -0.398
       1.248	 -0.448
       1.252	 -0.487
       1.256	 -0.525
       1.260	 -0.555
       1.264	 -0.578
       1.268	 -0.588
       1.272	 -0.590
       1.276	 -0.583
       1.280	 -0.578
       1.284	 -0.560
       1.288	 -0.537
       1.292	 -0.510
       1.296	 -0.485
       1.300	 -0.458
       1.304	 -0.427
       1.308	 -0.393
       1.312	 -0.360
       1.316	 -0.320
       1.320	 -0.275
       1.324	 -0.230
       1.328	 -0.190
       1.332	 -0.142
       1.336	 -0.095
       1.340	 -0.043
       1.344	  0.013
       1.348	  0.077
       1.352	  0.142
       1.356	  0.200
       1.360	  0.255
       1.364	  0.300
       1.368	  0.335
       1.372	  0.370
       1.376	  0.403
       1.380	  0.430
       1.384	  0.458
       1.388	  0.480
       1.392	  0.500
       1.396	  0.517
       1.400	  0.540
       1.404	  0.562
       1.408	  0.590
       1.412	  0.613
       1.416	  0.630
       1.420	  0.645
       1.424	  0.650
       1.428	  0.647
       1.432	  0.645
       1.436	  0.645
       1.440	  0.642
       1.444	  0.640
       1.448	  0.635
       1.452	  0.623
       1.456	  0.598
       1.460	  0.565
       1.464	  0.525
       1.468	  0.487
       1.472	  0.445
       1.476	  0.395
       1.480	  0.328
       1.484	  0.245
       1.488	  0.152
       1.492	  0.050
       1.496	 -0.068
       1.500	 -0.172
       1.504	 -0.282
       1.508	 -0.375
       1.512	 -0.458
       1.516	 -0.517
       1.520	 -0.560
       1.524	 -0.590
       1.528	 -0.610
       1.532	 -0.623
       1.536	 -0.627
       1.540	 -0.630
       1.544	 -0.630
       1.548	 -0.618
       1.552	 -0.598
       1.556	 -0.580
       1.560	 -0.552
       1.564	 -0.525
       1.568	 -0.497
       1.572	 -0.477
       1.576	 -0.455
       1.580	 -0.435
       1.584	 -0.417
       1.588	 -0.407
       1.592	 -0.403
       1.596	 -0.400
       1.600	 -0.390
       1.604	 -0.362
       1.608	 -0.320
       1.612	 -0.290
       1.616	 -0.263
       1.620	 -0.245
       1.624	 -0.237
       1.628	 -0.233
       1.632	 -0.215
       1.636	 -0.180
       1.640	 -0.133
       1.644	 -0.077
       1.648	 -0.018
       1.652	  0.055
       1.656	  0.128
       1.660	  0.210
       1.664	  0.297
       1.668	  0.388
       1.672	  0.470
       1.676	  0.552
       1.680	  0.627
       1.684	  0.700
       1.688	  0.760
       1.692	  0.807
       1.696	  0.835
       1.700	  0.865
       1.704	  0.890
       1.708	  0.915
       1.712	  0.927
       1.716	  0.927
       1.720	  0.912
       1.724	  0.885
       1.728	  0.838
       1.732	  0.777
       1.736	  0.703
       1.740	  0.618
       1.744	  0.532
       1.748	  0.460
       1.752	  0.395
       1.756	  0.335
       1.760	  0.275
       1.764	  0.210
       1.768	  0.130
       1.772	  0.035
       1.776	 -0.068
       1.780	 -0.165
       1.784	 -0.253
       1.788	 -0.323
       1.792	 -0.378
       1.796	 -0.427
       1.800	 -0.475
       1.804	 -0.522
       1.808	 -0.552
       1.812	 -0.575
       1.816	 -0.583
       1.820	 -0.568
       1.824	 -0.547
       1.828	 -0.525
       1.832	 -0.502
       1.836	 -0.485
       1.840	 -0.475
       1.844	 -0.455
       1.848	 -0.420
       1.852	 -0.365
       1.856	 -0.305
       1.860	 -0.260
       1.864	 -0.215
       1.868	 -0.182
       1.872	 -0.165
       1.876	 -0.147
       1.880	 -0.133
       1.884	 -0.117
       1.888	 -0.092
       1.892	 -0.062
       1.896	 -0.040
       1.900	 -0.013
       1.904	  0.022
       1.908	  0.050
       1.912	  0.075
       1.916	  0.102
       1.920	  0.130
       1.924	  0.163
       1.928	  0.180
       1.932	  0.190
       1.936	  0.193
       1.940	  0.195
       1.944	  0.207
       1.948	  0.237
       1.952	  0.275
       1.956	  0.312
       1.960	  0.357
       1.964	  0.417
       1.968	  0.480
       1.972	  0.545
       1.976	  0.605
       1.980	  0.665
       1.984	  0.725
       1.988	  0.777
       1.992	  0.823
       1.996	  0.830
       2.000	  0.823
       2.004	  0.797
       2.008	  0.740
       2.012	  0.647
       2.016	  0.537
       2.020	  0.420
       2.024	  0.305
       2.028	  0.193
       2.032	  0.087
       2.036	 -0.025
       2.040	 -0.133
       2.044	 -0.245
       2.048	 -0.352
       2.052	 -0.448
       2.056	 -0.525
       2.060	 -0.578
       2.064	 -0.610
       2.068	 -0.630
       2.072	 -0.647
       2.076	 -0.650
       2.080	 -0.650
       2.084	 -0.635
       2.088	 -0.613
       2.092	 -0.588
       2.096	 -0.568
       2.100	 -0.545
       2.104	 -0.532
       2.108	 -0.525
       2.112	 -0.522
       2.116	 -0.517
       2.120	 -0.512
       2.124	 -0.505
       2.128	 -0.497
       2.132	 -0.485
       2.136	 -0.472
       2.140	 -0.458
       2.144	 -0.438
       2.148	 -0.405
       2.152	 -0.367
       2.156	 -0.328
       2.160	 -0.282
       2.164	 -0.233
       2.168	 -0.182
       2.172	 -0.135
       2.176	 -0.083
       2.180	 -0.030
       2.184	  0.035
       2.188	  0.098
       2.192	  0.168
       2.196	  0.237
       2.200	  0.310
       2.204	  0.380
       2.208	  0.453
       2.212	  0.515
       2.216	  0.580
       2.220	  0.640
       2.224	  0.693
       2.228	  0.738
       2.232	  0.772
       2.236	  0.795
       2.240	  0.802
       2.244	  0.792
       2.248	  0.780
       2.252	  0.770
       2.256	  0.765
       2.260	  0.762
       2.264	  0.755
       2.268	  0.752
       2.272	  0.740
       2.276	  0.713
       2.280	  0.670
       2.284	  0.620
       2.288	  0.568
       2.292	  0.517
       2.296	  0.463
       2.300	  0.400
       2.304	  0.330
       2.308	  0.263
       2.312	  0.188
       2.316	  0.113
       2.320	  0.025
       2.324	 -0.068
       2.328	 -0.160
       2.332	 -0.237
       2.336	 -0.302
       2.340	 -0.357
       2.344	 -0.407
       2.348	 -0.443
       2.352	 -0.472
       2.356	 -0.492
       2.360	 -0.510
       2.364	 -0.522
       2.368	 -0.527
       2.372	 -0.535
       2.376	 -0.532
       2.380	 -0.522
       2.384	 -0.502
       2.388	 -0.475
       2.392	 -0.445
       2.396	 -0.417
       2.400	 -0.390
       2.404	 -0.362
       2.408	 -0.328
       2.412	 -0.300
       2.416	 -0.268
       2.420	 -0.240
       2.424	 -0.215
       2.428	 -0.198
       2.432	 -0.180
       2.436	 -0.163
       2.440	 -0.140
       2.444	 -0.115
       2.448	 -0.080
       2.452	 -0.037
       2.456	  0.010
       2.460	  0.055
       2.464	  0.098
       2.468	  0.140
       2.472	  0.172
       2.476	  0.215
       2.480	  0.263
       2.484	  0.312
       2.488	  0.350
       2.492	  0.380
       2.496	  0.398
       2.500	  0.420
       2.504	  0.445
       2.508	  0.465
       2.512	  0.470
       2.516	  0.472
       2.520	  0.470
       2.524	  0.472
       2.528	  0.470
       2.532	  0.475
       2.536	  0.470
       2.540	  0.468
       2.544	  0.458
       2.548	  0.453
       2.552	  0.443
       2.556	  0.430
       2.560	  0.405
       2.564	  0.372
       2.568	  0.330
       2.572	  0.260
       2.576	  0.170
       2.580	  0.065
       2.584	 -0.058
       2.588	 -0.175
       2.592	 -0.285
       2.596	 -0.385
       2.600	 -0.460
       2.604	 -0.507
       2.608	 -0.522
       2.612	 -0.517
       2.616	 -0.497
       2.620	 -0.470
       2.624	 -0.435
       2.628	 -0.403
       2.632	 -0.365
       2.636	 -0.320
       2.640	 -0.270
       2.644	 -0.220
       2.648	 -0.170
       2.652	 -0.128
       2.656	 -0.095
       2.660	 -0.065
       2.664	 -0.040
       2.668	 -0.020
       2.672	 -0.013
       2.676	  0.003
       2.680	  0.010
       2.684	  0.028
       2.688	  0.043
       2.692	  0.065
       2.696	  0.077
       2.700	  0.095
       2.704	  0.120
       2.708	  0.155
       2.712	  0.185
       2.716	  0.225
       2.720	  0.268
       2.724	  0.312
       2.728	  0.350
       2.732	  0.385
       2.736	  0.412
       2.740	  0.427
       2.744	  0.430
       2.748	  0.425
       2.752	  0.417
       2.756	  0.398
       2.760	  0.372
       2.764	  0.350
       2.768	  0.323
       2.772	  0.290
       2.776	  0.260
       2.780	  0.230
       2.784	  0.205
       2.788	  0.177
       2.792	  0.155
       2.796	  0.133
       2.800	  0.113
       2.804	  0.087
       2.808	  0.060
       2.812	  0.018
       2.816	 -0.037
       2.820	 -0.090
       2.824	 -0.150
       2.828	 -0.217
       2.832	 -0.290
       2.836	 -0.367
       2.840	 -0.445
       2.844	 -0.512
       2.848	 -0.575
       2.852	 -0.627
       2.856	 -0.672
       2.860	 -0.715
       2.864	 -0.745
       2.868	 -0.760
       2.872	 -0.770
       2.876	 -0.782
       2.880	 -0.787
       2.884	 -0.787
       2.888	 -0.787
       2.892	 -0.777
       2.896	 -0.770
       2.900	 -0.750
       2.904	 -0.723
       2.908	 -0.680
       2.912	 -0.627
       2.916	 -0.555
       2.920	 -0.463
       2.924	 -0.362
       2.928	 -0.265
       2.932	 -0.150
       2.936	 -0.043
       2.940	  0.070
       2.944	  0.165
       2.948	  0.260
       2.952	  0.343
       2.956	  0.417
       2.960	  0.475
       2.964	  0.527
       2.968	  0.575
       2.972	  0.618
       2.976	  0.660
       2.980	  0.703
       2.984	  0.743
       2.988	  0.777
       2.992	  0.807
       2.996	  0.823
       3.000	  0.830
       3.004	  0.838
       3.008	  0.845
       3.012	  0.853
       3.016	  0.868
       3.020	  0.880
       3.024	  0.885
       3.028	  0.875
       3.032	  0.860
       3.036	  0.845
       3.040	  0.830
       3.044	  0.818
       3.048	  0.810
       3.052	  0.800
       3.056	  0.797
       3.060	  0.805
       3.064	  0.790
       3.068	  0.748
       3.072	  0.682
       3.076	  0.615
       3.080	  0.552
       3.084	  0.500
       3.088	  0.448
       3.092	  0.385
       3.096	  0.312
       3.100	  0.237
       3.104	  0.152
       3.108	  0.050
       3.112	 -0.083
       3.116	 -0.215
       3.120	 -0.357
       3.124	 -0.497
       3.128	 -0.645
       3.132	 -0.777
       3.136	 -0.897
       3.140	 -0.995
       3.144	 -1.075
       3.148	 -1.130
       3.152	 -1.167
       3.156	 -1.190
       3.160	 -1.205
       3.164	 -1.198
       3.168	 -1.177
       3.172	 -1.143
       3.176	 -1.097
       3.180	 -1.050
       3.184	 -1.000
       3.188	 -0.960
       3.192	 -0.922
       3.196	 -0.885
       3.200	 -0.838
       3.204	 -0.775
       3.208	 -0.698
       3.212	 -0.627
       3.216	 -0.550
       3.220	 -0.470
       3.224	 -0.375
       3.228	 -0.278
       3.232	 -0.170
       3.236	 -0.060
       3.240	  0.050
       3.244	  0.150
       3.248	  0.245
       3.252	  0.330
       3.256	  0.403
       3.260	  0.463
       3.264	  0.515
       3.268	  0.562
       3.272	  0.598
       3.276	  0.630
       3.280	  0.660
       3.284	  0.680
       3.288	  0.690
       3.292	  0.690
       3.296	  0.677
       3.300	  0.665
       3.304	  0.647
       3.308	  0.635
       3.312	  0.613
       3.316	  0.598
       3.320	  0.575
       3.324	  0.552
       3.328	  0.515
       3.332	  0.485
       3.336	  0.455
       3.340	  0.432
       3.344	  0.410
       3.348	  0.403
       3.352	  0.395
       3.356	  0.395
       3.360	  0.395
       3.364	  0.400
       3.368	  0.398
       3.372	  0.383
       3.376	  0.365
       3.380	  0.343
       3.384	  0.320
       3.388	  0.285
       3.392	  0.245
       3.396	  0.188
       3.400	  0.133
       3.404	  0.072
       3.408	  0.020
       3.412	 -0.050
       3.416	 -0.110
       3.420	 -0.182
       3.424	 -0.258
       3.428	 -0.343
       3.432	 -0.427
       3.436	 -0.502
       3.440	 -0.573
       3.444	 -0.625
       3.448	 -0.665
       3.452	 -0.688
       3.456	 -0.710
       3.460	 -0.730
       3.464	 -0.748
       3.468	 -0.762
       3.472	 -0.780
       3.476	 -0.790
       3.480	 -0.790
       3.484	 -0.780
       3.488	 -0.770
       3.492	 -0.743
       3.496	 -0.718
       3.500	 -0.680
       3.504	 -0.645
       3.508	 -0.603
       3.512	 -0.560
       3.516	 -0.502
       3.520	 -0.448
       3.524	 -0.385
       3.528	 -0.328
       3.532	 -0.268
       3.536	 -0.203
       3.540	 -0.135
       3.544	 -0.065
       3.548	  0.020
       3.552	  0.095
       3.556	  0.170
       3.560	  0.245
       3.564	  0.323
       3.568	  0.405
       3.572	  0.485
       3.576	  0.557
       3.580	  0.620
       3.584	  0.677
       3.588	  0.725
       3.592	  0.762
       3.596	  0.792
       3.600	  0.815
       3.604	  0.823
       3.608	  0.825
       3.612	  0.812
       3.616	  0.800
       3.620	  0.785
       3.624	  0.767
       3.628	  0.743
       3.632	  0.715
       3.636	  0.682
       3.640	  0.642
       3.644	  0.588
       3.648	  0.527
       3.652	  0.463
       3.656	  0.390
       3.660	  0.323
       3.664	  0.255
       3.668	  0.193
       3.672	  0.133
       3.676	  0.087
       3.680	  0.050
       3.684	  0.020
       3.688	 -0.022
       3.692	 -0.058
       3.696	 -0.098
       3.700	 -0.135
       3.704	 -0.177
       3.708	 -0.215
       3.712	 -0.255
       3.716	 -0.287
       3.720	 -0.328
       3.724	 -0.360
       3.728	 -0.395
       3.732	 -0.417
       3.736	 -0.438
       3.740	 -0.448
       3.744	 -0.458
       3.748	 -0.455
       3.752	 -0.448
       3.756	 -0.435
       3.760	 -0.427
       3.764	 -0.422
       3.768	 -0.417
       3.772	 -0.415
       3.776	 -0.403
       3.780	 -0.388
       3.784	 -0.365
       3.788	 -0.345
       3.792	 -0.318
       3.796	 -0.287
       3.800	 -0.247
       3.804	 -0.200
       3.808	 -0.152
       3.812	 -0.113
       3.816	 -0.068
       3.820	 -0.015
       3.824	  0.052
       3.828	  0.122
       3.832	  0.205
       3.836	  0.295
       3.840	  0.388
       3.844	  0.482
       3.848	  0.573
       3.852	  0.642
       3.856	  0.710
       3.860	  0.770
       3.864	  0.815
       3.868	  0.853
       3.872	  0.870
       3.876	  0.875
       3.880	  0.875
       3.884	  0.873
       3.888	  0.860
       3.892	  0.830
       3.896	  0.797
       3.900	  0.762
       3.904	  0.715
       3.908	  0.665
       3.912	  0.605
       3.916	  0.545
       3.920	  0.490
       3.924	  0.440
       3.928	  0.372
       3.932	  0.302
       3.936	  0.223
       3.940	  0.147
       3.944	  0.077
       3.948	  0.030
       3.952	 -0.030
       3.956	 -0.087
       3.960	 -0.145
       3.964	 -0.200
       3.968	 -0.250
       3.972	 -0.292
       3.976	 -0.335
       3.980	 -0.375
       3.984	 -0.410
       3.988	 -0.445
       3.992	 -0.465
       3.996	 -0.472
       4.000	 -0.472
       4.004	 -0.458
       4.008	 -0.432
       4.012	 -0.395
       4.016	 -0.360
       4.020	 -0.335
       4.024	 -0.312
       4.028	 -0.297
       4.032	 -0.280
       4.036	 -0.260
       4.040	 -0.237
       4.044	 -0.212
       4.048	 -0.185
       4.052	 -0.158
       4.056	 -0.128
       4.060	 -0.092
       4.064	 -0.052
       4.068	 -0.007
       4.072	  0.043
       4.076	  0.095
       4.080	  0.155
       4.084	  0.225
       4.088	  0.290
       4.092	  0.345
       4.096	  0.393
       4.100	  0.448
       4.104	  0.502
       4.108	  0.568
       4.112	  0.613
       4.116	  0.650
       4.120	  0.667
       4.124	  0.682
       4.128	  0.688
       4.132	  0.695
       4.136	  0.698
       4.140	  0.703
       4.144	  0.698
       4.148	  0.695
       4.152	  0.685
       4.156	  0.667
       4.160	  0.650
       4.164	  0.635
       4.168	  0.623
       4.172	  0.603
       4.176	  0.575
       4.180	  0.550
       4.184	  0.515
       4.188	  0.477
       4.192	  0.432
       4.196	  0.383
       4.200	  0.325
       4.204	  0.258
       4.208	  0.185
       4.212	  0.102
       4.216	  0.028
       4.220	 -0.048
       4.224	 -0.120
       4.228	 -0.205
       4.232	 -0.287
       4.236	 -0.365
       4.240	 -0.432
       4.244	 -0.490
       4.248	 -0.537
       4.252	 -0.573
       4.256	 -0.595
       4.260	 -0.610
       4.264	 -0.620
       4.268	 -0.620
       4.272	 -0.613
       4.276	 -0.598
       4.280	 -0.575
       4.284	 -0.557
       4.288	 -0.547
       4.292	 -0.530
       4.296	 -0.515
       4.300	 -0.490
       4.304	 -0.465
       4.308	 -0.432
       4.312	 -0.403
       4.316	 -0.352
       4.320	 -0.302
       4.324	 -0.250
       4.328	 -0.205
       4.332	 -0.155
       4.336	 -0.105
       4.340	 -0.050
       4.344	  0.000
       4.348	  0.043
       4.352	  0.080
       4.356	  0.113
       4.360	  0.147
       4.364	  0.185
       4.368	  0.230
       4.372	  0.282
       4.376	  0.350
       4.380	  0.420
       4.384	  0.482
       4.388	  0.532
       4.392	  0.562
       4.396	  0.583
       4.400	  0.593
       4.404	  0.593
       4.408	  0.595
       4.412	  0.588
       4.416	  0.570
       4.420	  0.540
       4.424	  0.495
       4.428	  0.448
       4.432	  0.410
       4.436	  0.388
       4.440	  0.367
       4.444	  0.345
       4.448	  0.335
       4.452	  0.328
       4.456	  0.320
       4.460	  0.305
       4.464	  0.285
       4.468	  0.265
       4.472	  0.245
       4.476	  0.225
       4.480	  0.212
       4.484	  0.195
       4.488	  0.170
       4.492	  0.133
       4.496	  0.090
       4.500	  0.048
       4.504	  0.000
       4.508	 -0.035
       4.512	 -0.068
       4.516	 -0.095
       4.520	 -0.117
       4.524	 -0.138
       4.528	 -0.168
       4.532	 -0.185
       4.536	 -0.205
       4.540	 -0.220
       4.544	 -0.233
       4.548	 -0.240
       4.552	 -0.247
       4.556	 -0.253
       4.560	 -0.265
       4.564	 -0.265
       4.568	 -0.268
       4.572	 -0.273
       4.576	 -0.275
       4.580	 -0.275
       4.584	 -0.275
       4.588	 -0.275
       4.592	 -0.273
       4.596	 -0.268
       4.600	 -0.260
       4.604	 -0.255
       4.608	 -0.250
       4.612	 -0.250
       4.616	 -0.245
       4.620	 -0.237
       4.624	 -0.228
       4.628	 -0.217
       4.632	 -0.207
       4.636	 -0.190
       4.640	 -0.168
       4.644	 -0.142
       4.648	 -0.113
       4.652	 -0.083
       4.656	 -0.045
       4.660	  0.003
       4.664	  0.048
       4.668	  0.095
       4.672	  0.135
       4.676	  0.182
       4.680	  0.245
       4.684	  0.328
       4.688	  0.403
       4.692	  0.468
       4.696	  0.510
       4.700	  0.537
       4.704	  0.555
       4.708	  0.575
       4.712	  0.593
       4.716	  0.605
       4.720	  0.605
       4.724	  0.593
       4.728	  0.565
       4.732	  0.537
       4.736	  0.507
       4.740	  0.477
       4.744	  0.427
       4.748	  0.365
       4.752	  0.278
       4.756	  0.193
       4.760	  0.128
       4.764	  0.100
       4.768	  0.092
       4.772	  0.087
       4.776	  0.060
       4.780	  0.020
       4.784	 -0.035
       4.788	 -0.075
       4.792	 -0.107
       4.796	 -0.130
       4.800	 -0.142
       4.804	 -0.147
       4.808	 -0.155
       4.812	 -0.168
       4.816	 -0.182
       4.820	 -0.193
       4.824	 -0.195
       4.828	 -0.203
       4.832	 -0.210
       4.836	 -0.230
       4.840	 -0.253
       4.844	 -0.273
       4.848	 -0.278
       4.852	 -0.270
       4.856	 -0.263
       4.860	 -0.258
       4.864	 -0.250
       4.868	 -0.255
       4.872	 -0.275
       4.876	 -0.290
       4.880	 -0.290
       4.884	 -0.275
       4.888	 -0.245
       4.892	 -0.207
       4.896	 -0.170
       4.900	 -0.135
       4.904	 -0.113
       4.908	 -0.105
       4.912	 -0.120
       4.916	 -0.128
       4.920	 -0.120
       4.924	 -0.090
       4.928	 -0.065
       4.932	 -0.037
       4.936	 -0.015
       4.940	  0.015
       4.944	  0.055
       4.948	  0.113
       4.952	  0.165
       4.956	  0.212
       4.960	  0.247
       4.964	  0.290
       4.968	  0.333
       4.972	  0.367
       4.976	  0.388
       4.980	  0.395
       4.984	  0.407
       4.988	  0.432
       4.992	  0.470
       4.996	  0.502
       5.000	  0.522
       5.004	  0.522
       5.008	  0.515
       5.012	  0.507
       5.016	  0.497
       5.020	  0.485
       5.024	  0.482
       5.028	  0.485
       5.032	  0.487
       5.036	  0.485
       5.040	  0.485
       5.044	  0.477
       5.048	  0.490
       5.052	  0.510
       5.056	  0.522
       5.060	  0.507
       5.064	  0.477
       5.068	  0.420
       5.072	  0.350
       5.076	  0.255
       5.080	  0.170
       5.084	  0.085
       5.088	 -0.020
       5.092	 -0.120
       5.096	 -0.215
       5.100	 -0.292
       5.104	 -0.345
       5.108	 -0.375
       5.112	 -0.395
       5.116	 -0.405
       5.120	 -0.407
       5.124	 -0.395
       5.128	 -0.388
       5.132	 -0.372
       5.136	 -0.362
       5.140	 -0.347
       5.144	 -0.328
       5.148	 -0.297
       5.152	 -0.260
       5.156	 -0.230
       5.160	 -0.203
       5.164	 -0.180
       5.168	 -0.172
       5.172	 -0.177
       5.176	 -0.193
       5.180	 -0.205
       5.184	 -0.212
       5.188	 -0.212
       5.192	 -0.203
       5.196	 -0.185
       5.200	 -0.160
       5.204	 -0.135
       5.208	 -0.110
       5.212	 -0.083
       5.216	 -0.050
       5.220	 -0.013
       5.224	  0.035
       5.228	  0.072
       5.232	  0.110
       5.236	  0.140
       5.240	  0.163
       5.244	  0.175
       5.248	  0.195
       5.252	  0.215
       5.256	  0.235
       5.260	  0.253
       5.264	  0.270
       5.268	  0.282
       5.272	  0.278
       5.276	  0.263
       5.280	  0.255
       5.284	  0.247
       5.288	  0.242
       5.292	  0.237
       5.296	  0.237
       5.300	  0.237
       5.304	  0.217
       5.308	  0.198
       5.312	  0.170
       5.316	  0.140
       5.320	  0.107
       5.324	  0.087
       5.328	  0.065
       5.332	  0.058
       5.336	  0.052
       5.340	  0.058
       5.344	  0.065
       5.348	  0.085
       5.352	  0.102
       5.356	  0.113
       5.360	  0.122
       5.364	  0.125
       5.368	  0.120
       5.372	  0.110
       5.376	  0.080
       5.380	  0.048
       5.384	  0.003
       5.388	 -0.050
       5.392	 -0.105
       5.396	 -0.163
       5.400	 -0.230
       5.404	 -0.302
       5.408	 -0.372
       5.412	 -0.432
       5.416	 -0.482
       5.420	 -0.527
       5.424	 -0.560
       5.428	 -0.588
       5.432	 -0.600
       5.436	 -0.600
       5.440	 -0.590
       5.444	 -0.575
       5.448	 -0.550
       5.452	 -0.522
       5.456	 -0.487
       5.460	 -0.455
       5.464	 -0.420
       5.468	 -0.385
       5.472	 -0.355
       5.476	 -0.325
       5.480	 -0.292
       5.484	 -0.260
       5.488	 -0.230
       5.492	 -0.200
       5.496	 -0.165
       5.500	 -0.120
       5.504	 -0.080
       5.508	 -0.043
       5.512	 -0.013
       5.516	  0.013
       5.520	  0.022
       5.524	  0.035
       5.528	  0.030
       5.532	  0.028
       5.536	  0.013
       5.540	 -0.013
       5.544	 -0.037
       5.548	 -0.055
       5.552	 -0.060
       5.556	 -0.050
       5.560	 -0.035
       5.564	 -0.018
       5.568	  0.000
       5.572	  0.003
       5.576	  0.000
       5.580	  0.005
       5.584	  0.018
       5.588	  0.033
       5.592	  0.050
       5.596	  0.070
       5.600	  0.087
       5.604	  0.102
       5.608	  0.122
       5.612	  0.145
       5.616	  0.170
       5.620	  0.195
       5.624	  0.225
       5.628	  0.253
       5.632	  0.278
       5.636	  0.305
       5.640	  0.328
       5.644	  0.335
       5.648	  0.343
       5.652	  0.350
       5.656	  0.352
       5.660	  0.343
       5.664	  0.323
       5.668	  0.287
       5.672	  0.242
       5.676	  0.180
       5.680	  0.115
       5.684	  0.048
       5.688	 -0.020
       5.692	 -0.070
       5.696	 -0.107
       5.700	 -0.133
       5.704	 -0.160
       5.708	 -0.177
       5.712	 -0.185
       5.716	 -0.180
       5.720	 -0.170
       5.724	 -0.152
       5.728	 -0.138
       5.732	 -0.115
       5.736	 -0.087
       5.740	 -0.048
       5.744	  0.005
       5.748	  0.058
       5.752	  0.105
       5.756	  0.140
       5.760	  0.152
       5.764	  0.152
       5.768	  0.138
       5.772	  0.117
       5.776	  0.092
       5.780	  0.072
       5.784	  0.058
       5.788	  0.045
       5.792	  0.035
       5.796	  0.030
       5.800	  0.028
       5.804	  0.028
       5.808	  0.028
       5.812	  0.037
       5.816	  0.052
       5.820	  0.077
       5.824	  0.113
       5.828	  0.147
       5.832	  0.185
       5.836	  0.215
       5.840	  0.240
       5.844	  0.258
       5.848	  0.268
       5.852	  0.275
       5.856	  0.270
       5.860	  0.258
       5.864	  0.250
       5.868	  0.245
       5.872	  0.245
       5.876	  0.245
       5.880	  0.255
       5.884	  0.268
       5.888	  0.278
       5.892	  0.285
       5.896	  0.285
       5.900	  0.275
       5.904	  0.247
       5.908	  0.203
       5.912	  0.160
       5.916	  0.110
       5.920	  0.058
       5.924	  0.007
       5.928	 -0.060
       5.932	 -0.117
       5.936	 -0.170
       5.940	 -0.225
       5.944	 -0.285
       5.948	 -0.343
       5.952	 -0.410
       5.956	 -0.468
       5.960	 -0.520
       5.964	 -0.573
       5.968	 -0.613
       5.972	 -0.642
       5.976	 -0.655
       5.980	 -0.652
       5.984	 -0.640
       5.988	 -0.610
       5.992	 -0.568
       5.996	 -0.507
       6.000	 -0.450
       6.004	 -0.390
       6.008	 -0.338
       6.012	 -0.282
       6.016	 -0.223
       6.020	 -0.160
       6.024	 -0.087
       6.028	 -0.018
       6.032	  0.058
       6.036	  0.122
       6.040	  0.177
       6.044	  0.223
       6.048	  0.263
       6.052	  0.285
       6.056	  0.310
       6.060	  0.325
       6.064	  0.338
       6.068	  0.345
       6.072	  0.350
       6.076	  0.340
       6.080	  0.328
       6.084	  0.305
       6.088	  0.275
       6.092	  0.250
       6.096	  0.230
       6.100	  0.223
       6.104	  0.215
       6.108	  0.210
       6.112	  0.200
       6.116	  0.193
       6.120	  0.180
       6.124	  0.170
       6.128	  0.152
       6.132	  0.133
       6.136	  0.110
       6.140	  0.095
       6.144	  0.080
       6.148	  0.083
       6.152	  0.092
       6.156	  0.102
       6.160	  0.107
       6.164	  0.110
       6.168	  0.100
       6.172	  0.077
       6.176	  0.048
       6.180	  0.010
       6.184	 -0.037
       6.188	 -0.077
       6.192	 -0.117
       6.196	 -0.140
       6.200	 -0.158
       6.204	 -0.170
       6.208	 -0.175
       6.212	 -0.175
       6.216	 -0.170
       6.220	 -0.168
       6.224	 -0.168
       6.228	 -0.170
       6.232	 -0.177
       6.236	 -0.190
       6.240	 -0.203
       6.244	 -0.225
       6.248	 -0.250
       6.252	 -0.273
       6.256	 -0.285
       6.260	 -0.292
       6.264	 -0.287
       6.268	 -0.270
       6.272	 -0.237
       6.276	 -0.195
       6.280	 -0.140
       6.284	 -0.075
       6.288	 -0.010
       6.292	  0.060
       6.296	  0.125
       6.300	  0.188
       6.304	  0.247
       6.308	  0.312
       6.312	  0.375
       6.316	  0.440
       6.320	  0.492
       6.324	  0.542
       6.328	  0.590
       6.332	  0.640
       6.336	  0.680
       6.340	  0.720
       6.344	  0.743
       6.348	  0.770
       6.352	  0.797
       6.356	  0.823
       6.360	  0.838
       6.364	  0.853
       6.368	  0.853
       6.372	  0.845
       6.376	  0.830
       6.380	  0.805
       6.384	  0.765
       6.388	  0.725
       6.392	  0.672
       6.396	  0.613
       6.400	  0.552
       6.404	  0.492
       6.408	  0.438
       6.412	  0.388
       6.416	  0.338
       6.420	  0.282
       6.424	  0.223
       6.428	  0.155
       6.432	  0.085
       6.436	  0.013
       6.440	 -0.068
       6.444	 -0.145
       6.448	 -0.212
       6.452	 -0.275
       6.456	 -0.330
       6.460	 -0.388
       6.464	 -0.443
       6.468	 -0.495
       6.472	 -0.547
       6.476	 -0.593
       6.480	 -0.627
       6.484	 -0.652
       6.488	 -0.672
       6.492	 -0.688
       6.496	 -0.690
       6.500	 -0.680
       6.504	 -0.662
       6.508	 -0.642
       6.512	 -0.618
       6.516	 -0.590
       6.520	 -0.568
       6.524	 -0.537
       6.528	 -0.507
       6.532	 -0.468
       6.536	 -0.422
       6.540	 -0.365
       6.544	 -0.307
       6.548	 -0.247
       6.552	 -0.185
       6.556	 -0.125
       6.560	 -0.072
       6.564	 -0.018
       6.568	  0.037
       6.572	  0.098
       6.576	  0.163
       6.580	  0.233
       6.584	  0.297
       6.588	  0.355
       6.592	  0.400
       6.596	  0.443
       6.600	  0.480
       6.604	  0.515
       6.608	  0.540
       6.612	  0.568
       6.616	  0.585
       6.620	  0.598
       6.624	  0.605
       6.628	  0.608
       6.632	  0.610
       6.636	  0.608
       6.640	  0.610
       6.644	  0.605
       6.648	  0.598
       6.652	  0.583
       6.656	  0.557
       6.660	  0.522
       6.664	  0.490
       6.668	  0.463
       6.672	  0.440
       6.676	  0.417
       6.680	  0.393
       6.684	  0.365
       6.688	  0.330
       6.692	  0.285
       6.696	  0.237
       6.700	  0.185
       6.704	  0.133
       6.708	  0.087
       6.712	  0.050
       6.716	  0.022
       6.720	 -0.007
       6.724	 -0.030
       6.728	 -0.055
       6.732	 -0.080
       6.736	 -0.107
       6.740	 -0.133
       6.744	 -0.168
       6.748	 -0.198
       6.752	 -0.230
       6.756	 -0.253
       6.760	 -0.270
       6.764	 -0.275
       6.768	 -0.273
       6.772	 -0.265
       6.776	 -0.258
       6.780	 -0.237
       6.784	 -0.215
       6.788	 -0.182
       6.792	 -0.145
       6.796	 -0.098
       6.800	 -0.058
       6.804	 -0.020
       6.808	  0.018
       6.812	  0.052
       6.816	  0.087
       6.820	  0.120
       6.824	  0.150
       6.828	  0.177
       6.832	  0.193
       6.836	  0.193
       6.840	  0.195
       6.844	  0.185
       6.848	  0.177
       6.852	  0.182
       6.856	  0.190
       6.860	  0.200
       6.864	  0.215
       6.868	  0.223
       6.872	  0.225
       6.876	  0.230
       6.880	  0.237
       6.884	  0.253
       6.888	  0.260
       6.892	  0.260
       6.896	  0.260
       6.900	  0.253
       6.904	  0.237
       6.908	  0.223
       6.912	  0.215
       6.916	  0.217
       6.920	  0.223
       6.924	  0.233
       6.928	  0.233
       6.932	  0.225
       6.936	  0.212
       6.940	  0.200
       6.944	  0.182
       6.948	  0.168
       6.952	  0.150
       6.956	  0.135
       6.960	  0.115
       6.964	  0.095
       6.968	  0.072
       6.972	  0.045
       6.976	  0.015
       6.980	 -0.015
       6.984	 -0.040
       6.988	 -0.058
       6.992	 -0.075
       6.996	 -0.087
       7.000	 -0.098
       7.004	 -0.107
       7.008	 -0.113
       7.012	 -0.110
       7.016	 -0.100
       7.020	 -0.087
       7.024	 -0.072
       7.028	 -0.062
       7.032	 -0.058
       7.036	 -0.052
       7.040	 -0.045
       7.044	 -0.040
       7.048	 -0.028
       7.052	 -0.013
       7.056	  0.015
       7.060	  0.030
       7.064	  0.048
       7.068	  0.070
       7.072	  0.090
       7.076	  0.107
       7.080	  0.133
       7.084	  0.158
       7.088	  0.182
       7.092	  0.198
       7.096	  0.203
       7.100	  0.200
       7.104	  0.190
       7.108	  0.172
       7.112	  0.163
       7.116	  0.145
       7.120	  0.122
       7.124	  0.095
       7.128	  0.065
       7.132	  0.028
       7.136	 -0.030
       7.140	 -0.095
       7.144	 -0.150
       7.148	 -0.198
       7.152	 -0.245
       7.156	 -0.285
       7.160	 -0.320
       7.164	 -0.345
       7.168	 -0.365
       7.172	 -0.367
       7.176	 -0.372
       7.180	 -0.372
       7.184	 -0.378
       7.188	 -0.390
       7.192	 -0.410
       7.196	 -0.417
       7.200	 -0.427
       7.204	 -0.427
       7.208	 -0.425
       7.212	 -0.412
       7.216	 -0.398
       7.220	 -0.378
       7.224	 -0.355
       7.228	 -0.330
       7.232	 -0.305
       7.236	 -0.282
       7.240	 -0.253
       7.244	 -0.220
       7.248	 -0.185
       7.252	 -0.142
       7.256	 -0.092
       7.260	 -0.043
       7.264	  0.013
       7.268	  0.060
       7.272	  0.102
       7.276	  0.128
       7.280	  0.158
       7.284	  0.185
       7.288	  0.215
       7.292	  0.242
       7.296	  0.270
       7.300	  0.297
       7.304	  0.328
       7.308	  0.350
       7.312	  0.375
       7.316	  0.403
       7.320	  0.425
       7.324	  0.448
       7.328	  0.470
       7.332	  0.500
       7.336	  0.532
       7.340	  0.568
       7.344	  0.590
       7.348	  0.613
       7.352	  0.625
       7.356	  0.640
       7.360	  0.650
       7.364	  0.665
       7.368	  0.665
       7.372	  0.647
       7.376	  0.608
       7.380	  0.570
       7.384	  0.540
       7.388	  0.517
       7.392	  0.487
       7.396	  0.455
       7.400	  0.412
       7.404	  0.372
       7.408	  0.338
       7.412	  0.312
       7.416	  0.275
       7.420	  0.223
       7.424	  0.147
       7.428	  0.075
       7.432	  0.010
       7.436	 -0.060
       7.440	 -0.117
       7.444	 -0.163
       7.448	 -0.193
       7.452	 -0.230
       7.456	 -0.275
       7.460	 -0.343
       7.464	 -0.415
       7.468	 -0.475
       7.472	 -0.512
       7.476	 -0.535
       7.480	 -0.537
       7.484	 -0.540
       7.488	 -0.552
       7.492	 -0.575
       7.496	 -0.590
       7.500	 -0.603
       7.504	 -0.615
       7.508	 -0.632
       7.512	 -0.642
       7.516	 -0.630
       7.520	 -0.593
       7.524	 -0.537
       7.528	 -0.472
       7.532	 -0.415
       7.536	 -0.365
       7.540	 -0.300
       7.544	 -0.237
       7.548	 -0.175
       7.552	 -0.125
       7.556	 -0.077
       7.560	 -0.035
       7.564	  0.015
       7.568	  0.065
       7.572	  0.130
       7.576	  0.193
       7.580	  0.247
       7.584	  0.305
       7.588	  0.367
       7.592	  0.420
       7.596	  0.477
       7.600	  0.532
       7.604	  0.583
       7.608	  0.618
       7.612	  0.652
       7.616	  0.682
       7.620	  0.713
       7.624	  0.733
       7.628	  0.738
       7.632	  0.705
       7.636	  0.650
       7.640	  0.595
       7.644	  0.562
       7.648	  0.552
       7.652	  0.552
       7.656	  0.552
       7.660	  0.545
       7.664	  0.542
       7.668	  0.550
       7.672	  0.570
       7.676	  0.585
       7.680	  0.593
       7.684	  0.585
       7.688	  0.545
       7.692	  0.477
       7.696	  0.410
       7.700	  0.365
       7.704	  0.330
       7.708	  0.287
       7.712	  0.237
       7.716	  0.185
       7.720	  0.115
       7.724	  0.037
       7.728	 -0.045
       7.732	 -0.138
       7.736	 -0.240
       7.740	 -0.335
       7.744	 -0.407
       7.748	 -0.455
       7.752	 -0.492
       7.756	 -0.537
       7.760	 -0.608
       7.764	 -0.688
       7.768	 -0.767
       7.772	 -0.828
       7.776	 -0.870
       7.780	 -0.897
       7.784	 -0.915
       7.788	 -0.922
       7.792	 -0.922
       7.796	 -0.912
       7.800	 -0.900
       7.804	 -0.877
       7.808	 -0.848
       7.812	 -0.797
       7.816	 -0.740
       7.820	 -0.677
       7.824	 -0.618
       7.828	 -0.552
       7.832	 -0.487
       7.836	 -0.422
       7.840	 -0.347
       7.844	 -0.268
       7.848	 -0.177
       7.852	 -0.083
       7.856	  0.020
       7.860	  0.117
       7.864	  0.215
       7.868	  0.305
       7.872	  0.390
       7.876	  0.463
       7.880	  0.527
       7.884	  0.585
       7.888	  0.635
       7.892	  0.672
       7.896	  0.703
       7.900	  0.725
       7.904	  0.740
       7.908	  0.745
       7.912	  0.752
       7.916	  0.762
       7.920	  0.765
       7.924	  0.767
       7.928	  0.767
       7.932	  0.762
       7.936	  0.748
       7.940	  0.730
       7.944	  0.705
       7.948	  0.677
       7.952	  0.642
       7.956	  0.603
       7.960	  0.547
       7.964	  0.492
       7.968	  0.438
       7.972	  0.372
       7.976	  0.305
       7.980	  0.237
       7.984	  0.165
       7.988	  0.102
       7.992	  0.037
       7.996	 -0.018
       8.000	 -0.055
       8.004	 -0.083
       8.008	 -0.105
       8.012	 -0.113
       8.016	 -0.117
       8.020	 -0.120
       8.024	 -0.128
       8.028	 -0.140
       8.032	 -0.165
       8.036	 -0.205
       8.040	 -0.255
       8.044	 -0.302
       8.048	 -0.352
       8.052	 -0.407
       8.056	 -0.455
       8.060	 -0.510
       8.064	 -0.562
       8.068	 -0.610
       8.072	 -0.642
       8.076	 -0.657
       8.080	 -0.650
       8.084	 -0.630
       8.088	 -0.605
       8.092	 -0.583
       8.096	 -0.552
       8.100	 -0.515
       8.104	 -0.477
       8.108	 -0.435
       8.112	 -0.388
       8.116	 -0.328
       8.120	 -0.270
       8.124	 -0.200
       8.128	 -0.128
       8.132	 -0.048
       8.136	  0.043
       8.140	  0.117
       8.144	  0.193
       8.148	  0.282
       8.152	  0.372
       8.156	  0.465
       8.160	  0.547
       8.164	  0.620
       8.168	  0.680
       8.172	  0.725
       8.176	  0.748
       8.180	  0.750
       8.184	  0.733
       8.188	  0.705
       8.192	  0.670
       8.196	  0.635
       8.200	  0.598
       8.204	  0.555
       8.208	  0.507
       8.212	  0.465
       8.216	  0.417
       8.220	  0.365
       8.224	  0.302
       8.228	  0.240
       8.232	  0.160
       8.236	  0.087
       8.240	  0.003
       8.244	 -0.080
       8.248	 -0.147
       8.252	 -0.210
       8.256	 -0.260
       8.260	 -0.305
       8.264	 -0.338
       8.268	 -0.360
       8.272	 -0.372
       8.276	 -0.380
       8.280	 -0.370
       8.284	 -0.352
       8.288	 -0.328
       8.292	 -0.297
       8.296	 -0.260
       8.300	 -0.217
       8.304	 -0.177
       8.308	 -0.142
       8.312	 -0.113
       8.316	 -0.087
       8.320	 -0.072
       8.324	 -0.062
       8.328	 -0.058
       8.332	 -0.052
       8.336	 -0.058
       8.340	 -0.065
       8.344	 -0.077
       8.348	 -0.087
       8.352	 -0.098
       8.356	 -0.102
       8.360	 -0.110
       8.364	 -0.113
       8.368	 -0.110
       8.372	 -0.090
       8.376	 -0.065
       8.380	 -0.028
       8.384	  0.013
       8.388	  0.043
       8.392	  0.050
       8.396	  0.048
       8.400	  0.037
       8.404	  0.037
       8.408	  0.045
       8.412	  0.070
       8.416	  0.100
       8.420	  0.133
       8.424	  0.152
       8.428	  0.170
       8.432	  0.177
       8.436	  0.172
       8.440	  0.170
       8.444	  0.180
       8.448	  0.198
       8.452	  0.207
       8.456	  0.210
       8.460	  0.200
       8.464	  0.193
       8.468	  0.195
       8.472	  0.210
       8.476	  0.225
       8.480	  0.245
       8.484	  0.265
       8.488	  0.280
       8.492	  0.290
       8.496	  0.297
       8.500	  0.302
       8.504	  0.305
       8.508	  0.297
       8.512	  0.285
       8.516	  0.263
       8.520	  0.230
       8.524	  0.198
       8.528	  0.170
       8.532	  0.152
       8.536	  0.135
       8.540	  0.125
       8.544	  0.117
       8.548	  0.110
       8.552	  0.105
       8.556	  0.107
       8.560	  0.107
       8.564	  0.117
       8.568	  0.120
       8.572	  0.122
       8.576	  0.110
       8.580	  0.090
       8.584	  0.058
       8.588	  0.028
       8.592	 -0.020
       8.596	 -0.052
       8.600	 -0.085
       8.604	 -0.105
       8.608	 -0.128
       8.612	 -0.145
       8.616	 -0.163
       8.620	 -0.177
       8.624	 -0.205
       8.628	 -0.228
       8.632	 -0.253
       8.636	 -0.268
       8.640	 -0.278
       8.644	 -0.280
       8.648	 -0.282
       8.652	 -0.287
       8.656	 -0.282
       8.660	 -0.275
       8.664	 -0.260
       8.668	 -0.245
       8.672	 -0.220
       8.676	 -0.200
       8.680	 -0.170
       8.684	 -0.147
       8.688	 -0.133
       8.692	 -0.130
       8.696	 -0.130
       8.700	 -0.133
       8.704	 -0.133
       8.708	 -0.128
       8.712	 -0.115
       8.716	 -0.098
       8.720	 -0.080
       8.724	 -0.070
       8.728	 -0.065
       8.732	 -0.062
       8.736	 -0.062
       8.740	 -0.055
       8.744	 -0.043
       8.748	 -0.030
       8.752	 -0.020
       8.756	 -0.007
       8.760	  0.013
       8.764	  0.035
       8.768	  0.065
       8.772	  0.102
       8.776	  0.133
       8.780	  0.172
       8.784	  0.210
       8.788	  0.245
       8.792	  0.265
       8.796	  0.285
       8.800	  0.297
       8.804	  0.305
       8.808	  0.302
       8.812	  0.307
       8.816	  0.312
       8.820	  0.312
       8.824	  0.312
       8.828	  0.305
       8.832	  0.295
       8.836	  0.278
       8.840	  0.255
       8.844	  0.230
       8.848	  0.207
       8.852	  0.190
       8.856	  0.177
       8.860	  0.165
       8.864	  0.152
       8.868	  0.138
       8.872	  0.125
       8.876	  0.107
       8.880	  0.095
       8.884	  0.095
       8.888	  0.095
       8.892	  0.095
       8.896	  0.100
       8.900	  0.105
       8.904	  0.105
       8.908	  0.100
       8.912	  0.095
       8.916	  0.087
       8.920	  0.085
       8.924	  0.080
       8.928	  0.075
       8.932	  0.072
       8.936	  0.072
       8.940	  0.077
       8.944	  0.087
       8.948	  0.107
       8.952	  0.133
       8.956	  0.165
       8.960	  0.193
       8.964	  0.217
       8.968	  0.230
       8.972	  0.233
       8.976	  0.235
       8.980	  0.247
       8.984	  0.260
       8.988	  0.270
       8.992	  0.263
       8.996	  0.250
       9.000	  0.228
       9.004	  0.207
       9.008	  0.195
       9.012	  0.193
       9.016	  0.198
       9.020	  0.203
       9.024	  0.205
       9.028	  0.207
       9.032	  0.207
       9.036	  0.210
       9.040	  0.220
       9.044	  0.245
       9.048	  0.265
       9.052	  0.270
       9.056	  0.260
       9.060	  0.237
       9.064	  0.200
       9.068	  0.147
       9.072	  0.092
       9.076	  0.028
       9.080	 -0.018
       9.084	 -0.043
       9.088	 -0.058
       9.092	 -0.070
       9.096	 -0.075
       9.100	 -0.072
       9.104	 -0.058
       9.108	 -0.035
       9.112	 -0.013
       9.116	  0.007
       9.120	  0.022
       9.124	  0.037
       9.128	  0.052
       9.132	  0.068
       9.136	  0.075
       9.140	  0.087
       9.144	  0.110
       9.148	  0.140
       9.152	  0.155
       9.156	  0.140
       9.160	  0.120
       9.164	  0.105
       9.168	  0.095
       9.172	  0.090
       9.176	  0.083
       9.180	  0.080
       9.184	  0.087
       9.188	  0.102
       9.192	  0.068
       9.196	  0.030
       9.200	  0.005
       9.204	  0.005
       9.208	  0.015
       9.212	  0.033
       9.216	  0.028
       9.220	  0.013
       9.224	 -0.018
       9.228	 -0.043
       9.232	 -0.075
       9.236	 -0.110
       9.240	 -0.135
       9.244	 -0.150
       9.248	 -0.163
       9.252	 -0.170
       9.256	 -0.165
       9.260	 -0.135
       9.264	 -0.095
       9.268	 -0.050
       9.272	  0.013
       9.276	  0.065
       9.280	  0.117
       9.284	  0.165
       9.288	  0.198
       9.292	  0.215
       9.296	  0.233
       9.300	  0.247
       9.304	  0.268
       9.308	  0.290
       9.312	  0.315
       9.316	  0.328
       9.320	  0.330
       9.324	  0.323
       9.328	  0.318
       9.332	  0.307
       9.336	  0.285
       9.340	  0.242
       9.344	  0.185
       9.348	  0.117
       9.352	  0.045
       9.356	 -0.028
       9.360	 -0.087
       9.364	 -0.128
       9.368	 -0.155
       9.372	 -0.163
       9.376	 -0.170
       9.380	 -0.170
       9.384	 -0.177
       9.388	 -0.185
       9.392	 -0.215
       9.396	 -0.245
       9.400	 -0.273
       9.404	 -0.282
       9.408	 -0.278
       9.412	 -0.250
       9.416	 -0.220
       9.420	 -0.190
       9.424	 -0.165
       9.428	 -0.133
       9.432	 -0.102
       9.436	 -0.068
       9.440	 -0.035
       9.444	  0.010
       9.448	  0.045
       9.452	  0.075
       9.456	  0.098
       9.460	  0.107
       9.464	  0.102
       9.468	  0.083
       9.472	  0.060
       9.476	  0.025
       9.480	 -0.015
       9.484	 -0.043
       9.488	 -0.065
       9.492	 -0.087
       9.496	 -0.095
       9.500	 -0.100
       9.504	 -0.102
       9.508	 -0.102
       9.512	 -0.087
       9.516	 -0.065
       9.520	 -0.043
       9.524	 -0.013
       9.528	  0.028
       9.532	  0.062
       9.536	  0.102
       9.540	  0.140
       9.544	  0.182
       9.548	  0.228
       9.552	  0.265
       9.556	  0.297
       9.560	  0.320
       9.564	  0.340
       9.568	  0.352
       9.572	  0.372
       9.576	  0.388
       9.580	  0.398
       9.584	  0.400
       9.588	  0.403
       9.592	  0.395
       9.596	  0.398
       9.600	  0.393
       9.604	  0.388
       9.608	  0.372
       9.612	  0.357
       9.616	  0.335
       9.620	  0.312
       9.624	  0.282
       9.628	  0.253
       9.632	  0.215
       9.636	  0.177
       9.640	  0.135
       9.644	  0.095
       9.648	  0.052
       9.652	  0.007
       9.656	 -0.037
       9.660	 -0.072
       9.664	 -0.098
       9.668	 -0.113
       9.672	 -0.115
       9.676	 -0.110
       9.680	 -0.092
       9.684	 -0.055
       9.688	  0.003
       9.692	  0.058
       9.696	  0.110
       9.700	  0.152
       9.704	  0.180
       9.708	  0.193
       9.712	  0.182
       9.716	  0.150
       9.720	  0.095
       9.724	  0.028
       9.728	 -0.052
       9.732	 -0.125
       9.736	 -0.193
       9.740	 -0.255
       9.744	 -0.302
       9.748	 -0.343
       9.752	 -0.378
       9.756	 -0.412
       9.760	 -0.448
       9.764	 -0.475
       9.768	 -0.492
       9.772	 -0.510
       9.776	 -0.532
       9.780	 -0.542
       9.784	 -0.537
       9.788	 -0.517
       9.792	 -0.500
       9.796	 -0.477
       9.800	 -0.472
       9.804	 -0.465
       9.808	 -0.460
       9.812	 -0.448
       9.816	 -0.440
       9.820	 -0.430
       9.824	 -0.427
       9.828	 -0.425
       9.832	 -0.432
       9.836	 -0.440
       9.840	 -0.455
       9.844	 -0.463
       9.848	 -0.458
       9.852	 -0.455
       9.856	 -0.448
       9.860	 -0.440
       9.864	 -0.427
       9.868	 -0.417
       9.872	 -0.403
       9.876	 -0.388
       9.880	 -0.372
       9.884	 -0.365
       9.888	 -0.357
       9.892	 -0.357
       9.896	 -0.352
       9.900	 -0.345
       9.904	 -0.335
       9.908	 -0.323
       9.912	 -0.302
       9.916	 -0.280
       9.920	 -0.260
       9.924	 -0.253
       9.928	 -0.240
       9.932	 -0.223
       9.936	 -0.198
       9.940	 -0.163
       9.944	 -0.122
       9.948	 -0.080
       9.952	 -0.040
       9.956	  0.007
       9.960	  0.050
       9.964	  0.087
       9.968	  0.110
       9.972	  0.135
       9.976	  0.155
       9.980	  0.182
       9.984	  0.207
       9.988	  0.240
       9.992	  0.275
       9.996	  0.323
