Elapsed_time	ECG
       0.000	  1.982
       0.004	  2.010
       0.008	  2.005
       0.012	  1.960
       0.016	  1.873
       0.020	  1.775
       0.024	  1.650
       0.028	  1.528
       0.032	  1.413
       0.036	  1.290
       0.040	  1.180
       0.044	  1.065
       0.048	  0.925
       0.052	  0.762
       0.056	  0.605
       0.060	  0.412
       0.064	  0.250
       0.068	  0.083
       0.072	 -0.083
       0.076	 -0.255
       0.080	 -0.405
       0.084	 -0.550
       0.088	 -0.688
       0.092	 -0.843
       0.096	 -0.965
       0.100	 -1.087
       0.104	 -1.170
       0.108	 -1.280
       0.112	 -1.390
       0.116	 -1.515
       0.120	 -1.643
       0.124	 -1.760
       0.128	 -1.853
       0.132	 -1.940
       0.136	 -2.038
       0.140	 -2.125
       0.144	 -2.190
       0.148	 -2.237
       0.152	 -2.270
       0.156	 -2.265
       0.160	 -2.257
       0.164	 -2.220
       0.168	 -2.172
       0.172	 -2.092
       0.176	 -2.010
       0.180	 -1.907
       0.184	 -1.812
       0.188	 -1.675
       0.192	 -1.542
       0.196	 -1.417
       0.200	 -1.310
       0.204	 -1.192
       0.208	 -1.087
       0.212	 -0.955
       0.216	 -0.833
       0.220	 -0.713
       0.224	 -0.593
       0.228	 -0.468
       0.232	 -0.328
       0.236	 -0.182
       0.240	 -0.028
       0.244	  0.117
       0.248	  0.235
       0.252	  0.340
       0.256	  0.470
       0.260	  0.605
       0.264	  0.752
       0.268	  0.877
       0.272	  1.005
       0.276	  1.090
       0.280	  1.180
       0.284	  1.265
       0.288	  1.373
       0.292	  1.455
       0.296	  1.555
       0.300	  1.633
       0.304	  1.715
       0.308	  1.760
       0.312	  1.802
       0.316	  1.843
       0.320	  1.885
       0.324	  1.907
       0.328	  1.945
       0.332	  1.982
       0.336	  2.035
       0.340	  2.098
       0.344	  2.125
       0.348	  2.152
       0.352	  2.090
       0.356	  2.022
       0.360	  1.950
       0.364	  1.885
       0.368	  1.780
       0.372	  1.692
       0.376	  1.567
       0.380	  1.450
       0.384	  1.323
       0.388	  1.235
       0.392	  1.097
       0.396	  0.935
       0.400	  0.785
       0.404	  0.598
       0.408	  0.383
       0.412	  0.210
       0.416	  0.028
       0.420	 -0.158
       0.424	 -0.312
       0.428	 -0.450
       0.432	 -0.580
       0.436	 -0.718
       0.440	 -0.850
       0.444	 -0.993
       0.448	 -1.103
       0.452	 -1.228
       0.456	 -1.330
       0.460	 -1.468
       0.464	 -1.603
       0.468	 -1.722
       0.472	 -1.790
       0.476	 -1.877
       0.480	 -1.955
       0.484	 -2.033
       0.488	 -2.072
       0.492	 -2.115
       0.496	 -2.110
       0.500	 -2.100
       0.504	 -2.092
       0.508	 -2.062
       0.512	 -2.015
       0.516	 -1.960
       0.520	 -1.885
       0.524	 -1.812
       0.528	 -1.705
       0.532	 -1.597
       0.536	 -1.502
       0.540	 -1.385
       0.544	 -1.275
       0.548	 -1.163
       0.552	 -1.042
       0.556	 -0.932
       0.560	 -0.835
       0.564	 -0.735
       0.568	 -0.647
       0.572	 -0.520
       0.576	 -0.388
       0.580	 -0.235
       0.584	 -0.100
       0.588	  0.075
       0.592	  0.185
       0.596	  0.300
       0.600	  0.372
       0.604	  0.470
       0.608	  0.568
       0.612	  0.698
       0.616	  0.845
       0.620	  0.945
       0.624	  1.045
       0.628	  1.103
       0.632	  1.185
       0.636	  1.300
       0.640	  1.420
       0.644	  1.472
       0.648	  1.555
       0.652	  1.623
       0.656	  1.680
       0.660	  1.740
       0.664	  1.775
       0.668	  1.775
       0.672	  1.815
       0.676	  1.840
       0.680	  1.895
       0.684	  1.970
       0.688	  2.027
       0.692	  2.062
       0.696	  2.053
       0.700	  2.015
       0.704	  1.960
       0.708	  1.843
       0.712	  1.750
       0.716	  1.633
       0.720	  1.510
       0.724	  1.390
       0.728	  1.310
       0.732	  1.225
       0.736	  1.117
       0.740	  0.965
       0.744	  0.787
       0.748	  0.613
       0.752	  0.378
       0.756	  0.193
       0.760	  0.007
       0.764	 -0.168
       0.768	 -0.300
       0.772	 -0.378
       0.776	 -0.465
       0.780	 -0.570
       0.784	 -0.690
       0.788	 -0.757
       0.792	 -0.805
       0.796	 -0.882
       0.800	 -0.953
       0.804	 -1.015
       0.808	 -1.075
       0.812	 -1.135
       0.816	 -1.200
       0.820	 -1.225
       0.824	 -1.285
       0.828	 -1.377
       0.832	 -1.488
       0.836	 -1.575
       0.840	 -1.670
       0.844	 -1.725
       0.848	 -1.752
       0.852	 -1.785
       0.856	 -1.778
       0.860	 -1.748
       0.864	 -1.680
       0.868	 -1.657
       0.872	 -1.610
       0.876	 -1.512
       0.880	 -1.413
       0.884	 -1.300
       0.888	 -1.180
       0.892	 -1.090
       0.896	 -0.978
       0.900	 -0.882
       0.904	 -0.762
       0.908	 -0.675
       0.912	 -0.542
       0.916	 -0.443
       0.920	 -0.375
       0.924	 -0.278
       0.928	 -0.182
       0.932	  0.018
       0.936	  0.263
       0.940	  0.410
       0.944	  0.477
       0.948	  0.560
       0.952	  0.650
       0.956	  0.790
       0.960	  0.825
       0.964	  0.890
       0.968	  1.028
       0.972	  1.180
       0.976	  1.235
       0.980	  1.252
       0.984	  1.323
       0.988	  1.440
       0.992	  1.505
       0.996	  1.540
       1.000	  1.585
       1.004	  1.620
       1.008	  1.647
       1.012	  1.677
       1.016	  1.665
       1.020	  1.670
       1.024	  1.660
       1.028	  1.637
       1.032	  1.623
       1.036	  1.620
       1.040	  1.670
       1.044	  1.708
       1.048	  1.740
       1.052	  1.730
       1.056	  1.705
       1.060	  1.675
       1.064	  1.643
       1.068	  1.555
       1.072	  1.423
       1.076	  1.327
       1.080	  1.268
       1.084	  1.190
       1.088	  1.143
       1.092	  0.983
       1.096	  0.840
       1.100	  0.713
       1.104	  0.585
       1.108	  0.405
       1.112	  0.223
       1.116	  0.043
       1.120	 -0.140
       1.124	 -0.318
       1.128	 -0.477
       1.132	 -0.647
       1.136	 -0.833
       1.140	 -1.008
       1.144	 -1.115
       1.148	 -1.212
       1.152	 -1.377
       1.156	 -1.492
       1.160	 -1.558
       1.164	 -1.650
       1.168	 -1.775
       1.172	 -1.873
       1.176	 -1.980
       1.180	 -1.980
       1.184	 -2.035
       1.188	 -2.092
       1.192	 -2.147
       1.196	 -2.175
       1.200	 -2.208
       1.204	 -2.228
       1.208	 -2.228
       1.212	 -2.155
       1.216	 -2.090
       1.220	 -2.000
       1.224	 -1.900
       1.228	 -1.802
       1.232	 -1.688
       1.236	 -1.570
       1.240	 -1.433
       1.244	 -1.292
       1.248	 -1.157
       1.252	 -1.048
       1.256	 -0.945
       1.260	 -0.905
       1.264	 -0.790
       1.268	 -0.812
       1.272	 -1.062
       1.276	 -1.268
       1.280	 -1.165
       1.284	 -0.973
       1.288	 -0.695
       1.292	 -0.393
       1.296	 -0.200
       1.300	 -0.075
       1.304	  0.113
       1.308	  0.285
       1.312	  0.412
       1.316	  0.475
       1.320	  0.557
       1.324	  0.652
       1.328	  0.725
       1.332	  0.767
       1.336	  0.828
       1.340	  0.922
       1.344	  0.988
       1.348	  1.045
       1.352	  1.120
       1.356	  1.235
       1.360	  1.312
       1.364	  1.367
       1.368	  1.400
       1.372	  1.460
       1.376	  1.488
       1.380	  1.512
       1.384	  1.520
       1.388	  1.570
       1.392	  1.623
       1.396	  1.677
       1.400	  1.722
       1.404	  1.742
       1.408	  1.702
       1.412	  1.613
       1.416	  1.528
       1.420	  1.445
       1.424	  1.347
       1.428	  1.262
       1.432	  1.155
       1.436	  1.015
       1.440	  0.907
       1.444	  0.833
       1.448	  0.757
       1.452	  0.632
       1.456	  0.470
       1.460	  0.285
       1.464	  0.125
       1.468	 -0.058
       1.472	 -0.182
       1.476	 -0.333
       1.480	 -0.487
       1.484	 -0.657
       1.488	 -0.825
       1.492	 -0.970
       1.496	 -1.073
       1.500	 -1.173
       1.504	 -1.252
       1.508	 -1.365
       1.512	 -1.485
       1.516	 -1.610
       1.520	 -1.708
       1.524	 -1.785
       1.528	 -1.877
       1.532	 -1.968
       1.536	 -2.050
       1.540	 -2.135
       1.544	 -2.192
       1.548	 -2.208
       1.552	 -2.228
       1.556	 -2.215
       1.560	 -2.215
       1.564	 -2.192
       1.568	 -2.165
       1.572	 -2.098
       1.576	 -2.025
       1.580	 -1.927
       1.584	 -1.835
       1.588	 -1.725
       1.592	 -1.637
       1.596	 -1.520
       1.600	 -1.393
       1.604	 -1.268
       1.608	 -1.153
       1.612	 -1.032
       1.616	 -0.932
       1.620	 -0.863
       1.624	 -0.743
       1.628	 -0.625
       1.632	 -0.522
       1.636	 -0.415
       1.640	 -0.310
       1.644	 -0.217
       1.648	 -0.085
       1.652	  0.045
       1.656	  0.158
       1.660	  0.258
       1.664	  0.388
       1.668	  0.510
       1.672	  0.615
       1.676	  0.698
       1.680	  0.800
       1.684	  0.890
       1.688	  1.020
       1.692	  1.097
       1.696	  1.147
       1.700	  1.185
       1.704	  1.255
       1.708	  1.337
       1.712	  1.413
       1.716	  1.455
       1.720	  1.500
       1.724	  1.555
       1.728	  1.595
       1.732	  1.647
       1.736	  1.685
       1.740	  1.725
       1.744	  1.758
       1.748	  1.798
       1.752	  1.825
       1.756	  1.833
       1.760	  1.780
       1.764	  1.725
       1.768	  1.633
       1.772	  1.548
       1.776	  1.445
       1.780	  1.350
       1.784	  1.235
       1.788	  1.145
       1.792	  1.048
       1.796	  0.943
       1.800	  0.815
       1.804	  0.667
       1.808	  0.505
       1.812	  0.347
       1.816	  0.165
       1.820	 -0.028
       1.824	 -0.180
       1.828	 -0.310
       1.832	 -0.412
       1.836	 -0.530
       1.840	 -0.675
       1.844	 -0.812
       1.848	 -0.887
       1.852	 -0.978
       1.856	 -1.048
       1.860	 -1.155
       1.864	 -1.272
       1.868	 -1.403
       1.872	 -1.475
       1.876	 -1.570
       1.880	 -1.640
       1.884	 -1.722
       1.888	 -1.768
       1.892	 -1.840
       1.896	 -1.905
       1.900	 -1.960
       1.904	 -1.990
       1.908	 -2.018
       1.912	 -2.022
       1.916	 -2.018
       1.920	 -1.980
       1.924	 -1.915
       1.928	 -1.850
       1.932	 -1.768
       1.936	 -1.695
       1.940	 -1.597
       1.944	 -1.495
       1.948	 -1.375
       1.952	 -1.262
       1.956	 -1.137
       1.960	 -1.035
       1.964	 -0.922
       1.968	 -0.828
       1.972	 -0.715
       1.976	 -0.625
       1.980	 -0.525
       1.984	 -0.448
       1.988	 -0.330
       1.992	 -0.250
       1.996	 -0.152
       2.000	 -0.058
       2.004	  0.062
       2.008	  0.138
       2.012	  0.230
       2.016	  0.333
       2.020	  0.450
       2.024	  0.568
       2.028	  0.680
       2.032	  0.780
       2.036	  0.870
       2.040	  0.965
       2.044	  1.048
       2.048	  1.135
       2.052	  1.190
       2.056	  1.248
       2.060	  1.308
       2.064	  1.395
       2.068	  1.445
       2.072	  1.512
       2.076	  1.567
       2.080	  1.625
       2.084	  1.675
       2.088	  1.742
       2.092	  1.778
       2.096	  1.843
       2.100	  1.895
       2.104	  1.880
       2.108	  1.833
       2.112	  1.762
       2.116	  1.712
       2.120	  1.625
       2.124	  1.520
       2.128	  1.438
       2.132	  1.345
       2.136	  1.225
       2.140	  1.192
       2.144	  1.062
       2.148	  0.900
       2.152	  0.772
       2.156	  0.660
       2.160	  0.477
       2.164	  0.302
       2.168	  0.135
       2.172	 -0.037
       2.176	 -0.165
       2.180	 -0.282
       2.184	 -0.415
       2.188	 -0.550
       2.192	 -0.730
       2.196	 -0.845
       2.200	 -0.917
       2.204	 -0.983
       2.208	 -1.045
       2.212	 -1.157
       2.216	 -1.275
       2.220	 -1.375
       2.224	 -1.488
       2.228	 -1.577
       2.232	 -1.643
       2.236	 -1.695
       2.240	 -1.758
       2.244	 -1.833
       2.248	 -1.887
       2.252	 -1.960
       2.256	 -1.990
       2.260	 -1.968
       2.264	 -1.885
       2.268	 -1.798
       2.272	 -1.720
       2.276	 -1.643
       2.280	 -1.530
       2.284	 -1.482
       2.288	 -1.365
       2.292	 -1.252
       2.296	 -1.125
       2.300	 -1.035
       2.304	 -0.897
       2.308	 -0.812
       2.312	 -0.685
       2.316	 -0.585
       2.320	 -0.485
       2.324	 -0.355
       2.328	 -0.263
       2.332	 -0.180
       2.336	 -0.090
       2.340	  0.030
       2.344	  0.158
       2.348	  0.273
       2.352	  0.338
       2.356	  0.388
       2.360	  0.468
       2.364	  0.565
       2.368	  0.680
       2.372	  0.780
       2.376	  0.868
       2.380	  0.983
       2.384	  1.083
       2.388	  1.185
       2.392	  1.275
       2.396	  1.357
       2.400	  1.413
       2.404	  1.475
       2.408	  1.532
       2.412	  1.587
       2.416	  1.625
       2.420	  1.667
       2.424	  1.715
       2.428	  1.712
       2.432	  1.702
       2.436	  1.760
       2.440	  1.863
       2.444	  1.913
       2.448	  1.978
       2.452	  2.010
       2.456	  2.015
       2.460	  1.940
       2.464	  1.877
       2.468	  1.785
       2.472	  1.657
       2.476	  1.495
       2.480	  1.383
       2.484	  1.198
       2.488	  1.087
       2.492	  0.978
       2.496	  0.835
       2.500	  0.662
       2.504	  0.502
       2.508	  0.285
       2.512	  0.128
       2.516	 -0.055
       2.520	 -0.212
       2.524	 -0.388
       2.528	 -0.505
       2.532	 -0.615
       2.536	 -0.770
       2.540	 -0.897
       2.544	 -1.028
       2.548	 -1.202
       2.552	 -1.323
       2.556	 -1.423
       2.560	 -1.515
       2.564	 -1.570
       2.568	 -1.615
       2.572	 -1.643
       2.576	 -1.748
       2.580	 -1.802
       2.584	 -1.857
       2.588	 -1.860
       2.592	 -1.860
       2.596	 -1.845
       2.600	 -1.815
       2.604	 -1.715
       2.608	 -1.647
       2.612	 -1.548
       2.616	 -1.448
       2.620	 -1.373
       2.624	 -1.268
       2.628	 -1.147
       2.632	 -1.020
       2.636	 -0.915
       2.640	 -0.840
       2.644	 -0.735
       2.648	 -0.625
       2.652	 -0.522
       2.656	 -0.393
       2.660	 -0.275
       2.664	 -0.125
       2.668	 -0.058
       2.672	  0.043
       2.676	  0.125
       2.680	  0.223
       2.684	  0.292
       2.688	  0.372
       2.692	  0.410
       2.696	  0.495
       2.700	  0.580
       2.704	  0.677
       2.708	  0.740
       2.712	  0.777
       2.716	  0.825
       2.720	  0.905
       2.724	  1.025
       2.728	  1.110
       2.732	  1.220
       2.736	  1.337
       2.740	  1.420
       2.744	  1.475
       2.748	  1.528
       2.752	  1.567
       2.756	  1.603
       2.760	  1.613
       2.764	  1.650
       2.768	  1.688
       2.772	  1.735
       2.776	  1.760
       2.780	  1.798
       2.784	  1.830
       2.788	  1.895
       2.792	  1.897
       2.796	  1.915
       2.800	  1.913
       2.804	  1.870
       2.808	  1.758
       2.812	  1.597
       2.816	  1.413
       2.820	  1.210
       2.824	  1.042
       2.828	  0.895
       2.832	  0.740
       2.836	  0.575
       2.840	  0.440
       2.844	  0.318
       2.848	  0.193
       2.852	  0.030
       2.856	 -0.140
       2.860	 -0.295
       2.864	 -0.448
       2.868	 -0.620
       2.872	 -0.745
       2.876	 -0.910
       2.880	 -1.075
       2.884	 -1.235
       2.888	 -1.377
       2.892	 -1.502
       2.896	 -1.587
       2.900	 -1.650
       2.904	 -1.692
       2.908	 -1.758
       2.912	 -1.798
       2.916	 -1.815
       2.920	 -1.812
       2.924	 -1.790
       2.928	 -1.758
       2.932	 -1.712
       2.936	 -1.675
       2.940	 -1.605
       2.944	 -1.540
       2.948	 -1.460
       2.952	 -1.410
       2.956	 -1.330
       2.960	 -1.248
       2.964	 -1.130
       2.968	 -1.038
       2.972	 -0.900
       2.976	 -0.795
       2.980	 -0.695
       2.984	 -0.615
       2.988	 -0.505
       2.992	 -0.415
       2.996	 -0.285
       3.000	 -0.165
       3.004	 -0.048
       3.008	  0.062
       3.012	  0.172
       3.016	  0.290
       3.020	  0.388
       3.024	  0.468
       3.028	  0.537
       3.032	  0.588
       3.036	  0.635
       3.040	  0.685
       3.044	  0.718
       3.048	  0.787
       3.052	  0.850
       3.056	  0.910
       3.060	  0.965
       3.064	  1.025
       3.068	  1.065
       3.072	  1.125
       3.076	  1.180
       3.080	  1.240
       3.084	  1.295
       3.088	  1.400
       3.092	  1.475
       3.096	  1.528
       3.100	  1.558
       3.104	  1.595
       3.108	  1.620
       3.112	  1.637
       3.116	  1.657
       3.120	  1.698
       3.124	  1.748
       3.128	  1.790
       3.132	  1.840
       3.136	  1.860
       3.140	  1.867
       3.144	  1.870
       3.148	  1.890
       3.152	  1.830
       3.156	  1.720
       3.160	  1.530
       3.164	  1.345
       3.168	  1.143
       3.172	  0.963
       3.176	  0.790
       3.180	  0.632
       3.184	  0.468
       3.188	  0.340
       3.192	  0.203
       3.196	  0.070
       3.200	 -0.092
       3.204	 -0.245
       3.208	 -0.412
       3.212	 -0.580
       3.216	 -0.752
       3.220	 -0.917
       3.224	 -1.087
       3.228	 -1.252
       3.232	 -1.417
       3.236	 -1.558
       3.240	 -1.675
       3.244	 -1.775
       3.248	 -1.835
       3.252	 -1.890
       3.256	 -1.935
       3.260	 -2.000
       3.264	 -2.035
       3.268	 -2.055
       3.272	 -2.033
       3.276	 -1.995
       3.280	 -1.933
       3.284	 -1.885
       3.288	 -1.802
       3.292	 -1.732
       3.296	 -1.630
       3.300	 -1.542
       3.304	 -1.433
       3.308	 -1.323
       3.312	 -1.200
       3.316	 -1.073
       3.320	 -0.953
       3.324	 -0.853
       3.328	 -0.745
       3.332	 -0.635
       3.336	 -0.530
       3.340	 -0.405
       3.344	 -0.292
       3.348	 -0.168
       3.352	 -0.065
       3.356	  0.062
       3.360	  0.175
       3.364	  0.278
       3.368	  0.345
       3.372	  0.430
       3.376	  0.487
       3.380	  0.550
       3.384	  0.608
       3.388	  0.695
       3.392	  0.752
       3.396	  0.825
       3.400	  0.895
       3.404	  0.990
       3.408	  1.070
       3.412	  1.145
       3.416	  1.208
       3.420	  1.272
       3.424	  1.335
       3.428	  1.395
       3.432	  1.450
       3.436	  1.488
       3.440	  1.538
       3.444	  1.575
       3.448	  1.615
       3.452	  1.640
       3.456	  1.665
       3.460	  1.680
       3.464	  1.708
       3.468	  1.725
       3.472	  1.768
       3.476	  1.802
       3.480	  1.860
       3.484	  1.900
       3.488	  1.945
       3.492	  1.972
       3.496	  1.998
       3.500	  1.995
       3.504	  1.960
       3.508	  1.870
       3.512	  1.750
       3.516	  1.585
       3.520	  1.417
       3.524	  1.238
       3.528	  1.065
       3.532	  0.895
       3.536	  0.752
       3.540	  0.605
       3.544	  0.440
       3.548	  0.282
       3.552	  0.117
       3.556	 -0.058
       3.560	 -0.230
       3.564	 -0.383
       3.568	 -0.557
       3.572	 -0.713
       3.576	 -0.890
       3.580	 -1.073
       3.584	 -1.252
       3.588	 -1.400
       3.592	 -1.550
       3.596	 -1.647
       3.600	 -1.720
       3.604	 -1.785
       3.608	 -1.843
       3.612	 -1.915
       3.616	 -2.000
       3.620	 -2.050
       3.624	 -2.065
       3.628	 -2.078
       3.632	 -2.045
       3.636	 -2.005
       3.640	 -1.960
       3.644	 -1.913
       3.648	 -1.843
       3.652	 -1.762
       3.656	 -1.695
       3.660	 -1.595
       3.664	 -1.465
       3.668	 -1.330
       3.672	 -1.180
       3.676	 -1.062
       3.680	 -0.973
       3.684	 -0.855
       3.688	 -0.698
       3.692	 -0.557
       3.696	 -0.438
       3.700	 -0.347
       3.704	 -0.223
       3.708	 -0.135
       3.712	  0.018
       3.716	  0.190
       3.720	  0.273
       3.724	  0.345
       3.728	  0.395
       3.732	  0.450
       3.736	  0.487
       3.740	  0.560
       3.744	  0.632
       3.748	  0.715
       3.752	  0.815
       3.756	  0.895
       3.760	  0.978
       3.764	  1.055
       3.768	  1.125
       3.772	  1.218
       3.776	  1.300
       3.780	  1.375
       3.784	  1.403
       3.788	  1.433
       3.792	  1.450
       3.796	  1.475
       3.800	  1.475
       3.804	  1.492
       3.808	  1.532
       3.812	  1.593
       3.816	  1.623
       3.820	  1.660
       3.824	  1.698
       3.828	  1.732
       3.832	  1.740
       3.836	  1.817
       3.840	  1.873
       3.844	  1.887
       3.848	  1.890
       3.852	  1.823
       3.856	  1.722
       3.860	  1.585
       3.864	  1.450
       3.868	  1.285
       3.872	  1.153
       3.876	  0.998
       3.880	  0.870
       3.884	  0.723
       3.888	  0.595
       3.892	  0.395
       3.896	  0.207
       3.900	  0.025
       3.904	 -0.140
       3.908	 -0.305
       3.912	 -0.465
       3.916	 -0.598
       3.920	 -0.757
       3.924	 -0.922
       3.928	 -1.055
       3.932	 -1.163
       3.936	 -1.308
       3.940	 -1.430
       3.944	 -1.520
       3.948	 -1.567
       3.952	 -1.625
       3.956	 -1.650
       3.960	 -1.695
       3.964	 -1.770
       3.968	 -1.873
       3.972	 -1.860
       3.976	 -1.867
       3.980	 -1.817
       3.984	 -1.768
       3.988	 -1.742
       3.992	 -1.692
       3.996	 -1.613
       4.000	 -1.532
       4.004	 -1.472
       4.008	 -1.410
       4.012	 -1.292
       4.016	 -1.143
       4.020	 -0.990
       4.024	 -0.870
       4.028	 -0.772
       4.032	 -0.650
       4.036	 -0.552
       4.040	 -0.448
       4.044	 -0.330
       4.048	 -0.228
       4.052	 -0.107
       4.056	  0.048
       4.060	  0.130
       4.064	  0.203
       4.068	  0.282
       4.072	  0.395
       4.076	  0.477
       4.080	  0.542
       4.084	  0.575
       4.088	  0.642
       4.092	  0.698
       4.096	  0.762
       4.100	  0.843
       4.104	  0.915
       4.108	  0.988
       4.112	  1.070
       4.116	  1.100
       4.120	  1.185
       4.124	  1.282
       4.128	  1.347
       4.132	  1.395
       4.136	  1.413
       4.140	  1.400
       4.144	  1.403
       4.148	  1.440
       4.152	  1.430
       4.156	  1.468
       4.160	  1.520
       4.164	  1.583
       4.168	  1.623
       4.172	  1.643
       4.176	  1.650
       4.180	  1.660
       4.184	  1.625
       4.188	  1.585
       4.192	  1.505
       4.196	  1.445
       4.200	  1.357
       4.204	  1.268
       4.208	  1.145
       4.212	  1.020
       4.216	  0.927
       4.220	  0.825
       4.224	  0.690
       4.228	  0.560
       4.232	  0.440
       4.236	  0.282
       4.240	  0.113
       4.244	 -0.062
       4.248	 -0.255
       4.252	 -0.450
       4.256	 -0.578
       4.260	 -0.690
       4.264	 -0.823
       4.268	 -0.963
       4.272	 -1.065
       4.276	 -1.212
       4.280	 -1.295
       4.284	 -1.403
       4.288	 -1.478
       4.292	 -1.530
       4.296	 -1.585
       4.300	 -1.630
       4.304	 -1.667
       4.308	 -1.735
       4.312	 -1.790
       4.316	 -1.805
       4.320	 -1.790
       4.324	 -1.775
       4.328	 -1.750
       4.332	 -1.667
       4.336	 -1.558
       4.340	 -1.485
       4.344	 -1.405
       4.348	 -1.327
       4.352	 -1.252
       4.356	 -1.097
       4.360	 -0.970
       4.364	 -0.855
       4.368	 -0.757
       4.372	 -0.650
       4.376	 -0.550
       4.380	 -0.468
       4.384	 -0.355
       4.388	 -0.250
       4.392	 -0.172
       4.396	 -0.045
       4.400	  0.058
       4.404	  0.168
       4.408	  0.250
       4.412	  0.357
       4.416	  0.432
       4.420	  0.512
       4.424	  0.585
       4.428	  0.657
       4.432	  0.718
       4.436	  0.757
       4.440	  0.823
       4.444	  0.853
       4.448	  0.882
       4.452	  0.915
       4.456	  0.993
       4.460	  1.097
       4.464	  1.202
       4.468	  1.240
       4.472	  1.292
       4.476	  1.345
       4.480	  1.373
       4.484	  1.385
       4.488	  1.440
       4.492	  1.427
       4.496	  1.420
       4.500	  1.440
       4.504	  1.472
       4.508	  1.475
       4.512	  1.500
       4.516	  1.468
       4.520	  1.458
       4.524	  1.430
       4.528	  1.393
       4.532	  1.373
       4.536	  1.377
       4.540	  1.393
       4.544	  1.345
       4.548	  1.258
       4.552	  1.127
       4.556	  0.938
       4.560	  0.787
       4.564	  0.715
       4.568	  0.652
       4.572	  0.557
       4.576	  0.412
       4.580	  0.247
       4.584	  0.062
       4.588	 -0.128
       4.592	 -0.310
       4.596	 -0.475
       4.600	 -0.625
       4.604	 -0.752
       4.608	 -0.870
       4.612	 -0.980
       4.616	 -1.110
       4.620	 -1.228
       4.624	 -1.340
       4.628	 -1.445
       4.632	 -1.530
       4.636	 -1.623
       4.640	 -1.695
       4.644	 -1.762
       4.648	 -1.798
       4.652	 -1.867
       4.656	 -1.925
       4.660	 -1.982
       4.664	 -2.025
       4.668	 -2.053
       4.672	 -2.018
       4.676	 -1.990
       4.680	 -1.942
       4.684	 -1.900
       4.688	 -1.863
       4.692	 -1.817
       4.696	 -1.740
       4.700	 -1.623
       4.704	 -1.485
       4.708	 -1.350
       4.712	 -1.200
       4.716	 -1.093
       4.720	 -0.998
       4.724	 -0.927
       4.728	 -0.850
       4.732	 -0.713
       4.736	 -0.585
       4.740	 -0.450
       4.744	 -0.340
       4.748	 -0.255
       4.752	 -0.193
       4.756	 -0.083
       4.760	  0.028
       4.764	  0.125
       4.768	  0.190
       4.772	  0.250
       4.776	  0.310
       4.780	  0.395
       4.784	  0.455
       4.788	  0.510
       4.792	  0.568
       4.796	  0.647
       4.800	  0.723
       4.804	  0.800
       4.808	  0.860
       4.812	  0.905
       4.816	  0.953
       4.820	  1.025
       4.824	  1.093
       4.828	  1.155
       4.832	  1.210
       4.836	  1.248
       4.840	  1.268
       4.844	  1.290
       4.848	  1.330
       4.852	  1.363
       4.856	  1.430
       4.860	  1.478
       4.864	  1.532
       4.868	  1.570
       4.872	  1.610
       4.876	  1.587
       4.880	  1.520
       4.884	  1.433
       4.888	  1.350
       4.892	  1.225
       4.896	  1.100
       4.900	  0.980
       4.904	  0.868
       4.908	  0.735
       4.912	  0.632
       4.916	  0.505
       4.920	  0.388
       4.924	  0.273
       4.928	  0.147
       4.932	  0.030
       4.936	 -0.098
       4.940	 -0.212
       4.944	 -0.340
       4.948	 -0.465
       4.952	 -0.613
       4.956	 -0.750
       4.960	 -0.895
       4.964	 -1.032
       4.968	 -1.170
       4.972	 -1.280
       4.976	 -1.400
       4.980	 -1.468
       4.984	 -1.542
       4.988	 -1.595
       4.992	 -1.653
       4.996	 -1.712
       5.000	 -1.802
       5.004	 -1.863
       5.008	 -1.905
       5.012	 -1.913
       5.016	 -1.887
       5.020	 -1.843
       5.024	 -1.788
       5.028	 -1.732
       5.032	 -1.650
       5.036	 -1.570
       5.040	 -1.485
       5.044	 -1.377
       5.048	 -1.240
       5.052	 -1.107
       5.056	 -0.955
       5.060	 -0.863
       5.064	 -0.770
       5.068	 -0.690
       5.072	 -0.588
       5.076	 -0.482
       5.080	 -0.372
       5.084	 -0.282
       5.088	 -0.168
       5.092	 -0.083
       5.096	  0.025
       5.100	  0.120
       5.104	  0.210
       5.108	  0.290
       5.112	  0.360
       5.116	  0.420
       5.120	  0.482
       5.124	  0.537
       5.128	  0.593
       5.132	  0.657
       5.136	  0.730
       5.140	  0.797
       5.144	  0.853
       5.148	  0.910
       5.152	  0.950
       5.156	  1.000
       5.160	  1.055
       5.164	  1.120
       5.168	  1.173
       5.172	  1.228
       5.176	  1.252
       5.180	  1.292
       5.184	  1.320
       5.188	  1.355
       5.192	  1.393
       5.196	  1.440
       5.200	  1.478
       5.204	  1.528
       5.208	  1.550
       5.212	  1.577
       5.216	  1.593
       5.220	  1.587
       5.224	  1.522
       5.228	  1.390
       5.232	  1.235
       5.236	  1.073
       5.240	  0.950
       5.244	  0.823
       5.248	  0.705
       5.252	  0.570
       5.256	  0.458
       5.260	  0.330
       5.264	  0.212
       5.268	  0.102
       5.272	  0.003
       5.276	 -0.138
       5.280	 -0.247
       5.284	 -0.395
       5.288	 -0.547
       5.292	 -0.708
       5.296	 -0.855
       5.300	 -0.993
       5.304	 -1.127
       5.308	 -1.265
       5.312	 -1.363
       5.316	 -1.438
       5.320	 -1.500
       5.324	 -1.565
       5.328	 -1.630
       5.332	 -1.705
       5.336	 -1.770
       5.340	 -1.815
       5.344	 -1.840
       5.348	 -1.825
       5.352	 -1.808
       5.356	 -1.762
       5.360	 -1.708
       5.364	 -1.640
       5.368	 -1.585
       5.372	 -1.512
       5.376	 -1.438
       5.380	 -1.330
       5.384	 -1.225
       5.388	 -1.093
       5.392	 -0.965
       5.396	 -0.833
       5.400	 -0.718
       5.404	 -0.605
       5.408	 -0.510
       5.412	 -0.393
       5.416	 -0.282
       5.420	 -0.158
       5.424	 -0.043
       5.428	  0.075
       5.432	  0.175
       5.436	  0.273
       5.440	  0.365
       5.444	  0.448
       5.448	  0.525
       5.452	  0.578
       5.456	  0.642
       5.460	  0.685
       5.464	  0.743
       5.468	  0.795
       5.472	  0.863
       5.476	  0.905
       5.480	  0.970
       5.484	  1.025
       5.488	  1.100
       5.492	  1.145
       5.496	  1.192
       5.500	  1.255
       5.504	  1.320
       5.508	  1.373
       5.512	  1.417
       5.516	  1.448
       5.520	  1.472
       5.524	  1.495
       5.528	  1.522
       5.532	  1.555
       5.536	  1.567
       5.540	  1.587
       5.544	  1.595
       5.548	  1.615
       5.552	  1.623
       5.556	  1.647
       5.560	  1.633
       5.564	  1.577
       5.568	  1.458
       5.572	  1.330
       5.576	  1.157
       5.580	  0.998
       5.584	  0.828
       5.588	  0.675
       5.592	  0.502
       5.596	  0.328
       5.600	  0.175
       5.604	  0.065
       5.608	 -0.083
       5.612	 -0.228
       5.616	 -0.383
       5.620	 -0.540
       5.624	 -0.695
       5.628	 -0.828
       5.632	 -0.955
       5.636	 -1.110
       5.640	 -1.280
       5.644	 -1.420
       5.648	 -1.515
       5.652	 -1.605
       5.656	 -1.667
       5.660	 -1.735
       5.664	 -1.770
       5.668	 -1.812
       5.672	 -1.840
       5.676	 -1.873
       5.680	 -1.900
       5.684	 -1.907
       5.688	 -1.885
       5.692	 -1.867
       5.696	 -1.805
       5.700	 -1.742
       5.704	 -1.667
       5.708	 -1.623
       5.712	 -1.532
       5.716	 -1.433
       5.720	 -1.335
       5.724	 -1.202
       5.728	 -1.055
       5.732	 -0.960
       5.736	 -0.823
       5.740	 -0.690
       5.744	 -0.552
       5.748	 -0.412
       5.752	 -0.305
       5.756	 -0.175
       5.760	 -0.072
       5.764	  0.052
       5.768	  0.172
       5.772	  0.328
       5.776	  0.440
       5.780	  0.540
       5.784	  0.598
       5.788	  0.657
       5.792	  0.743
       5.796	  0.828
       5.800	  0.897
       5.804	  0.965
       5.808	  0.998
       5.812	  1.075
       5.816	  1.135
       5.820	  1.192
       5.824	  1.258
       5.828	  1.327
       5.832	  1.403
       5.836	  1.482
       5.840	  1.540
       5.844	  1.593
       5.848	  1.637
       5.852	  1.637
       5.856	  1.660
       5.860	  1.670
       5.864	  1.665
       5.868	  1.677
       5.872	  1.740
       5.876	  1.740
       5.880	  1.758
       5.884	  1.760
       5.888	  1.712
       5.892	  1.695
       5.896	  1.720
       5.900	  1.688
       5.904	  1.637
       5.908	  1.532
       5.912	  1.400
       5.916	  1.252
       5.920	  1.093
       5.924	  0.900
       5.928	  0.688
       5.932	  0.470
       5.936	  0.247
       5.940	  0.098
       5.944	 -0.045
       5.948	 -0.168
       5.952	 -0.312
       5.956	 -0.458
       5.960	 -0.650
       5.964	 -0.815
       5.968	 -0.980
       5.972	 -1.147
       5.976	 -1.300
       5.980	 -1.455
       5.984	 -1.558
       5.988	 -1.650
       5.992	 -1.742
       5.996	 -1.788
       6.000	 -1.843
       6.004	 -1.835
       6.008	 -1.788
       6.012	 -1.790
       6.016	 -1.802
       6.020	 -1.752
       6.024	 -1.637
       6.028	 -1.538
       6.032	 -1.492
       6.036	 -1.440
       6.040	 -1.390
       6.044	 -1.363
       6.048	 -1.275
       6.052	 -1.185
       6.056	 -1.115
       6.060	 -1.045
       6.064	 -0.917
       6.068	 -0.823
       6.072	 -0.718
       6.076	 -0.652
       6.080	 -0.537
       6.084	 -0.438
       6.088	 -0.365
       6.092	 -0.290
       6.096	 -0.125
       6.100	  0.007
       6.104	  0.090
       6.108	  0.152
       6.112	  0.223
       6.116	  0.360
       6.120	  0.475
       6.124	  0.585
       6.128	  0.620
       6.132	  0.660
       6.136	  0.695
       6.140	  0.752
       6.144	  0.790
       6.148	  0.853
       6.152	  0.882
       6.156	  1.000
       6.160	  1.110
       6.164	  1.173
       6.168	  1.208
       6.172	  1.282
       6.176	  1.327
       6.180	  1.355
       6.184	  1.373
       6.188	  1.420
       6.192	  1.472
       6.196	  1.502
       6.200	  1.548
       6.204	  1.555
       6.208	  1.577
       6.212	  1.605
       6.216	  1.633
       6.220	  1.675
       6.224	  1.665
       6.228	  1.637
       6.232	  1.633
       6.236	  1.630
       6.240	  1.630
       6.244	  1.542
       6.248	  1.465
       6.252	  1.275
       6.256	  1.135
       6.260	  1.010
       6.264	  0.880
       6.268	  0.667
       6.272	  0.487
       6.276	  0.265
       6.280	  0.100
       6.284	 -0.055
       6.288	 -0.172
       6.292	 -0.295
       6.296	 -0.430
       6.300	 -0.570
       6.304	 -0.718
       6.308	 -0.887
       6.312	 -1.062
       6.316	 -1.202
       6.320	 -1.337
       6.324	 -1.510
       6.328	 -1.677
       6.332	 -1.762
       6.336	 -1.843
       6.340	 -1.927
       6.344	 -1.988
       6.348	 -2.038
       6.352	 -2.065
       6.356	 -2.010
       6.360	 -2.000
       6.364	 -1.968
       6.368	 -1.900
       6.372	 -1.817
       6.376	 -1.762
       6.380	 -1.657
       6.384	 -1.603
       6.388	 -1.528
       6.392	 -1.427
       6.396	 -1.285
       6.400	 -1.192
       6.404	 -1.075
       6.408	 -0.980
       6.412	 -0.868
       6.416	 -0.743
       6.420	 -0.595
       6.424	 -0.420
       6.428	 -0.275
       6.432	 -0.140
       6.436	  0.007
       6.440	  0.135
       6.444	  0.237
       6.448	  0.395
       6.452	  0.547
       6.456	  0.690
       6.460	  0.780
       6.464	  0.845
       6.468	  0.907
       6.472	  0.983
       6.476	  1.038
       6.480	  1.103
       6.484	  1.135
       6.488	  1.170
       6.492	  1.190
       6.496	  1.240
       6.500	  1.282
       6.504	  1.320
       6.508	  1.345
       6.512	  1.347
       6.516	  1.365
       6.520	  1.420
       6.524	  1.468
       6.528	  1.500
       6.532	  1.515
       6.536	  1.520
       6.540	  1.538
       6.544	  1.555
       6.548	  1.567
       6.552	  1.570
       6.556	  1.570
       6.560	  1.550
       6.564	  1.542
       6.568	  1.548
       6.572	  1.555
       6.576	  1.522
       6.580	  1.445
       6.584	  1.310
       6.588	  1.175
       6.592	  1.028
       6.596	  0.922
       6.600	  0.800
       6.604	  0.657
       6.608	  0.492
       6.612	  0.323
       6.616	  0.155
       6.620	  0.010
       6.624	 -0.120
       6.628	 -0.223
       6.632	 -0.328
       6.636	 -0.465
       6.640	 -0.620
       6.644	 -0.785
       6.648	 -0.927
       6.652	 -1.080
       6.656	 -1.230
       6.660	 -1.390
       6.664	 -1.505
       6.668	 -1.615
       6.672	 -1.685
       6.676	 -1.762
       6.680	 -1.830
       6.684	 -1.897
       6.688	 -1.913
       6.692	 -1.915
       6.696	 -1.900
       6.700	 -1.887
       6.704	 -1.845
       6.708	 -1.812
       6.712	 -1.762
       6.716	 -1.732
       6.720	 -1.680
       6.724	 -1.620
       6.728	 -1.540
       6.732	 -1.438
       6.736	 -1.335
       6.740	 -1.225
       6.744	 -1.127
       6.748	 -1.018
       6.752	 -0.917
       6.756	 -0.812
       6.760	 -0.705
       6.764	 -0.578
       6.768	 -0.460
       6.772	 -0.333
       6.776	 -0.235
       6.780	 -0.113
       6.784	  0.018
       6.788	  0.140
       6.792	  0.245
       6.796	  0.357
       6.800	  0.470
       6.804	  0.570
       6.808	  0.652
       6.812	  0.730
       6.816	  0.790
       6.820	  0.853
       6.824	  0.915
       6.828	  0.980
       6.832	  1.042
       6.836	  1.090
       6.840	  1.153
       6.844	  1.202
       6.848	  1.252
       6.852	  1.280
       6.856	  1.330
       6.860	  1.367
       6.864	  1.427
       6.868	  1.478
       6.872	  1.540
       6.876	  1.570
       6.880	  1.623
       6.884	  1.650
       6.888	  1.680
       6.892	  1.688
       6.896	  1.698
       6.900	  1.698
       6.904	  1.712
       6.908	  1.695
       6.912	  1.643
       6.916	  1.540
       6.920	  1.413
       6.924	  1.275
       6.928	  1.165
       6.932	  1.062
       6.936	  0.960
       6.940	  0.843
       6.944	  0.688
       6.948	  0.547
       6.952	  0.410
       6.956	  0.273
       6.960	  0.145
       6.964	  0.043
       6.968	 -0.085
       6.972	 -0.195
       6.976	 -0.338
       6.980	 -0.482
       6.984	 -0.650
       6.988	 -0.805
       6.992	 -0.955
       6.996	 -1.075
       7.000	 -1.190
       7.004	 -1.282
       7.008	 -1.383
       7.012	 -1.468
       7.016	 -1.555
       7.020	 -1.620
       7.024	 -1.660
       7.028	 -1.680
       7.032	 -1.675
       7.036	 -1.660
       7.040	 -1.633
       7.044	 -1.597
       7.048	 -1.550
       7.052	 -1.500
       7.056	 -1.423
       7.060	 -1.363
       7.064	 -1.272
       7.068	 -1.185
       7.072	 -1.065
       7.076	 -0.955
       7.080	 -0.860
       7.084	 -0.772
       7.088	 -0.662
       7.092	 -0.578
       7.096	 -0.465
       7.100	 -0.347
       7.104	 -0.210
       7.108	 -0.085
       7.112	  0.058
       7.116	  0.165
       7.120	  0.265
       7.124	  0.365
       7.128	  0.460
       7.132	  0.552
       7.136	  0.652
       7.140	  0.740
       7.144	  0.795
       7.148	  0.863
       7.152	  0.897
       7.156	  0.945
       7.160	  0.990
       7.164	  1.048
       7.168	  1.090
       7.172	  1.157
       7.176	  1.218
       7.180	  1.290
       7.184	  1.330
       7.188	  1.365
       7.192	  1.375
       7.196	  1.403
       7.200	  1.423
       7.204	  1.460
       7.208	  1.472
       7.212	  1.488
       7.216	  1.488
       7.220	  1.492
       7.224	  1.495
       7.228	  1.500
       7.232	  1.500
       7.236	  1.485
       7.240	  1.485
       7.244	  1.475
       7.248	  1.488
       7.252	  1.475
       7.256	  1.440
       7.260	  1.357
       7.264	  1.235
       7.268	  1.093
       7.272	  0.988
       7.276	  0.855
       7.280	  0.718
       7.284	  0.550
       7.288	  0.405
       7.292	  0.263
       7.296	  0.168
       7.300	  0.080
       7.304	 -0.020
       7.308	 -0.128
       7.312	 -0.258
       7.316	 -0.403
       7.320	 -0.552
       7.324	 -0.698
       7.328	 -0.853
       7.332	 -0.993
       7.336	 -1.143
       7.340	 -1.265
       7.344	 -1.390
       7.348	 -1.458
       7.352	 -1.530
       7.356	 -1.575
       7.360	 -1.615
       7.364	 -1.657
       7.368	 -1.695
       7.372	 -1.680
       7.376	 -1.670
       7.380	 -1.625
       7.384	 -1.605
       7.388	 -1.570
       7.392	 -1.532
       7.396	 -1.465
       7.400	 -1.405
       7.404	 -1.290
       7.408	 -1.175
       7.412	 -1.070
       7.416	 -0.965
       7.420	 -0.880
       7.424	 -0.812
       7.428	 -0.740
       7.432	 -0.635
       7.436	 -0.512
       7.440	 -0.395
       7.444	 -0.295
       7.448	 -0.182
       7.452	 -0.090
       7.456	  0.020
       7.460	  0.120
       7.464	  0.235
       7.468	  0.333
       7.472	  0.448
       7.476	  0.522
       7.480	  0.578
       7.484	  0.630
       7.488	  0.708
       7.492	  0.750
       7.496	  0.833
       7.500	  0.877
       7.504	  0.950
       7.508	  1.015
       7.512	  1.097
       7.516	  1.175
       7.520	  1.262
       7.524	  1.320
       7.528	  1.377
       7.532	  1.445
       7.536	  1.485
       7.540	  1.522
       7.544	  1.555
       7.548	  1.593
       7.552	  1.595
       7.556	  1.610
       7.560	  1.610
       7.564	  1.640
       7.568	  1.657
       7.572	  1.677
       7.576	  1.675
       7.580	  1.685
       7.584	  1.680
       7.588	  1.698
       7.592	  1.712
       7.596	  1.705
       7.600	  1.660
       7.604	  1.577
       7.608	  1.475
       7.612	  1.347
       7.616	  1.190
       7.620	  0.993
       7.624	  0.805
       7.628	  0.608
       7.632	  0.438
       7.636	  0.273
       7.640	  0.145
       7.644	  0.020
       7.648	 -0.135
       7.652	 -0.275
       7.656	 -0.403
       7.660	 -0.542
       7.664	 -0.677
       7.668	 -0.815
       7.672	 -0.950
       7.676	 -1.117
       7.680	 -1.265
       7.684	 -1.417
       7.688	 -1.488
       7.692	 -1.577
       7.696	 -1.633
       7.700	 -1.680
       7.704	 -1.720
       7.708	 -1.758
       7.712	 -1.780
       7.716	 -1.790
       7.720	 -1.790
       7.724	 -1.788
       7.728	 -1.768
       7.732	 -1.748
       7.736	 -1.720
       7.740	 -1.653
       7.744	 -1.593
       7.748	 -1.485
       7.752	 -1.377
       7.756	 -1.292
       7.760	 -1.212
       7.764	 -1.100
       7.768	 -0.980
       7.772	 -0.850
       7.776	 -0.735
       7.780	 -0.605
       7.784	 -0.492
       7.788	 -0.355
       7.792	 -0.230
       7.796	 -0.110
       7.800	  0.015
       7.804	  0.158
       7.808	  0.273
       7.812	  0.385
       7.816	  0.502
       7.820	  0.575
       7.824	  0.647
       7.828	  0.718
       7.832	  0.772
       7.836	  0.812
       7.840	  0.873
       7.844	  0.932
       7.848	  0.988
       7.852	  1.048
       7.856	  1.115
       7.860	  1.173
       7.864	  1.240
       7.868	  1.292
       7.872	  1.385
       7.876	  1.423
       7.880	  1.475
       7.884	  1.485
       7.888	  1.538
       7.892	  1.515
       7.896	  1.502
       7.900	  1.520
       7.904	  1.532
       7.908	  1.522
       7.912	  1.540
       7.916	  1.538
       7.920	  1.540
       7.924	  1.570
       7.928	  1.593
       7.932	  1.620
       7.936	  1.620
       7.940	  1.650
       7.944	  1.688
       7.948	  1.677
       7.952	  1.570
       7.956	  1.445
       7.960	  1.330
       7.964	  1.120
       7.968	  0.850
       7.972	  0.635
       7.976	  0.448
       7.980	  0.295
       7.984	  0.165
       7.988	  0.058
       7.992	 -0.110
       7.996	 -0.278
       8.000	 -0.440
       8.004	 -0.580
       8.008	 -0.760
       8.012	 -0.900
       8.016	 -0.980
       8.020	 -1.173
       8.024	 -1.455
       8.028	 -1.688
       8.032	 -1.835
       8.036	 -1.895
       8.040	 -1.995
       8.044	 -2.083
       8.048	 -2.160
       8.052	 -2.215
       8.056	 -2.175
       8.060	 -2.145
       8.064	 -2.105
       8.068	 -2.100
       8.072	 -2.027
       8.076	 -1.962
       8.080	 -1.907
       8.084	 -1.840
       8.088	 -1.730
       8.092	 -1.615
       8.096	 -1.460
       8.100	 -1.350
       8.104	 -1.255
       8.108	 -1.117
       8.112	 -0.882
       8.116	 -0.843
       8.120	 -0.882
       8.124	 -0.880
       8.128	 -0.855
       8.132	 -0.745
       8.136	 -0.575
       8.140	 -0.430
       8.144	 -0.357
       8.148	 -0.250
       8.152	 -0.102
       8.156	  0.030
       8.160	  0.113
       8.164	  0.195
       8.168	  0.290
       8.172	  0.405
       8.176	  0.482
       8.180	  0.537
       8.184	  0.620
       8.188	  0.757
       8.192	  0.853
       8.196	  0.922
       8.200	  1.032
       8.204	  1.107
       8.208	  1.173
       8.212	  1.228
       8.216	  1.272
       8.220	  1.295
       8.224	  1.302
       8.228	  1.347
       8.232	  1.448
       8.236	  1.438
       8.240	  1.413
       8.244	  1.413
       8.248	  1.420
       8.252	  1.403
       8.256	  1.430
       8.260	  1.410
       8.264	  1.400
       8.268	  1.423
       8.272	  1.482
       8.276	  1.538
       8.280	  1.548
       8.284	  1.548
       8.288	  1.555
       8.292	  1.492
       8.296	  1.413
       8.300	  1.265
       8.304	  1.090
       8.308	  0.870
       8.312	  0.677
       8.316	  0.492
       8.320	  0.318
       8.324	  0.155
       8.328	  0.035
       8.332	 -0.152
       8.336	 -0.292
       8.340	 -0.403
       8.344	 -0.557
       8.348	 -0.685
       8.352	 -0.828
       8.356	 -0.910
       8.360	 -1.103
       8.364	 -1.317
       8.368	 -1.448
       8.372	 -1.482
       8.376	 -1.677
       8.380	 -1.877
       8.384	 -1.955
       8.388	 -2.010
       8.392	 -2.053
       8.396	 -2.083
       8.400	 -2.175
       8.404	 -2.230
       8.408	 -2.255
       8.412	 -2.192
       8.416	 -2.152
       8.420	 -2.147
       8.424	 -2.080
       8.428	 -1.970
       8.432	 -1.880
       8.436	 -1.823
       8.440	 -1.762
       8.444	 -1.692
       8.448	 -1.560
       8.452	 -1.417
       8.456	 -1.285
       8.460	 -1.145
       8.464	 -1.000
       8.468	 -0.983
       8.472	 -0.978
       8.476	 -0.863
       8.480	 -0.685
       8.484	 -0.497
       8.488	 -0.275
       8.492	 -0.158
       8.496	 -0.085
       8.500	  0.055
       8.504	  0.247
       8.508	  0.405
       8.512	  0.565
       8.516	  0.662
       8.520	  0.750
       8.524	  0.823
       8.528	  0.863
       8.532	  0.932
       8.536	  1.015
       8.540	  1.100
       8.544	  1.210
       8.548	  1.395
       8.552	  1.357
       8.556	  1.280
       8.560	  1.238
       8.564	  1.340
       8.568	  1.510
       8.572	  1.390
       8.576	  1.235
       8.580	  1.230
       8.584	  1.220
       8.588	  1.295
       8.592	  1.385
       8.596	  1.400
       8.600	  1.292
       8.604	  1.240
       8.608	  1.323
       8.612	  1.400
       8.616	  1.465
       8.620	  1.567
       8.624	  1.630
       8.628	  1.560
       8.632	  1.400
       8.636	  1.413
       8.640	  1.355
       8.644	  1.065
       8.648	  0.745
       8.652	  0.487
       8.656	  0.375
       8.660	  0.310
       8.664	  0.237
       8.668	  0.055
       8.672	 -0.100
       8.676	 -0.113
       8.680	 -0.237
       8.684	 -0.565
       8.688	 -0.757
       8.692	 -0.855
       8.696	 -0.890
       8.700	 -0.935
       8.704	 -0.983
       8.708	 -1.185
       8.712	 -1.472
       8.716	 -1.570
       8.720	 -1.625
       8.724	 -1.698
       8.728	 -1.750
       8.732	 -1.780
       8.736	 -1.815
       8.740	 -1.840
       8.744	 -1.850
       8.748	 -1.823
       8.752	 -1.830
       8.756	 -1.798
       8.760	 -1.768
       8.764	 -1.715
       8.768	 -1.732
       8.772	 -1.740
       8.776	 -1.708
       8.780	 -1.555
       8.784	 -1.363
       8.788	 -1.258
       8.792	 -1.238
       8.796	 -1.202
       8.800	 -1.175
       8.804	 -0.963
       8.808	 -0.588
       8.812	 -0.468
       8.816	 -0.565
       8.820	 -0.650
       8.824	 -0.640
       8.828	 -0.455
       8.832	 -0.223
       8.836	 -0.100
       8.840	  0.030
       8.844	  0.172
       8.848	  0.383
       8.852	  0.477
       8.856	  0.470
       8.860	  0.510
       8.864	  0.623
       8.868	  0.743
       8.872	  0.767
       8.876	  0.780
       8.880	  0.853
       8.884	  0.910
       8.888	  1.038
       8.892	  1.065
       8.896	  0.990
       8.900	  1.183
       8.904	  1.500
       8.908	  1.548
       8.912	  1.347
       8.916	  1.125
       8.920	  1.153
       8.924	  1.240
       8.928	  1.357
       8.932	  1.520
       8.936	  1.595
       8.940	  1.597
       8.944	  1.615
       8.948	  1.650
       8.952	  1.667
       8.956	  1.670
       8.960	  1.722
       8.964	  1.758
       8.968	  1.597
       8.972	  1.455
       8.976	  1.347
       8.980	  1.340
       8.984	  1.190
       8.988	  0.895
       8.992	  0.667
       8.996	  0.537
       9.000	  0.427
       9.004	  0.328
       9.008	  0.190
       9.012	  0.140
       9.016	  0.052
       9.020	 -0.155
       9.024	 -0.345
       9.028	 -0.530
       9.032	 -0.698
       9.036	 -0.815
       9.040	 -0.927
       9.044	 -1.110
       9.048	 -1.282
       9.052	 -1.390
       9.056	 -1.420
       9.060	 -1.512
       9.064	 -1.650
       9.068	 -1.758
       9.072	 -1.768
       9.076	 -1.775
       9.080	 -1.785
       9.084	 -1.817
       9.088	 -1.812
       9.092	 -1.825
       9.096	 -1.812
       9.100	 -1.770
       9.104	 -1.720
       9.108	 -1.647
       9.112	 -1.583
       9.116	 -1.538
       9.120	 -1.460
       9.124	 -1.383
       9.128	 -1.300
       9.132	 -1.180
       9.136	 -1.045
       9.140	 -0.953
       9.144	 -0.882
       9.148	 -0.770
       9.152	 -0.647
       9.156	 -0.512
       9.160	 -0.415
       9.164	 -0.318
       9.168	 -0.220
       9.172	 -0.135
       9.176	 -0.055
       9.180	  0.075
       9.184	  0.180
       9.188	  0.350
       9.192	  0.495
       9.196	  0.570
       9.200	  0.605
       9.204	  0.580
       9.208	  0.557
       9.212	  0.625
       9.216	  0.850
       9.220	  1.212
       9.224	  1.423
       9.228	  1.323
       9.232	  1.075
       9.236	  0.850
       9.240	  0.743
       9.244	  0.772
       9.248	  0.917
       9.252	  1.090
       9.256	  1.308
       9.260	  1.330
       9.264	  1.300
       9.268	  1.410
       9.272	  1.440
       9.276	  1.540
       9.280	  1.650
       9.284	  1.320
       9.288	  1.125
       9.292	  1.070
       9.296	  1.107
       9.300	  1.225
       9.304	  1.345
       9.308	  1.337
       9.312	  1.220
       9.316	  1.035
       9.320	  0.825
       9.324	  0.630
       9.328	  0.525
       9.332	  0.470
       9.336	  0.385
       9.340	  0.268
       9.344	  0.128
       9.348	  0.035
       9.352	 -0.092
       9.356	 -0.212
       9.360	 -0.318
       9.364	 -0.422
       9.368	 -0.580
       9.372	 -0.743
       9.376	 -0.943
       9.380	 -1.107
       9.384	 -1.265
       9.388	 -1.393
       9.392	 -1.500
       9.396	 -1.560
       9.400	 -1.640
       9.404	 -1.752
       9.408	 -1.877
       9.412	 -1.970
       9.416	 -2.000
       9.420	 -1.980
       9.424	 -1.950
       9.428	 -1.905
       9.432	 -1.873
       9.436	 -1.817
       9.440	 -1.760
       9.444	 -1.698
       9.448	 -1.615
       9.452	 -1.548
       9.456	 -1.472
       9.460	 -1.423
       9.464	 -1.337
       9.468	 -1.220
       9.472	 -1.100
       9.476	 -0.970
       9.480	 -0.877
       9.484	 -0.855
       9.488	 -0.797
       9.492	 -0.735
       9.496	 -0.598
       9.500	 -0.458
       9.504	 -0.312
       9.508	 -0.207
       9.512	 -0.155
       9.516	 -0.107
       9.520	 -0.028
       9.524	  0.048
       9.528	  0.147
       9.532	  0.223
       9.536	  0.265
       9.540	  0.323
       9.544	  0.405
       9.548	  0.512
       9.552	  0.660
       9.556	  0.772
       9.560	  0.800
       9.564	  0.850
       9.568	  0.855
       9.572	  0.900
       9.576	  0.955
       9.580	  1.035
       9.584	  1.038
       9.588	  1.070
       9.592	  1.087
       9.596	  1.110
       9.600	  1.115
       9.604	  1.087
       9.608	  1.048
       9.612	  1.075
       9.616	  1.135
       9.620	  1.210
       9.624	  1.292
       9.628	  1.357
       9.632	  1.417
       9.636	  1.460
       9.640	  1.488
       9.644	  1.465
       9.648	  1.400
       9.652	  1.265
       9.656	  1.093
       9.660	  0.890
       9.664	  0.730
       9.668	  0.578
       9.672	  0.458
       9.676	  0.290
       9.680	  0.110
       9.684	 -0.055
       9.688	 -0.165
       9.692	 -0.278
       9.696	 -0.383
       9.700	 -0.515
       9.704	 -0.647
       9.708	 -0.780
       9.712	 -0.887
       9.716	 -1.020
       9.720	 -1.137
       9.724	 -1.225
       9.728	 -1.310
       9.732	 -1.377
       9.736	 -1.465
       9.740	 -1.570
       9.744	 -1.640
       9.748	 -1.625
       9.752	 -1.643
       9.756	 -1.625
       9.760	 -1.620
       9.764	 -1.610
       9.768	 -1.603
       9.772	 -1.542
       9.776	 -1.488
       9.780	 -1.405
       9.784	 -1.323
       9.788	 -1.228
       9.792	 -1.145
       9.796	 -1.070
       9.800	 -0.965
       9.804	 -0.833
       9.808	 -0.740
       9.812	 -0.670
       9.816	 -0.578
       9.820	 -0.475
       9.824	 -0.385
       9.828	 -0.290
       9.832	 -0.185
       9.836	 -0.098
       9.840	  0.028
       9.844	  0.147
       9.848	  0.278
       9.852	  0.360
       9.856	  0.430
       9.860	  0.522
       9.864	  0.620
       9.868	  0.677
       9.872	  0.762
       9.876	  0.785
       9.880	  0.825
       9.884	  0.877
       9.888	  0.945
       9.892	  1.008
       9.896	  1.070
       9.900	  1.107
       9.904	  1.153
       9.908	  1.212
       9.912	  1.230
       9.916	  1.252
       9.920	  1.282
       9.924	  1.292
       9.928	  1.285
       9.932	  1.292
       9.936	  1.295
       9.940	  1.320
       9.944	  1.347
       9.948	  1.377
       9.952	  1.393
       9.956	  1.438
       9.960	  1.468
       9.964	  1.492
       9.968	  1.500
       9.972	  1.515
       9.976	  1.502
       9.980	  1.450
       9.984	  1.292
       9.988	  1.153
       9.992	  1.018
       9.996	  0.897
