Elapsed_time	ECG
       0.000	 -0.025
       0.004	 -0.080
       0.008	 -0.125
       0.012	 -0.135
       0.016	 -0.125
       0.020	 -0.110
       0.024	 -0.100
       0.028	 -0.080
       0.032	 -0.070
       0.036	 -0.050
       0.040	 -0.045
       0.044	 -0.030
       0.048	 -0.025
       0.052	  0.005
       0.056	  0.015
       0.060	  0.030
       0.064	  0.025
       0.068	  0.040
       0.072	  0.050
       0.076	  0.055
       0.080	  0.050
       0.084	  0.060
       0.088	  0.070
       0.092	  0.080
       0.096	  0.085
       0.100	  0.110
       0.104	  0.130
       0.108	  0.140
       0.112	  0.150
       0.116	  0.210
       0.120	  0.310
       0.124	  0.415
       0.128	  0.545
       0.132	  0.660
       0.136	  0.755
       0.140	  0.820
       0.144	  0.870
       0.148	  0.900
       0.152	  0.920
       0.156	  0.940
       0.160	  0.955
       0.164	  0.900
       0.168	  0.880
       0.172	  0.845
       0.176	  0.785
       0.180	  0.700
       0.184	  0.630
       0.188	  0.590
       0.192	  0.595
       0.196	  0.595
       0.200	  0.620
       0.204	  0.640
       0.208	  0.595
       0.212	  0.540
       0.216	  0.550
       0.220	  0.565
       0.224	  0.560
       0.228	  0.555
       0.232	  0.550
       0.236	  0.500
       0.240	  0.430
       0.244	  0.350
       0.248	  0.210
       0.252	  0.065
       0.256	 -0.040
       0.260	 -0.100
       0.264	 -0.170
       0.268	 -0.225
       0.272	 -0.280
       0.276	 -0.310
       0.280	 -0.325
       0.284	 -0.315
       0.288	 -0.320
       0.292	 -0.320
       0.296	 -0.330
       0.300	 -0.335
       0.304	 -0.340
       0.308	 -0.350
       0.312	 -0.365
       0.316	 -0.370
       0.320	 -0.375
       0.324	 -0.380
       0.328	 -0.380
       0.332	 -0.390
       0.336	 -0.400
       0.340	 -0.390
       0.344	 -0.380
       0.348	 -0.385
       0.352	 -0.380
       0.356	 -0.375
       0.360	 -0.365
       0.364	 -0.355
       0.368	 -0.335
       0.372	 -0.315
       0.376	 -0.300
       0.380	 -0.285
       0.384	 -0.260
       0.388	 -0.230
       0.392	 -0.205
       0.396	 -0.195
       0.400	 -0.180
       0.404	 -0.160
       0.408	 -0.150
       0.412	 -0.125
       0.416	 -0.105
       0.420	 -0.080
       0.424	 -0.045
       0.428	  0.005
       0.432	  0.010
       0.436	  0.005
       0.440	 -0.035
       0.444	 -0.060
       0.448	 -0.085
       0.452	 -0.085
       0.456	 -0.085
       0.460	 -0.090
       0.464	 -0.115
       0.468	 -0.135
       0.472	 -0.165
       0.476	 -0.175
       0.480	 -0.180
       0.484	 -0.180
       0.488	 -0.210
       0.492	 -0.260
       0.496	 -0.320
       0.500	 -0.345
       0.504	 -0.345
       0.508	 -0.325
       0.512	 -0.320
       0.516	 -0.320
       0.520	 -0.310
       0.524	 -0.295
       0.528	 -0.275
       0.532	 -0.275
       0.536	 -0.260
       0.540	 -0.245
       0.544	 -0.230
       0.548	 -0.235
       0.552	 -0.220
       0.556	 -0.210
       0.560	 -0.200
       0.564	 -0.200
       0.568	 -0.190
       0.572	 -0.180
       0.576	 -0.165
       0.580	 -0.165
       0.584	 -0.145
       0.588	 -0.125
       0.592	 -0.110
       0.596	 -0.105
       0.600	 -0.090
       0.604	 -0.060
       0.608	  0.015
       0.612	  0.100
       0.616	  0.210
       0.620	  0.335
       0.624	  0.455
       0.628	  0.540
       0.632	  0.575
       0.636	  0.610
       0.640	  0.645
       0.644	  0.670
       0.648	  0.685
       0.652	  0.720
       0.656	  0.690
       0.660	  0.675
       0.664	  0.640
       0.668	  0.590
       0.672	  0.520
       0.676	  0.465
       0.680	  0.420
       0.684	  0.425
       0.688	  0.430
       0.692	  0.450
       0.696	  0.440
       0.700	  0.385
       0.704	  0.340
       0.708	  0.355
       0.712	  0.375
       0.716	  0.365
       0.720	  0.360
       0.724	  0.365
       0.728	  0.325
       0.732	  0.260
       0.736	  0.180
       0.740	  0.060
       0.744	 -0.080
       0.748	 -0.180
       0.752	 -0.235
       0.756	 -0.285
       0.760	 -0.350
       0.764	 -0.410
       0.768	 -0.440
       0.772	 -0.435
       0.776	 -0.435
       0.780	 -0.450
       0.784	 -0.450
       0.788	 -0.445
       0.792	 -0.455
       0.796	 -0.470
       0.800	 -0.475
       0.804	 -0.465
       0.808	 -0.465
       0.812	 -0.470
       0.816	 -0.475
       0.820	 -0.460
       0.824	 -0.455
       0.828	 -0.450
       0.832	 -0.450
       0.836	 -0.440
       0.840	 -0.435
       0.844	 -0.420
       0.848	 -0.410
       0.852	 -0.390
       0.856	 -0.380
       0.860	 -0.365
       0.864	 -0.360
       0.868	 -0.330
       0.872	 -0.300
       0.876	 -0.275
       0.880	 -0.270
       0.884	 -0.245
       0.888	 -0.220
       0.892	 -0.200
       0.896	 -0.200
       0.900	 -0.180
       0.904	 -0.160
       0.908	 -0.140
       0.912	 -0.125
       0.916	 -0.100
       0.920	 -0.060
       0.924	 -0.045
       0.928	 -0.050
       0.932	 -0.085
       0.936	 -0.115
       0.940	 -0.130
       0.944	 -0.140
       0.948	 -0.145
       0.952	 -0.145
       0.956	 -0.150
       0.960	 -0.170
       0.964	 -0.210
       0.968	 -0.230
       0.972	 -0.225
       0.976	 -0.220
       0.980	 -0.250
       0.984	 -0.295
       0.988	 -0.335
       0.992	 -0.370
       0.996	 -0.370
       1.000	 -0.355
       1.004	 -0.330
       1.008	 -0.325
       1.012	 -0.320
       1.016	 -0.300
       1.020	 -0.275
       1.024	 -0.255
       1.028	 -0.240
       1.032	 -0.225
       1.036	 -0.205
       1.040	 -0.190
       1.044	 -0.165
       1.048	 -0.160
       1.052	 -0.135
       1.056	 -0.115
       1.060	 -0.105
       1.064	 -0.105
       1.068	 -0.085
       1.072	 -0.070
       1.076	 -0.050
       1.080	 -0.045
       1.084	  0.000
       1.088	  0.020
       1.092	  0.035
       1.096	  0.060
       1.100	  0.140
       1.104	  0.245
       1.108	  0.360
       1.112	  0.485
       1.116	  0.615
       1.120	  0.725
       1.124	  0.805
       1.128	  0.850
       1.132	  0.890
       1.136	  0.910
       1.140	  0.945
       1.144	  0.970
       1.148	  0.920
       1.152	  0.905
       1.156	  0.875
       1.160	  0.810
       1.164	  0.725
       1.168	  0.660
       1.172	  0.620
       1.176	  0.625
       1.180	  0.615
       1.184	  0.635
       1.188	  0.645
       1.192	  0.595
       1.196	  0.530
       1.200	  0.545
       1.204	  0.570
       1.208	  0.565
       1.212	  0.555
       1.216	  0.555
       1.220	  0.515
       1.224	  0.440
       1.228	  0.350
       1.232	  0.200
       1.236	  0.060
       1.240	 -0.050
       1.244	 -0.105
       1.248	 -0.175
       1.252	 -0.235
       1.256	 -0.295
       1.260	 -0.320
       1.264	 -0.340
       1.268	 -0.330
       1.272	 -0.340
       1.276	 -0.330
       1.280	 -0.340
       1.284	 -0.340
       1.288	 -0.345
       1.292	 -0.350
       1.296	 -0.360
       1.300	 -0.355
       1.304	 -0.350
       1.308	 -0.350
       1.312	 -0.360
       1.316	 -0.350
       1.320	 -0.345
       1.324	 -0.335
       1.328	 -0.320
       1.332	 -0.320
       1.336	 -0.305
       1.340	 -0.285
       1.344	 -0.270
       1.348	 -0.255
       1.352	 -0.230
       1.356	 -0.215
       1.360	 -0.200
       1.364	 -0.195
       1.368	 -0.170
       1.372	 -0.140
       1.376	 -0.125
       1.380	 -0.120
       1.384	 -0.100
       1.388	 -0.085
       1.392	 -0.075
       1.396	 -0.080
       1.400	 -0.070
       1.404	 -0.045
       1.408	 -0.040
       1.412	 -0.030
       1.416	  0.005
       1.420	  0.040
       1.424	  0.055
       1.428	  0.040
       1.432	  0.010
       1.436	 -0.025
       1.440	 -0.040
       1.444	 -0.040
       1.448	 -0.040
       1.452	 -0.030
       1.456	 -0.040
       1.460	 -0.060
       1.464	 -0.090
       1.468	 -0.100
       1.472	 -0.090
       1.476	 -0.080
       1.480	 -0.135
       1.484	 -0.175
       1.488	 -0.220
       1.492	 -0.245
       1.496	 -0.250
       1.500	 -0.220
       1.504	 -0.200
       1.508	 -0.190
       1.512	 -0.180
       1.516	 -0.160
       1.520	 -0.140
       1.524	 -0.120
       1.528	 -0.105
       1.532	 -0.095
       1.536	 -0.075
       1.540	 -0.060
       1.544	 -0.040
       1.548	 -0.035
       1.552	 -0.020
       1.556	  0.005
       1.560	  0.015
       1.564	  0.010
       1.568	  0.030
       1.572	  0.055
       1.576	  0.065
       1.580	  0.070
       1.584	  0.095
       1.588	  0.110
       1.592	  0.120
       1.596	  0.160
       1.600	  0.245
       1.604	  0.360
       1.608	  0.500
       1.612	  0.635
       1.616	  0.760
       1.620	  0.865
       1.624	  0.935
       1.628	  1.000
       1.632	  1.045
       1.636	  1.075
       1.640	  1.105
       1.644	  1.085
       1.648	  1.030
       1.652	  1.000
       1.656	  0.950
       1.660	  0.880
       1.664	  0.790
       1.668	  0.740
       1.672	  0.725
       1.676	  0.735
       1.680	  0.735
       1.684	  0.770
       1.688	  0.750
       1.692	  0.685
       1.696	  0.650
       1.700	  0.670
       1.704	  0.680
       1.708	  0.670
       1.712	  0.660
       1.716	  0.645
       1.720	  0.580
       1.724	  0.495
       1.728	  0.380
       1.732	  0.205
       1.736	  0.080
       1.740	  0.000
       1.744	 -0.070
       1.748	 -0.140
       1.752	 -0.205
       1.756	 -0.250
       1.760	 -0.265
       1.764	 -0.260
       1.768	 -0.260
       1.772	 -0.260
       1.776	 -0.265
       1.780	 -0.275
       1.784	 -0.280
       1.788	 -0.285
       1.792	 -0.285
       1.796	 -0.295
       1.800	 -0.295
       1.804	 -0.290
       1.808	 -0.285
       1.812	 -0.290
       1.816	 -0.280
       1.820	 -0.270
       1.824	 -0.260
       1.828	 -0.250
       1.832	 -0.250
       1.836	 -0.235
       1.840	 -0.220
       1.844	 -0.200
       1.848	 -0.185
       1.852	 -0.160
       1.856	 -0.140
       1.860	 -0.120
       1.864	 -0.115
       1.868	 -0.085
       1.872	 -0.065
       1.876	 -0.040
       1.880	 -0.035
       1.884	  0.000
       1.888	  0.020
       1.892	  0.035
       1.896	  0.035
       1.900	  0.060
       1.904	  0.080
       1.908	  0.105
       1.912	  0.125
       1.916	  0.155
       1.920	  0.185
       1.924	  0.180
       1.928	  0.155
       1.932	  0.120
       1.936	  0.105
       1.940	  0.100
       1.944	  0.100
       1.948	  0.095
       1.952	  0.090
       1.956	  0.060
       1.960	  0.035
       1.964	  0.010
       1.968	  0.010
       1.972	  0.025
       1.976	  0.010
       1.980	 -0.055
       1.984	 -0.105
       1.988	 -0.140
       1.992	 -0.145
       1.996	 -0.140
       2.000	 -0.120
       2.004	 -0.100
       2.008	 -0.090
       2.012	 -0.075
       2.016	 -0.055
       2.020	 -0.030
       2.024	  0.000
       2.028	  0.015
       2.032	  0.025
       2.036	  0.040
       2.040	  0.060
       2.044	  0.090
       2.048	  0.090
       2.052	  0.110
       2.056	  0.115
       2.060	  0.135
       2.064	  0.140
       2.068	  0.160
       2.072	  0.180
       2.076	  0.205
       2.080	  0.210
       2.084	  0.245
       2.088	  0.270
       2.092	  0.300
       2.096	  0.360
       2.100	  0.470
       2.104	  0.600
       2.108	  0.760
       2.112	  0.895
       2.116	  1.015
       2.120	  1.100
       2.124	  1.170
       2.128	  1.235
       2.132	  1.255
       2.136	  1.275
       2.140	  1.275
       2.144	  1.230
       2.148	  1.180
       2.152	  1.135
       2.156	  1.070
       2.160	  0.985
       2.164	  0.905
       2.168	  0.870
       2.172	  0.885
       2.176	  0.890
       2.180	  0.905
       2.184	  0.920
       2.188	  0.870
       2.192	  0.820
       2.196	  0.825
       2.200	  0.835
       2.204	  0.830
       2.208	  0.820
       2.212	  0.810
       2.216	  0.760
       2.220	  0.690
       2.224	  0.580
       2.228	  0.440
       2.232	  0.275
       2.236	  0.175
       2.240	  0.100
       2.244	  0.040
       2.248	 -0.045
       2.252	 -0.110
       2.256	 -0.135
       2.260	 -0.130
       2.264	 -0.145
       2.268	 -0.145
       2.272	 -0.150
       2.276	 -0.145
       2.280	 -0.160
       2.284	 -0.155
       2.288	 -0.160
       2.292	 -0.170
       2.296	 -0.185
       2.300	 -0.185
       2.304	 -0.185
       2.308	 -0.175
       2.312	 -0.180
       2.316	 -0.175
       2.320	 -0.165
       2.324	 -0.155
       2.328	 -0.150
       2.332	 -0.145
       2.336	 -0.130
       2.340	 -0.120
       2.344	 -0.105
       2.348	 -0.100
       2.352	 -0.075
       2.356	 -0.050
       2.360	 -0.040
       2.364	 -0.035
       2.368	  0.000
       2.372	  0.025
       2.376	  0.040
       2.380	  0.055
       2.384	  0.075
       2.388	  0.090
       2.392	  0.110
       2.396	  0.105
       2.400	  0.110
       2.404	  0.135
       2.408	  0.155
       2.412	  0.175
       2.416	  0.205
       2.420	  0.230
       2.424	  0.215
       2.428	  0.195
       2.432	  0.160
       2.436	  0.145
       2.440	  0.140
       2.444	  0.140
       2.448	  0.130
       2.452	  0.125
       2.456	  0.095
       2.460	  0.070
       2.464	  0.035
       2.468	  0.035
       2.472	  0.040
       2.476	  0.035
       2.480	 -0.040
       2.484	 -0.085
       2.488	 -0.125
       2.492	 -0.130
       2.496	 -0.125
       2.500	 -0.105
       2.504	 -0.095
       2.508	 -0.085
       2.512	 -0.070
       2.516	 -0.050
       2.520	 -0.030
       2.524	  0.000
       2.528	  0.010
       2.532	  0.025
       2.536	  0.040
       2.540	  0.060
       2.544	  0.075
       2.548	  0.075
       2.552	  0.090
       2.556	  0.105
       2.560	  0.110
       2.564	  0.115
       2.568	  0.135
       2.572	  0.160
       2.576	  0.175
       2.580	  0.185
       2.584	  0.205
       2.588	  0.220
       2.592	  0.235
       2.596	  0.295
       2.600	  0.400
       2.604	  0.540
       2.608	  0.685
       2.612	  0.825
       2.616	  0.950
       2.620	  1.055
       2.624	  1.125
       2.628	  1.190
       2.632	  1.210
       2.636	  1.225
       2.640	  1.230
       2.644	  1.180
       2.648	  1.130
       2.652	  1.080
       2.656	  1.015
       2.660	  0.940
       2.664	  0.850
       2.668	  0.815
       2.672	  0.825
       2.676	  0.820
       2.680	  0.835
       2.684	  0.855
       2.688	  0.805
       2.692	  0.755
       2.696	  0.745
       2.700	  0.755
       2.704	  0.730
       2.708	  0.735
       2.712	  0.725
       2.716	  0.675
       2.720	  0.610
       2.724	  0.510
       2.728	  0.350
       2.732	  0.185
       2.736	  0.080
       2.740	  0.015
       2.744	 -0.055
       2.748	 -0.140
       2.752	 -0.195
       2.756	 -0.225
       2.760	 -0.220
       2.764	 -0.235
       2.768	 -0.240
       2.772	 -0.235
       2.776	 -0.225
       2.780	 -0.250
       2.784	 -0.240
       2.788	 -0.250
       2.792	 -0.260
       2.796	 -0.275
       2.800	 -0.265
       2.804	 -0.260
       2.808	 -0.265
       2.812	 -0.275
       2.816	 -0.275
       2.820	 -0.265
       2.824	 -0.260
       2.828	 -0.255
       2.832	 -0.250
       2.836	 -0.240
       2.840	 -0.225
       2.844	 -0.205
       2.848	 -0.195
       2.852	 -0.175
       2.856	 -0.155
       2.860	 -0.130
       2.864	 -0.120
       2.868	 -0.095
       2.872	 -0.070
       2.876	 -0.045
       2.880	 -0.035
       2.884	  0.000
       2.888	  0.015
       2.892	  0.030
       2.896	  0.040
       2.900	  0.050
       2.904	  0.075
       2.908	  0.100
       2.912	  0.115
       2.916	  0.140
       2.920	  0.155
       2.924	  0.140
       2.928	  0.110
       2.932	  0.075
       2.936	  0.055
       2.940	  0.065
       2.944	  0.070
       2.948	  0.065
       2.952	  0.035
       2.956	  0.010
       2.960	 -0.025
       2.964	 -0.050
       2.968	 -0.035
       2.972	 -0.040
       2.976	 -0.080
       2.980	 -0.155
       2.984	 -0.205
       2.988	 -0.215
       2.992	 -0.205
       2.996	 -0.190
       3.000	 -0.165
       3.004	 -0.155
       3.008	 -0.140
       3.012	 -0.125
       3.016	 -0.105
       3.020	 -0.085
       3.024	 -0.085
       3.028	 -0.060
       3.032	 -0.045
       3.036	 -0.025
       3.040	 -0.020
       3.044	  0.005
       3.048	  0.000
       3.052	  0.025
       3.056	  0.030
       3.060	  0.045
       3.064	  0.055
       3.068	  0.065
       3.072	  0.085
       3.076	  0.105
       3.080	  0.115
       3.084	  0.140
       3.088	  0.150
       3.092	  0.195
       3.096	  0.280
       3.100	  0.405
       3.104	  0.550
       3.108	  0.715
       3.112	  0.840
       3.116	  0.960
       3.120	  1.050
       3.124	  1.130
       3.128	  1.180
       3.132	  1.195
       3.136	  1.210
       3.140	  1.175
       3.144	  1.130
       3.148	  1.065
       3.152	  1.000
       3.156	  0.915
       3.160	  0.820
       3.164	  0.755
       3.168	  0.735
       3.172	  0.735
       3.176	  0.740
       3.180	  0.765
       3.184	  0.730
       3.188	  0.675
       3.192	  0.655
       3.196	  0.665
       3.200	  0.670
       3.204	  0.660
       3.208	  0.665
       3.212	  0.635
       3.216	  0.565
       3.220	  0.485
       3.224	  0.350
       3.228	  0.180
       3.232	  0.035
       3.236	 -0.050
       3.240	 -0.115
       3.244	 -0.185
       3.248	 -0.270
       3.252	 -0.310
       3.256	 -0.310
       3.260	 -0.310
       3.264	 -0.335
       3.268	 -0.330
       3.272	 -0.330
       3.276	 -0.325
       3.280	 -0.350
       3.284	 -0.345
       3.288	 -0.350
       3.292	 -0.350
       3.296	 -0.365
       3.300	 -0.360
       3.304	 -0.355
       3.308	 -0.350
       3.312	 -0.360
       3.316	 -0.360
       3.320	 -0.345
       3.324	 -0.335
       3.328	 -0.330
       3.332	 -0.320
       3.336	 -0.305
       3.340	 -0.290
       3.344	 -0.265
       3.348	 -0.260
       3.352	 -0.240
       3.356	 -0.215
       3.360	 -0.195
       3.364	 -0.175
       3.368	 -0.150
       3.372	 -0.125
       3.376	 -0.100
       3.380	 -0.100
       3.384	 -0.080
       3.388	 -0.060
       3.392	 -0.045
       3.396	 -0.035
       3.400	  0.005
       3.404	  0.030
       3.408	  0.060
       3.412	  0.080
       3.416	  0.085
       3.420	  0.080
       3.424	  0.045
       3.428	  0.020
       3.432	  0.000
       3.436	  0.000
       3.440	  0.000
       3.444	  0.005
       3.448	 -0.040
       3.452	 -0.065
       3.456	 -0.095
       3.460	 -0.105
       3.464	 -0.110
       3.468	 -0.105
       3.472	 -0.150
       3.476	 -0.200
       3.480	 -0.260
       3.484	 -0.280
       3.488	 -0.270
       3.492	 -0.240
       3.496	 -0.245
       3.500	 -0.220
       3.504	 -0.200
       3.508	 -0.170
       3.512	 -0.160
       3.516	 -0.145
       3.520	 -0.125
       3.524	 -0.100
       3.528	 -0.090
       3.532	 -0.080
       3.536	 -0.065
       3.540	 -0.045
       3.544	 -0.025
       3.548	 -0.030
       3.552	 -0.025
       3.556	  0.000
       3.560	  0.010
       3.564	  0.015
       3.568	  0.030
       3.572	  0.055
       3.576	  0.085
       3.580	  0.090
       3.584	  0.105
       3.588	  0.145
       3.592	  0.230
       3.596	  0.325
       3.600	  0.470
       3.604	  0.635
       3.608	  0.780
       3.612	  0.910
       3.616	  1.005
       3.620	  1.085
       3.624	  1.150
       3.628	  1.175
       3.632	  1.195
       3.636	  1.170
       3.640	  1.110
       3.644	  1.065
       3.648	  1.000
       3.652	  0.930
       3.656	  0.840
       3.660	  0.770
       3.664	  0.730
       3.668	  0.730
       3.672	  0.740
       3.676	  0.780
       3.680	  0.755
       3.684	  0.700
       3.688	  0.665
       3.692	  0.680
       3.696	  0.675
       3.700	  0.660
       3.704	  0.660
       3.708	  0.655
       3.712	  0.580
       3.716	  0.505
       3.720	  0.395
       3.724	  0.220
       3.728	  0.070
       3.732	 -0.040
       3.736	 -0.110
       3.740	 -0.175
       3.744	 -0.240
       3.748	 -0.305
       3.752	 -0.320
       3.756	 -0.310
       3.760	 -0.315
       3.764	 -0.325
       3.768	 -0.320
       3.772	 -0.320
       3.776	 -0.320
       3.780	 -0.345
       3.784	 -0.350
       3.788	 -0.345
       3.792	 -0.355
       3.796	 -0.365
       3.800	 -0.355
       3.804	 -0.345
       3.808	 -0.340
       3.812	 -0.350
       3.816	 -0.345
       3.820	 -0.325
       3.824	 -0.315
       3.828	 -0.305
       3.832	 -0.295
       3.836	 -0.285
       3.840	 -0.265
       3.844	 -0.245
       3.848	 -0.245
       3.852	 -0.220
       3.856	 -0.200
       3.860	 -0.170
       3.864	 -0.155
       3.868	 -0.130
       3.872	 -0.105
       3.876	 -0.070
       3.880	 -0.075
       3.884	 -0.050
       3.888	 -0.035
       3.892	  0.000
       3.896	  0.010
       3.900	  0.030
       3.904	  0.060
       3.908	  0.095
       3.912	  0.095
       3.916	  0.100
       3.920	  0.075
       3.924	  0.040
       3.928	  0.025
       3.932	  0.010
       3.936	  0.015
       3.940	  0.020
       3.944	  0.020
       3.948	 -0.040
       3.952	 -0.055
       3.956	 -0.075
       3.960	 -0.075
       3.964	 -0.080
       3.968	 -0.095
       3.972	 -0.140
       3.976	 -0.185
       3.980	 -0.240
       3.984	 -0.235
       3.988	 -0.200
       3.992	 -0.195
       3.996	 -0.185
       4.000	 -0.175
       4.004	 -0.145
       4.008	 -0.120
       4.012	 -0.110
       4.016	 -0.095
       4.020	 -0.070
       4.024	 -0.050
       4.028	 -0.040
       4.032	 -0.025
       4.036	  0.010
       4.040	  0.015
       4.044	  0.035
       4.048	  0.030
       4.052	  0.040
       4.056	  0.060
       4.060	  0.075
       4.064	  0.080
       4.068	  0.115
       4.072	  0.135
       4.076	  0.155
       4.080	  0.150
       4.084	  0.185
       4.088	  0.250
       4.092	  0.355
       4.096	  0.465
       4.100	  0.630
       4.104	  0.795
       4.108	  0.930
       4.112	  1.025
       4.116	  1.115
       4.120	  1.190
       4.124	  1.220
       4.128	  1.230
       4.132	  1.245
       4.136	  1.190
       4.140	  1.140
       4.144	  1.085
       4.148	  1.005
       4.152	  0.920
       4.156	  0.850
       4.160	  0.800
       4.164	  0.780
       4.168	  0.780
       4.172	  0.810
       4.176	  0.830
       4.180	  0.775
       4.184	  0.715
       4.188	  0.730
       4.192	  0.745
       4.196	  0.730
       4.200	  0.715
       4.204	  0.725
       4.208	  0.680
       4.212	  0.600
       4.216	  0.505
       4.220	  0.360
       4.224	  0.195
       4.228	  0.070
       4.232	  0.000
       4.236	 -0.080
       4.240	 -0.145
       4.244	 -0.200
       4.248	 -0.240
       4.252	 -0.235
       4.256	 -0.230
       4.260	 -0.230
       4.264	 -0.250
       4.268	 -0.240
       4.272	 -0.240
       4.276	 -0.240
       4.280	 -0.275
       4.284	 -0.270
       4.288	 -0.265
       4.292	 -0.270
       4.296	 -0.290
       4.300	 -0.285
       4.304	 -0.285
       4.308	 -0.270
       4.312	 -0.280
       4.316	 -0.265
       4.320	 -0.255
       4.324	 -0.235
       4.328	 -0.230
       4.332	 -0.220
       4.336	 -0.190
       4.340	 -0.175
       4.344	 -0.155
       4.348	 -0.145
       4.352	 -0.140
       4.356	 -0.110
       4.360	 -0.080
       4.364	 -0.070
       4.368	 -0.045
       4.372	  0.000
       4.376	  0.010
       4.380	  0.015
       4.384	  0.035
       4.388	  0.045
       4.392	  0.060
       4.396	  0.070
       4.400	  0.100
       4.404	  0.125
       4.408	  0.155
       4.412	  0.155
       4.416	  0.150
       4.420	  0.130
       4.424	  0.100
       4.428	  0.075
       4.432	  0.055
       4.436	  0.070
       4.440	  0.075
       4.444	  0.060
       4.448	  0.020
       4.452	  0.000
       4.456	 -0.025
       4.460	 -0.025
       4.464	 -0.030
       4.468	 -0.050
       4.472	 -0.105
       4.476	 -0.155
       4.480	 -0.205
       4.484	 -0.200
       4.488	 -0.185
       4.492	 -0.160
       4.496	 -0.160
       4.500	 -0.140
       4.504	 -0.115
       4.508	 -0.095
       4.512	 -0.095
       4.516	 -0.080
       4.520	 -0.060
       4.524	 -0.045
       4.528	 -0.035
       4.532	 -0.025
       4.536	  0.000
       4.540	  0.005
       4.544	  0.015
       4.548	  0.015
       4.552	  0.025
       4.556	  0.035
       4.560	  0.045
       4.564	  0.050
       4.568	  0.070
       4.572	  0.095
       4.576	  0.115
       4.580	  0.110
       4.584	  0.135
       4.588	  0.210
       4.592	  0.315
       4.596	  0.435
       4.600	  0.585
       4.604	  0.740
       4.608	  0.870
       4.612	  0.965
       4.616	  1.040
       4.620	  1.115
       4.624	  1.140
       4.628	  1.150
       4.632	  1.140
       4.636	  1.095
       4.640	  1.040
       4.644	  0.990
       4.648	  0.915
       4.652	  0.830
       4.656	  0.750
       4.660	  0.715
       4.664	  0.700
       4.668	  0.705
       4.672	  0.735
       4.676	  0.740
       4.680	  0.675
       4.684	  0.640
       4.688	  0.650
       4.692	  0.670
       4.696	  0.645
       4.700	  0.640
       4.704	  0.640
       4.708	  0.595
       4.712	  0.510
       4.716	  0.415
       4.720	  0.260
       4.724	  0.100
       4.728	 -0.025
       4.732	 -0.095
       4.736	 -0.160
       4.740	 -0.230
       4.744	 -0.285
       4.748	 -0.320
       4.752	 -0.325
       4.756	 -0.320
       4.760	 -0.330
       4.764	 -0.345
       4.768	 -0.340
       4.772	 -0.340
       4.776	 -0.340
       4.780	 -0.360
       4.784	 -0.360
       4.788	 -0.355
       4.792	 -0.360
       4.796	 -0.365
       4.800	 -0.365
       4.804	 -0.355
       4.808	 -0.355
       4.812	 -0.360
       4.816	 -0.345
       4.820	 -0.335
       4.824	 -0.320
       4.828	 -0.320
       4.832	 -0.305
       4.836	 -0.290
       4.840	 -0.280
       4.844	 -0.265
       4.848	 -0.255
       4.852	 -0.235
       4.856	 -0.205
       4.860	 -0.180
       4.864	 -0.165
       4.868	 -0.140
       4.872	 -0.125
       4.876	 -0.105
       4.880	 -0.095
       4.884	 -0.065
       4.888	 -0.055
       4.892	 -0.030
       4.896	 -0.030
       4.900	  0.005
       4.904	  0.040
       4.908	  0.075
       4.912	  0.075
       4.916	  0.075
       4.920	  0.055
       4.924	  0.030
       4.928	  0.000
       4.932	 -0.025
       4.936	  0.000
       4.940	  0.000
       4.944	 -0.025
       4.948	 -0.070
       4.952	 -0.080
       4.956	 -0.095
       4.960	 -0.100
       4.964	 -0.100
       4.968	 -0.130
       4.972	 -0.175
       4.976	 -0.230
       4.980	 -0.275
       4.984	 -0.275
       4.988	 -0.255
       4.992	 -0.240
       4.996	 -0.240
       5.000	 -0.225
       5.004	 -0.200
       5.008	 -0.180
       5.012	 -0.170
       5.016	 -0.150
       5.020	 -0.120
       5.024	 -0.100
       5.028	 -0.095
       5.032	 -0.080
       5.036	 -0.065
       5.040	 -0.055
       5.044	 -0.045
       5.048	 -0.035
       5.052	 -0.020
       5.056	  0.000
       5.060	  0.020
       5.064	  0.025
       5.068	  0.045
       5.072	  0.065
       5.076	  0.080
       5.080	  0.080
       5.084	  0.110
       5.088	  0.190
       5.092	  0.300
       5.096	  0.420
       5.100	  0.575
       5.104	  0.725
       5.108	  0.860
       5.112	  0.960
       5.116	  1.045
       5.120	  1.125
       5.124	  1.170
       5.128	  1.175
       5.132	  1.180
       5.136	  1.125
       5.140	  1.075
       5.144	  1.015
       5.148	  0.940
       5.152	  0.845
       5.156	  0.760
       5.160	  0.715
       5.164	  0.700
       5.168	  0.705
       5.172	  0.730
       5.176	  0.740
       5.180	  0.680
       5.184	  0.630
       5.188	  0.645
       5.192	  0.655
       5.196	  0.635
       5.200	  0.625
       5.204	  0.630
       5.208	  0.580
       5.212	  0.490
       5.216	  0.390
       5.220	  0.240
       5.224	  0.075
       5.228	 -0.050
       5.232	 -0.115
       5.236	 -0.170
       5.240	 -0.245
       5.244	 -0.315
       5.248	 -0.350
       5.252	 -0.345
       5.256	 -0.355
       5.260	 -0.360
       5.264	 -0.370
       5.268	 -0.360
       5.272	 -0.360
       5.276	 -0.360
       5.280	 -0.375
       5.284	 -0.375
       5.288	 -0.380
       5.292	 -0.375
       5.296	 -0.390
       5.300	 -0.385
       5.304	 -0.370
       5.308	 -0.365
       5.312	 -0.380
       5.316	 -0.365
       5.320	 -0.355
       5.324	 -0.340
       5.328	 -0.340
       5.332	 -0.320
       5.336	 -0.300
       5.340	 -0.285
       5.344	 -0.270
       5.348	 -0.255
       5.352	 -0.240
       5.356	 -0.215
       5.360	 -0.185
       5.364	 -0.175
       5.368	 -0.155
       5.372	 -0.130
       5.376	 -0.115
       5.380	 -0.105
       5.384	 -0.085
       5.388	 -0.065
       5.392	 -0.045
       5.396	 -0.045
       5.400	 -0.015
       5.404	  0.035
       5.408	  0.060
       5.412	  0.060
       5.416	  0.055
       5.420	  0.025
       5.424	 -0.020
       5.428	 -0.040
       5.432	 -0.040
       5.436	 -0.030
       5.440	 -0.035
       5.444	 -0.060
       5.448	 -0.090
       5.452	 -0.115
       5.456	 -0.125
       5.460	 -0.125
       5.464	 -0.135
       5.468	 -0.170
       5.472	 -0.225
       5.476	 -0.270
       5.480	 -0.310
       5.484	 -0.290
       5.488	 -0.270
       5.492	 -0.250
       5.496	 -0.250
       5.500	 -0.220
       5.504	 -0.200
       5.508	 -0.175
       5.512	 -0.170
       5.516	 -0.145
       5.520	 -0.125
       5.524	 -0.100
       5.528	 -0.095
       5.532	 -0.080
       5.536	 -0.065
       5.540	 -0.045
       5.544	 -0.040
       5.548	 -0.040
       5.552	 -0.025
       5.556	  0.000
       5.560	  0.020
       5.564	  0.030
       5.568	  0.045
       5.572	  0.075
       5.576	  0.095
       5.580	  0.095
       5.584	  0.125
       5.588	  0.215
       5.592	  0.325
       5.596	  0.450
       5.600	  0.605
       5.604	  0.755
       5.608	  0.885
       5.612	  0.980
       5.616	  1.070
       5.620	  1.140
       5.624	  1.165
       5.628	  1.170
       5.632	  1.155
       5.636	  1.100
       5.640	  1.050
       5.644	  0.995
       5.648	  0.910
       5.652	  0.825
       5.656	  0.740
       5.660	  0.715
       5.664	  0.700
       5.668	  0.710
       5.672	  0.735
       5.676	  0.740
       5.680	  0.665
       5.684	  0.635
       5.688	  0.650
       5.692	  0.660
       5.696	  0.630
       5.700	  0.630
       5.704	  0.625
       5.708	  0.570
       5.712	  0.475
       5.716	  0.360
       5.720	  0.200
       5.724	  0.045
       5.728	 -0.075
       5.732	 -0.145
       5.736	 -0.210
       5.740	 -0.280
       5.744	 -0.350
       5.748	 -0.370
       5.752	 -0.365
       5.756	 -0.365
       5.760	 -0.370
       5.764	 -0.385
       5.768	 -0.375
       5.772	 -0.370
       5.776	 -0.380
       5.780	 -0.395
       5.784	 -0.395
       5.788	 -0.395
       5.792	 -0.395
       5.796	 -0.405
       5.800	 -0.400
       5.804	 -0.380
       5.808	 -0.375
       5.812	 -0.380
       5.816	 -0.365
       5.820	 -0.350
       5.824	 -0.340
       5.828	 -0.335
       5.832	 -0.315
       5.836	 -0.290
       5.840	 -0.275
       5.844	 -0.265
       5.848	 -0.255
       5.852	 -0.230
       5.856	 -0.215
       5.860	 -0.185
       5.864	 -0.170
       5.868	 -0.150
       5.872	 -0.130
       5.876	 -0.110
       5.880	 -0.100
       5.884	 -0.085
       5.888	 -0.075
       5.892	 -0.050
       5.896	 -0.050
       5.900	 -0.020
       5.904	  0.020
       5.908	  0.050
       5.912	  0.040
       5.916	  0.035
       5.920	  0.005
       5.924	 -0.030
       5.928	 -0.055
       5.932	 -0.055
       5.936	 -0.045
       5.940	 -0.050
       5.944	 -0.075
       5.948	 -0.110
       5.952	 -0.130
       5.956	 -0.145
       5.960	 -0.135
       5.964	 -0.140
       5.968	 -0.185
       5.972	 -0.235
       5.976	 -0.280
       5.980	 -0.305
       5.984	 -0.300
       5.988	 -0.270
       5.992	 -0.250
       5.996	 -0.250
       6.000	 -0.230
       6.004	 -0.200
       6.008	 -0.180
       6.012	 -0.175
       6.016	 -0.150
       6.020	 -0.120
       6.024	 -0.095
       6.028	 -0.090
       6.032	 -0.080
       6.036	 -0.060
       6.040	 -0.050
       6.044	 -0.045
       6.048	 -0.040
       6.052	 -0.030
       6.056	 -0.020
       6.060	  0.015
       6.064	  0.015
       6.068	  0.030
       6.072	  0.045
       6.076	  0.060
       6.080	  0.055
       6.084	  0.080
       6.088	  0.155
       6.092	  0.270
       6.096	  0.390
       6.100	  0.555
       6.104	  0.710
       6.108	  0.850
       6.112	  0.940
       6.116	  1.030
       6.120	  1.110
       6.124	  1.140
       6.128	  1.155
       6.132	  1.140
       6.136	  1.085
       6.140	  1.035
       6.144	  0.970
       6.148	  0.885
       6.152	  0.790
       6.156	  0.715
       6.160	  0.685
       6.164	  0.675
       6.168	  0.690
       6.172	  0.725
       6.176	  0.720
       6.180	  0.650
       6.184	  0.620
       6.188	  0.640
       6.192	  0.650
       6.196	  0.620
       6.200	  0.620
       6.204	  0.620
       6.208	  0.560
       6.212	  0.475
       6.216	  0.355
       6.220	  0.195
       6.224	  0.045
       6.228	 -0.065
       6.232	 -0.130
       6.236	 -0.200
       6.240	 -0.280
       6.244	 -0.340
       6.248	 -0.365
       6.252	 -0.360
       6.256	 -0.360
       6.260	 -0.360
       6.264	 -0.385
       6.268	 -0.380
       6.272	 -0.385
       6.276	 -0.395
       6.280	 -0.420
       6.284	 -0.420
       6.288	 -0.420
       6.292	 -0.415
       6.296	 -0.430
       6.300	 -0.430
       6.304	 -0.420
       6.308	 -0.405
       6.312	 -0.410
       6.316	 -0.390
       6.320	 -0.375
       6.324	 -0.355
       6.328	 -0.350
       6.332	 -0.330
       6.336	 -0.310
       6.340	 -0.290
       6.344	 -0.275
       6.348	 -0.260
       6.352	 -0.235
       6.356	 -0.210
       6.360	 -0.185
       6.364	 -0.175
       6.368	 -0.155
       6.372	 -0.140
       6.376	 -0.130
       6.380	 -0.130
       6.384	 -0.110
       6.388	 -0.090
       6.392	 -0.075
       6.396	 -0.075
       6.400	 -0.055
       6.404	 -0.025
       6.408	  0.015
       6.412	  0.015
       6.416	  0.005
       6.420	 -0.025
       6.424	 -0.050
       6.428	 -0.075
       6.432	 -0.080
       6.436	 -0.065
       6.440	 -0.070
       6.444	 -0.095
       6.448	 -0.125
       6.452	 -0.145
       6.456	 -0.165
       6.460	 -0.150
       6.464	 -0.160
       6.468	 -0.195
       6.472	 -0.245
       6.476	 -0.290
       6.480	 -0.330
       6.484	 -0.315
       6.488	 -0.290
       6.492	 -0.275
       6.496	 -0.280
       6.500	 -0.250
       6.504	 -0.225
       6.508	 -0.200
       6.512	 -0.195
       6.516	 -0.175
       6.520	 -0.155
       6.524	 -0.125
       6.528	 -0.120
       6.532	 -0.110
       6.536	 -0.090
       6.540	 -0.080
       6.544	 -0.075
       6.548	 -0.065
       6.552	 -0.050
       6.556	 -0.035
       6.560	  0.000
       6.564	  0.005
       6.568	  0.020
       6.572	  0.045
       6.576	  0.060
       6.580	  0.065
       6.584	  0.100
       6.588	  0.180
       6.592	  0.290
       6.596	  0.415
       6.600	  0.565
       6.604	  0.725
       6.608	  0.855
       6.612	  0.940
       6.616	  1.025
       6.620	  1.100
       6.624	  1.125
       6.628	  1.130
       6.632	  1.120
       6.636	  1.065
       6.640	  1.015
       6.644	  0.960
       6.648	  0.880
       6.652	  0.790
       6.656	  0.710
       6.660	  0.680
       6.664	  0.660
       6.668	  0.675
       6.672	  0.700
       6.676	  0.715
       6.680	  0.655
       6.684	  0.615
       6.688	  0.630
       6.692	  0.645
       6.696	  0.610
       6.700	  0.610
       6.704	  0.610
       6.708	  0.550
       6.712	  0.455
       6.716	  0.345
       6.720	  0.180
       6.724	  0.030
       6.728	 -0.095
       6.732	 -0.165
       6.736	 -0.220
       6.740	 -0.290
       6.744	 -0.360
       6.748	 -0.380
       6.752	 -0.370
       6.756	 -0.370
       6.760	 -0.370
       6.764	 -0.380
       6.768	 -0.375
       6.772	 -0.380
       6.776	 -0.385
       6.780	 -0.400
       6.784	 -0.400
       6.788	 -0.395
       6.792	 -0.400
       6.796	 -0.415
       6.800	 -0.415
       6.804	 -0.405
       6.808	 -0.400
       6.812	 -0.410
       6.816	 -0.400
       6.820	 -0.385
       6.824	 -0.375
       6.828	 -0.370
       6.832	 -0.355
       6.836	 -0.330
       6.840	 -0.315
       6.844	 -0.300
       6.848	 -0.290
       6.852	 -0.270
       6.856	 -0.260
       6.860	 -0.230
       6.864	 -0.220
       6.868	 -0.200
       6.872	 -0.175
       6.876	 -0.145
       6.880	 -0.145
       6.884	 -0.125
       6.888	 -0.115
       6.892	 -0.100
       6.896	 -0.100
       6.900	 -0.075
       6.904	 -0.045
       6.908	  0.000
       6.912	  0.010
       6.916	  0.015
       6.920	  0.000
       6.924	 -0.040
       6.928	 -0.080
       6.932	 -0.090
       6.936	 -0.090
       6.940	 -0.085
       6.944	 -0.100
       6.948	 -0.130
       6.952	 -0.160
       6.956	 -0.175
       6.960	 -0.190
       6.964	 -0.190
       6.968	 -0.200
       6.972	 -0.240
       6.976	 -0.300
       6.980	 -0.355
       6.984	 -0.370
       6.988	 -0.355
       6.992	 -0.330
       6.996	 -0.325
       7.000	 -0.310
       7.004	 -0.285
       7.008	 -0.260
       7.012	 -0.255
       7.016	 -0.240
       7.020	 -0.220
       7.024	 -0.200
       7.028	 -0.195
       7.032	 -0.180
       7.036	 -0.155
       7.040	 -0.145
       7.044	 -0.140
       7.048	 -0.140
       7.052	 -0.125
       7.056	 -0.120
       7.060	 -0.105
       7.064	 -0.100
       7.068	 -0.080
       7.072	 -0.060
       7.076	 -0.035
       7.080	 -0.035
       7.084	 -0.020
       7.088	  0.035
       7.092	  0.130
       7.096	  0.240
       7.100	  0.385
       7.104	  0.540
       7.108	  0.685
       7.112	  0.800
       7.116	  0.885
       7.120	  0.975
       7.124	  1.025
       7.128	  1.030
       7.132	  1.045
       7.136	  1.010
       7.140	  0.955
       7.144	  0.890
       7.148	  0.835
       7.152	  0.750
       7.156	  0.660
       7.160	  0.595
       7.164	  0.575
       7.168	  0.570
       7.172	  0.600
       7.176	  0.625
       7.180	  0.590
       7.184	  0.530
       7.188	  0.530
       7.192	  0.555
       7.196	  0.555
       7.200	  0.540
       7.204	  0.550
       7.208	  0.525
       7.212	  0.440
       7.216	  0.355
       7.220	  0.220
       7.224	  0.050
       7.228	 -0.105
       7.232	 -0.185
       7.236	 -0.250
       7.240	 -0.320
       7.244	 -0.400
       7.248	 -0.455
       7.252	 -0.455
       7.256	 -0.450
       7.260	 -0.460
       7.264	 -0.480
       7.268	 -0.475
       7.272	 -0.475
       7.276	 -0.470
       7.280	 -0.490
       7.284	 -0.485
       7.288	 -0.485
       7.292	 -0.480
       7.296	 -0.490
       7.300	 -0.480
       7.304	 -0.475
       7.308	 -0.465
       7.312	 -0.470
       7.316	 -0.455
       7.320	 -0.440
       7.324	 -0.425
       7.328	 -0.420
       7.332	 -0.400
       7.336	 -0.380
       7.340	 -0.360
       7.344	 -0.345
       7.348	 -0.330
       7.352	 -0.310
       7.356	 -0.290
       7.360	 -0.270
       7.364	 -0.265
       7.368	 -0.245
       7.372	 -0.225
       7.376	 -0.195
       7.380	 -0.190
       7.384	 -0.180
       7.388	 -0.165
       7.392	 -0.160
       7.396	 -0.150
       7.400	 -0.130
       7.404	 -0.100
       7.408	 -0.080
       7.412	 -0.060
       7.416	 -0.045
       7.420	 -0.050
       7.424	 -0.075
       7.428	 -0.115
       7.432	 -0.125
       7.436	 -0.125
       7.440	 -0.115
       7.444	 -0.120
       7.448	 -0.135
       7.452	 -0.160
       7.456	 -0.185
       7.460	 -0.200
       7.464	 -0.215
       7.468	 -0.205
       7.472	 -0.235
       7.476	 -0.285
       7.480	 -0.350
       7.484	 -0.375
       7.488	 -0.370
       7.492	 -0.350
       7.496	 -0.350
       7.500	 -0.340
       7.504	 -0.320
       7.508	 -0.290
       7.512	 -0.280
       7.516	 -0.265
       7.520	 -0.250
       7.524	 -0.230
       7.528	 -0.230
       7.532	 -0.210
       7.536	 -0.195
       7.540	 -0.180
       7.544	 -0.165
       7.548	 -0.160
       7.552	 -0.155
       7.556	 -0.150
       7.560	 -0.130
       7.564	 -0.125
       7.568	 -0.110
       7.572	 -0.090
       7.576	 -0.070
       7.580	 -0.065
       7.584	 -0.050
       7.588	 -0.020
       7.592	  0.070
       7.596	  0.170
       7.600	  0.305
       7.604	  0.465
       7.608	  0.625
       7.612	  0.750
       7.616	  0.855
       7.620	  0.945
       7.624	  1.015
       7.628	  1.030
       7.632	  1.050
       7.636	  1.060
       7.640	  1.000
       7.644	  0.940
       7.648	  0.885
       7.652	  0.815
       7.656	  0.725
       7.660	  0.640
       7.664	  0.580
       7.668	  0.580
       7.672	  0.585
       7.676	  0.615
       7.680	  0.610
       7.684	  0.565
       7.688	  0.520
       7.692	  0.540
       7.696	  0.540
       7.700	  0.530
       7.704	  0.525
       7.708	  0.530
       7.712	  0.460
       7.716	  0.395
       7.720	  0.280
       7.724	  0.120
       7.728	 -0.065
       7.732	 -0.170
       7.736	 -0.240
       7.740	 -0.300
       7.744	 -0.375
       7.748	 -0.440
       7.752	 -0.465
       7.756	 -0.460
       7.760	 -0.465
       7.764	 -0.490
       7.768	 -0.490
       7.772	 -0.490
       7.776	 -0.485
       7.780	 -0.500
       7.784	 -0.500
       7.788	 -0.500
       7.792	 -0.495
       7.796	 -0.515
       7.800	 -0.520
       7.804	 -0.510
       7.808	 -0.505
       7.812	 -0.515
       7.816	 -0.505
       7.820	 -0.485
       7.824	 -0.470
       7.828	 -0.470
       7.832	 -0.455
       7.836	 -0.435
       7.840	 -0.430
       7.844	 -0.420
       7.848	 -0.405
       7.852	 -0.380
       7.856	 -0.365
       7.860	 -0.340
       7.864	 -0.330
       7.868	 -0.305
       7.872	 -0.285
       7.876	 -0.265
       7.880	 -0.265
       7.884	 -0.250
       7.888	 -0.235
       7.892	 -0.225
       7.896	 -0.225
       7.900	 -0.200
       7.904	 -0.185
       7.908	 -0.155
       7.912	 -0.135
       7.916	 -0.115
       7.920	 -0.115
       7.924	 -0.130
       7.928	 -0.170
       7.932	 -0.190
       7.936	 -0.200
       7.940	 -0.190
       7.944	 -0.195
       7.948	 -0.205
       7.952	 -0.230
       7.956	 -0.245
       7.960	 -0.270
       7.964	 -0.285
       7.968	 -0.275
       7.972	 -0.290
       7.976	 -0.340
       7.980	 -0.400
       7.984	 -0.440
       7.988	 -0.440
       7.992	 -0.415
       7.996	 -0.405
       8.000	 -0.395
       8.004	 -0.375
       8.008	 -0.355
       8.012	 -0.350
       8.016	 -0.325
       8.020	 -0.305
       8.024	 -0.295
       8.028	 -0.290
       8.032	 -0.275
       8.036	 -0.255
       8.040	 -0.250
       8.044	 -0.245
       8.048	 -0.240
       8.052	 -0.220
       8.056	 -0.215
       8.060	 -0.200
       8.064	 -0.195
       8.068	 -0.175
       8.072	 -0.160
       8.076	 -0.135
       8.080	 -0.125
       8.084	 -0.110
       8.088	 -0.085
       8.092	 -0.030
       8.096	  0.060
       8.100	  0.185
       8.104	  0.325
       8.108	  0.485
       8.112	  0.595
       8.116	  0.705
       8.120	  0.765
       8.124	  0.830
       8.128	  0.855
       8.132	  0.870
       8.136	  0.895
       8.140	  0.860
       8.144	  0.800
       8.148	  0.755
       8.152	  0.695
       8.156	  0.615
       8.160	  0.520
       8.164	  0.460
       8.168	  0.455
       8.172	  0.460
       8.176	  0.480
       8.180	  0.495
       8.184	  0.460
       8.188	  0.400
       8.192	  0.405
       8.196	  0.410
       8.200	  0.410
       8.204	  0.400
       8.208	  0.410
       8.212	  0.355
       8.216	  0.290
       8.220	  0.205
       8.224	  0.075
       8.228	 -0.105
       8.232	 -0.225
       8.236	 -0.285
       8.240	 -0.345
       8.244	 -0.420
       8.248	 -0.490
       8.252	 -0.520
       8.256	 -0.525
       8.260	 -0.535
       8.264	 -0.545
       8.268	 -0.550
       8.272	 -0.545
       8.276	 -0.545
       8.280	 -0.565
       8.284	 -0.565
       8.288	 -0.570
       8.292	 -0.565
       8.296	 -0.585
       8.300	 -0.580
       8.304	 -0.570
       8.308	 -0.560
       8.312	 -0.570
       8.316	 -0.560
       8.320	 -0.550
       8.324	 -0.540
       8.328	 -0.540
       8.332	 -0.525
       8.336	 -0.515
       8.340	 -0.500
       8.344	 -0.500
       8.348	 -0.480
       8.352	 -0.455
       8.356	 -0.435
       8.360	 -0.415
       8.364	 -0.400
       8.368	 -0.370
       8.372	 -0.345
       8.376	 -0.320
       8.380	 -0.310
       8.384	 -0.300
       8.388	 -0.280
       8.392	 -0.270
       8.396	 -0.265
       8.400	 -0.245
       8.404	 -0.220
       8.408	 -0.190
       8.412	 -0.170
       8.416	 -0.155
       8.420	 -0.160
       8.424	 -0.185
       8.428	 -0.225
       8.432	 -0.235
       8.436	 -0.240
       8.440	 -0.240
       8.444	 -0.240
       8.448	 -0.245
       8.452	 -0.265
       8.456	 -0.290
       8.460	 -0.305
       8.464	 -0.310
       8.468	 -0.300
       8.472	 -0.325
       8.476	 -0.370
       8.480	 -0.430
       8.484	 -0.460
       8.488	 -0.455
       8.492	 -0.430
       8.496	 -0.435
       8.500	 -0.420
       8.504	 -0.395
       8.508	 -0.370
       8.512	 -0.365
       8.516	 -0.340
       8.520	 -0.325
       8.524	 -0.305
       8.528	 -0.305
       8.532	 -0.285
       8.536	 -0.270
       8.540	 -0.255
       8.544	 -0.250
       8.548	 -0.240
       8.552	 -0.230
       8.556	 -0.220
       8.560	 -0.210
       8.564	 -0.205
       8.568	 -0.190
       8.572	 -0.165
       8.576	 -0.150
       8.580	 -0.140
       8.584	 -0.120
       8.588	 -0.090
       8.592	 -0.025
       8.596	  0.065
       8.600	  0.180
       8.604	  0.305
       8.608	  0.425
       8.612	  0.510
       8.616	  0.575
       8.620	  0.615
       8.624	  0.650
       8.628	  0.655
       8.632	  0.680
       8.636	  0.720
       8.640	  0.685
       8.644	  0.645
       8.648	  0.620
       8.652	  0.580
       8.656	  0.505
       8.660	  0.430
       8.664	  0.370
       8.668	  0.365
       8.672	  0.370
       8.676	  0.390
       8.680	  0.380
       8.684	  0.335
       8.688	  0.280
       8.692	  0.280
       8.696	  0.280
       8.700	  0.275
       8.704	  0.255
       8.708	  0.270
       8.712	  0.220
       8.716	  0.155
       8.720	  0.075
       8.724	 -0.060
       8.728	 -0.215
       8.732	 -0.320
       8.736	 -0.380
       8.740	 -0.440
       8.744	 -0.515
       8.748	 -0.570
       8.752	 -0.605
       8.756	 -0.610
       8.760	 -0.625
       8.764	 -0.630
       8.768	 -0.630
       8.772	 -0.620
       8.776	 -0.625
       8.780	 -0.640
       8.784	 -0.640
       8.788	 -0.640
       8.792	 -0.635
       8.796	 -0.650
       8.800	 -0.655
       8.804	 -0.650
       8.808	 -0.640
       8.812	 -0.650
       8.816	 -0.640
       8.820	 -0.630
       8.824	 -0.620
       8.828	 -0.620
       8.832	 -0.605
       8.836	 -0.580
       8.840	 -0.570
       8.844	 -0.570
       8.848	 -0.550
       8.852	 -0.525
       8.856	 -0.505
       8.860	 -0.490
       8.864	 -0.475
       8.868	 -0.450
       8.872	 -0.425
       8.876	 -0.400
       8.880	 -0.405
       8.884	 -0.395
       8.888	 -0.385
       8.892	 -0.360
       8.896	 -0.350
       8.900	 -0.335
       8.904	 -0.305
       8.908	 -0.265
       8.912	 -0.265
       8.916	 -0.265
       8.920	 -0.290
       8.924	 -0.315
       8.928	 -0.350
       8.932	 -0.365
       8.936	 -0.360
       8.940	 -0.360
       8.944	 -0.380
       8.948	 -0.400
       8.952	 -0.415
       8.956	 -0.435
       8.960	 -0.445
       8.964	 -0.445
       8.968	 -0.460
       8.972	 -0.495
       8.976	 -0.535
       8.980	 -0.585
       8.984	 -0.585
       8.988	 -0.555
       8.992	 -0.540
       8.996	 -0.535
       9.000	 -0.515
       9.004	 -0.485
       9.008	 -0.465
       9.012	 -0.460
       9.016	 -0.440
       9.020	 -0.415
       9.024	 -0.390
       9.028	 -0.385
       9.032	 -0.365
       9.036	 -0.345
       9.040	 -0.330
       9.044	 -0.320
       9.048	 -0.305
       9.052	 -0.290
       9.056	 -0.280
       9.060	 -0.270
       9.064	 -0.260
       9.068	 -0.240
       9.072	 -0.220
       9.076	 -0.195
       9.080	 -0.195
       9.084	 -0.170
       9.088	 -0.125
       9.092	 -0.040
       9.096	  0.060
       9.100	  0.185
       9.104	  0.310
       9.108	  0.425
       9.112	  0.495
       9.116	  0.545
       9.120	  0.590
       9.124	  0.620
       9.128	  0.620
       9.132	  0.675
       9.136	  0.685
       9.140	  0.655
       9.144	  0.630
       9.148	  0.595
       9.152	  0.535
       9.156	  0.460
       9.160	  0.385
       9.164	  0.355
       9.168	  0.355
       9.172	  0.360
       9.176	  0.390
       9.180	  0.355
       9.184	  0.295
       9.188	  0.280
       9.192	  0.305
       9.196	  0.310
       9.200	  0.300
       9.204	  0.310
       9.208	  0.300
       9.212	  0.225
       9.216	  0.155
       9.220	  0.050
       9.224	 -0.110
       9.228	 -0.260
       9.232	 -0.325
       9.236	 -0.385
       9.240	 -0.445
       9.244	 -0.520
       9.248	 -0.565
       9.252	 -0.580
       9.256	 -0.580
       9.260	 -0.590
       9.264	 -0.605
       9.268	 -0.600
       9.272	 -0.605
       9.276	 -0.610
       9.280	 -0.625
       9.284	 -0.620
       9.288	 -0.610
       9.292	 -0.605
       9.296	 -0.620
       9.300	 -0.615
       9.304	 -0.605
       9.308	 -0.585
       9.312	 -0.590
       9.316	 -0.580
       9.320	 -0.570
       9.324	 -0.545
       9.328	 -0.540
       9.332	 -0.525
       9.336	 -0.505
       9.340	 -0.490
       9.344	 -0.475
       9.348	 -0.450
       9.352	 -0.425
       9.356	 -0.410
       9.360	 -0.395
       9.364	 -0.370
       9.368	 -0.350
       9.372	 -0.335
       9.376	 -0.320
       9.380	 -0.310
       9.384	 -0.305
       9.388	 -0.295
       9.392	 -0.295
       9.396	 -0.300
       9.400	 -0.285
       9.404	 -0.265
       9.408	 -0.240
       9.412	 -0.220
       9.416	 -0.200
       9.420	 -0.195
       9.424	 -0.210
       9.428	 -0.250
       9.432	 -0.270
       9.436	 -0.275
       9.440	 -0.270
       9.444	 -0.275
       9.448	 -0.275
       9.452	 -0.285
       9.456	 -0.300
       9.460	 -0.320
       9.464	 -0.335
       9.468	 -0.310
       9.472	 -0.325
       9.476	 -0.365
       9.480	 -0.425
       9.484	 -0.460
       9.488	 -0.470
       9.492	 -0.450
       9.496	 -0.450
       9.500	 -0.435
       9.504	 -0.420
       9.508	 -0.400
       9.512	 -0.395
       9.516	 -0.380
       9.520	 -0.365
       9.524	 -0.350
       9.528	 -0.350
       9.532	 -0.335
       9.536	 -0.320
       9.540	 -0.310
       9.544	 -0.320
       9.548	 -0.310
       9.552	 -0.300
       9.556	 -0.290
       9.560	 -0.290
       9.564	 -0.285
       9.568	 -0.270
       9.572	 -0.255
       9.576	 -0.235
       9.580	 -0.220
       9.584	 -0.205
       9.588	 -0.185
       9.592	 -0.135
       9.596	 -0.055
       9.600	  0.070
       9.604	  0.195
       9.608	  0.340
       9.612	  0.445
       9.616	  0.540
       9.620	  0.605
       9.624	  0.665
       9.628	  0.685
       9.632	  0.715
       9.636	  0.750
       9.640	  0.725
       9.644	  0.680
       9.648	  0.655
       9.652	  0.605
       9.656	  0.525
       9.660	  0.450
       9.664	  0.390
       9.668	  0.390
       9.672	  0.395
       9.676	  0.425
       9.680	  0.435
       9.684	  0.410
       9.688	  0.345
       9.692	  0.340
       9.696	  0.345
       9.700	  0.350
       9.704	  0.340
       9.708	  0.355
       9.712	  0.310
       9.716	  0.240
       9.720	  0.160
       9.724	  0.035
       9.728	 -0.140
       9.732	 -0.250
       9.736	 -0.320
       9.740	 -0.380
       9.744	 -0.455
       9.748	 -0.515
       9.752	 -0.555
       9.756	 -0.560
       9.760	 -0.555
       9.764	 -0.565
       9.768	 -0.565
       9.772	 -0.565
       9.776	 -0.570
       9.780	 -0.585
       9.784	 -0.590
       9.788	 -0.590
       9.792	 -0.590
       9.796	 -0.600
       9.800	 -0.605
       9.804	 -0.605
       9.808	 -0.595
       9.812	 -0.600
       9.816	 -0.600
       9.820	 -0.585
       9.824	 -0.575
       9.828	 -0.580
       9.832	 -0.565
       9.836	 -0.535
       9.840	 -0.520
       9.844	 -0.515
       9.848	 -0.490
       9.852	 -0.460
       9.856	 -0.445
       9.860	 -0.425
       9.864	 -0.415
       9.868	 -0.390
       9.872	 -0.370
       9.876	 -0.350
       9.880	 -0.350
       9.884	 -0.335
       9.888	 -0.325
       9.892	 -0.310
       9.896	 -0.320
       9.900	 -0.310
       9.904	 -0.295
       9.908	 -0.285
       9.912	 -0.285
       9.916	 -0.260
       9.920	 -0.235
       9.924	 -0.225
       9.928	 -0.245
       9.932	 -0.265
       9.936	 -0.290
       9.940	 -0.305
       9.944	 -0.320
       9.948	 -0.305
       9.952	 -0.290
       9.956	 -0.300
       9.960	 -0.330
       9.964	 -0.350
       9.968	 -0.360
       9.972	 -0.350
       9.976	 -0.335
       9.980	 -0.370
       9.984	 -0.425
       9.988	 -0.460
       9.992	 -0.490
       9.996	 -0.490
