Elapsed_time	ECG
       0.000	 -0.130
       0.004	 -0.250
       0.008	 -0.370
       0.012	 -0.430
       0.016	 -0.485
       0.020	 -0.550
       0.024	 -0.585
       0.028	 -0.590
       0.032	 -0.595
       0.036	 -0.610
       0.040	 -0.630
       0.044	 -0.640
       0.048	 -0.640
       0.052	 -0.645
       0.056	 -0.655
       0.060	 -0.665
       0.064	 -0.670
       0.068	 -0.670
       0.072	 -0.670
       0.076	 -0.675
       0.080	 -0.675
       0.084	 -0.670
       0.088	 -0.655
       0.092	 -0.660
       0.096	 -0.650
       0.100	 -0.650
       0.104	 -0.640
       0.108	 -0.625
       0.112	 -0.600
       0.116	 -0.575
       0.120	 -0.550
       0.124	 -0.525
       0.128	 -0.505
       0.132	 -0.475
       0.136	 -0.445
       0.140	 -0.415
       0.144	 -0.390
       0.148	 -0.345
       0.152	 -0.320
       0.156	 -0.305
       0.160	 -0.300
       0.164	 -0.285
       0.168	 -0.240
       0.172	 -0.190
       0.176	 -0.180
       0.180	 -0.180
       0.184	 -0.210
       0.188	 -0.230
       0.192	 -0.245
       0.196	 -0.240
       0.200	 -0.250
       0.204	 -0.260
       0.208	 -0.300
       0.212	 -0.330
       0.216	 -0.360
       0.220	 -0.390
       0.224	 -0.410
       0.228	 -0.410
       0.232	 -0.440
       0.236	 -0.500
       0.240	 -0.555
       0.244	 -0.605
       0.248	 -0.630
       0.252	 -0.640
       0.256	 -0.640
       0.260	 -0.625
       0.264	 -0.610
       0.268	 -0.580
       0.272	 -0.555
       0.276	 -0.545
       0.280	 -0.520
       0.284	 -0.490
       0.288	 -0.460
       0.292	 -0.450
       0.296	 -0.425
       0.300	 -0.390
       0.304	 -0.365
       0.308	 -0.350
       0.312	 -0.310
       0.316	 -0.275
       0.320	 -0.260
       0.324	 -0.245
       0.328	 -0.235
       0.332	 -0.205
       0.336	 -0.175
       0.340	 -0.140
       0.344	 -0.120
       0.348	 -0.075
       0.352	  0.005
       0.356	  0.115
       0.360	  0.240
       0.364	  0.380
       0.368	  0.520
       0.372	  0.690
       0.376	  0.795
       0.380	  0.880
       0.384	  0.950
       0.388	  1.040
       0.392	  1.130
       0.396	  1.220
       0.400	  1.235
       0.404	  1.225
       0.408	  1.180
       0.412	  1.145
       0.416	  1.095
       0.420	  1.015
       0.424	  0.955
       0.428	  0.940
       0.432	  0.925
       0.436	  0.905
       0.440	  0.870
       0.444	  0.840
       0.448	  0.760
       0.452	  0.700
       0.456	  0.650
       0.460	  0.595
       0.464	  0.600
       0.468	  0.635
       0.472	  0.595
       0.476	  0.495
       0.480	  0.390
       0.484	  0.295
       0.488	  0.195
       0.492	  0.055
       0.496	 -0.090
       0.500	 -0.205
       0.504	 -0.315
       0.508	 -0.405
       0.512	 -0.465
       0.516	 -0.505
       0.520	 -0.540
       0.524	 -0.570
       0.528	 -0.590
       0.532	 -0.600
       0.536	 -0.620
       0.540	 -0.615
       0.544	 -0.615
       0.548	 -0.610
       0.552	 -0.625
       0.556	 -0.635
       0.560	 -0.655
       0.564	 -0.660
       0.568	 -0.670
       0.572	 -0.670
       0.576	 -0.675
       0.580	 -0.670
       0.584	 -0.670
       0.588	 -0.655
       0.592	 -0.650
       0.596	 -0.620
       0.600	 -0.615
       0.604	 -0.595
       0.608	 -0.585
       0.612	 -0.560
       0.616	 -0.540
       0.620	 -0.515
       0.624	 -0.485
       0.628	 -0.445
       0.632	 -0.420
       0.636	 -0.405
       0.640	 -0.390
       0.644	 -0.365
       0.648	 -0.335
       0.652	 -0.290
       0.656	 -0.250
       0.660	 -0.235
       0.664	 -0.210
       0.668	 -0.180
       0.672	 -0.150
       0.676	 -0.155
       0.680	 -0.175
       0.684	 -0.200
       0.688	 -0.220
       0.692	 -0.240
       0.696	 -0.240
       0.700	 -0.240
       0.704	 -0.250
       0.708	 -0.285
       0.712	 -0.320
       0.716	 -0.360
       0.720	 -0.385
       0.724	 -0.405
       0.728	 -0.440
       0.732	 -0.485
       0.736	 -0.550
       0.740	 -0.600
       0.744	 -0.620
       0.748	 -0.620
       0.752	 -0.615
       0.756	 -0.600
       0.760	 -0.600
       0.764	 -0.570
       0.768	 -0.540
       0.772	 -0.510
       0.776	 -0.495
       0.780	 -0.455
       0.784	 -0.445
       0.788	 -0.425
       0.792	 -0.415
       0.796	 -0.385
       0.800	 -0.365
       0.804	 -0.320
       0.808	 -0.305
       0.812	 -0.265
       0.816	 -0.240
       0.820	 -0.225
       0.824	 -0.205
       0.828	 -0.180
       0.832	 -0.145
       0.836	 -0.120
       0.840	 -0.105
       0.844	 -0.065
       0.848	  0.025
       0.852	  0.140
       0.856	  0.270
       0.860	  0.390
       0.864	  0.530
       0.868	  0.685
       0.872	  0.810
       0.876	  0.895
       0.880	  0.975
       0.884	  1.060
       0.888	  1.155
       0.892	  1.230
       0.896	  1.250
       0.900	  1.255
       0.904	  1.225
       0.908	  1.180
       0.912	  1.135
       0.916	  1.055
       0.920	  1.010
       0.924	  1.000
       0.928	  0.975
       0.932	  0.960
       0.936	  0.910
       0.940	  0.870
       0.944	  0.800
       0.948	  0.745
       0.952	  0.685
       0.956	  0.650
       0.960	  0.645
       0.964	  0.675
       0.968	  0.630
       0.972	  0.540
       0.976	  0.420
       0.980	  0.340
       0.984	  0.245
       0.988	  0.125
       0.992	 -0.030
       0.996	 -0.160
       1.000	 -0.275
       1.004	 -0.360
       1.008	 -0.425
       1.012	 -0.455
       1.016	 -0.495
       1.020	 -0.525
       1.024	 -0.570
       1.028	 -0.580
       1.032	 -0.570
       1.036	 -0.570
       1.040	 -0.570
       1.044	 -0.585
       1.048	 -0.605
       1.052	 -0.600
       1.056	 -0.590
       1.060	 -0.595
       1.064	 -0.600
       1.068	 -0.590
       1.072	 -0.580
       1.076	 -0.585
       1.080	 -0.580
       1.084	 -0.570
       1.088	 -0.565
       1.092	 -0.555
       1.096	 -0.540
       1.100	 -0.525
       1.104	 -0.500
       1.108	 -0.480
       1.112	 -0.445
       1.116	 -0.430
       1.120	 -0.410
       1.124	 -0.405
       1.128	 -0.370
       1.132	 -0.340
       1.136	 -0.320
       1.140	 -0.290
       1.144	 -0.265
       1.148	 -0.235
       1.152	 -0.205
       1.156	 -0.160
       1.160	 -0.125
       1.164	 -0.090
       1.168	 -0.080
       1.172	 -0.070
       1.176	 -0.090
       1.180	 -0.120
       1.184	 -0.140
       1.188	 -0.150
       1.192	 -0.170
       1.196	 -0.160
       1.200	 -0.175
       1.204	 -0.210
       1.208	 -0.260
       1.212	 -0.280
       1.216	 -0.295
       1.220	 -0.275
       1.224	 -0.305
       1.228	 -0.375
       1.232	 -0.440
       1.236	 -0.495
       1.240	 -0.530
       1.244	 -0.540
       1.248	 -0.520
       1.252	 -0.505
       1.256	 -0.480
       1.260	 -0.465
       1.264	 -0.440
       1.268	 -0.420
       1.272	 -0.410
       1.276	 -0.385
       1.280	 -0.345
       1.284	 -0.315
       1.288	 -0.290
       1.292	 -0.270
       1.296	 -0.245
       1.300	 -0.210
       1.304	 -0.185
       1.308	 -0.180
       1.312	 -0.160
       1.316	 -0.135
       1.320	 -0.110
       1.324	 -0.080
       1.328	 -0.050
       1.332	 -0.020
       1.336	  0.005
       1.340	  0.035
       1.344	  0.105
       1.348	  0.210
       1.352	  0.335
       1.356	  0.475
       1.360	  0.600
       1.364	  0.760
       1.368	  0.895
       1.372	  0.995
       1.376	  1.060
       1.380	  1.140
       1.384	  1.210
       1.388	  1.305
       1.392	  1.340
       1.396	  1.335
       1.400	  1.315
       1.404	  1.290
       1.408	  1.240
       1.412	  1.155
       1.416	  1.100
       1.420	  1.085
       1.424	  1.050
       1.428	  1.045
       1.432	  1.010
       1.436	  0.980
       1.440	  0.915
       1.444	  0.835
       1.448	  0.800
       1.452	  0.765
       1.456	  0.745
       1.460	  0.755
       1.464	  0.740
       1.468	  0.660
       1.472	  0.560
       1.476	  0.465
       1.480	  0.380
       1.484	  0.255
       1.488	  0.115
       1.492	  0.005
       1.496	 -0.105
       1.500	 -0.205
       1.504	 -0.285
       1.508	 -0.360
       1.512	 -0.400
       1.516	 -0.420
       1.520	 -0.440
       1.524	 -0.460
       1.528	 -0.465
       1.532	 -0.460
       1.536	 -0.475
       1.540	 -0.475
       1.544	 -0.475
       1.548	 -0.490
       1.552	 -0.510
       1.556	 -0.505
       1.560	 -0.525
       1.564	 -0.535
       1.568	 -0.540
       1.572	 -0.525
       1.576	 -0.540
       1.580	 -0.530
       1.584	 -0.520
       1.588	 -0.495
       1.592	 -0.485
       1.596	 -0.465
       1.600	 -0.450
       1.604	 -0.435
       1.608	 -0.425
       1.612	 -0.395
       1.616	 -0.365
       1.620	 -0.345
       1.624	 -0.335
       1.628	 -0.305
       1.632	 -0.275
       1.636	 -0.245
       1.640	 -0.220
       1.644	 -0.205
       1.648	 -0.175
       1.652	 -0.145
       1.656	 -0.120
       1.660	 -0.095
       1.664	 -0.065
       1.668	 -0.040
       1.672	 -0.030
       1.676	 -0.050
       1.680	 -0.070
       1.684	 -0.095
       1.688	 -0.105
       1.692	 -0.120
       1.696	 -0.120
       1.700	 -0.135
       1.704	 -0.165
       1.708	 -0.210
       1.712	 -0.230
       1.716	 -0.260
       1.720	 -0.280
       1.724	 -0.310
       1.728	 -0.370
       1.732	 -0.430
       1.736	 -0.485
       1.740	 -0.510
       1.744	 -0.505
       1.748	 -0.490
       1.752	 -0.485
       1.756	 -0.470
       1.760	 -0.470
       1.764	 -0.450
       1.768	 -0.430
       1.772	 -0.405
       1.776	 -0.390
       1.780	 -0.370
       1.784	 -0.340
       1.788	 -0.315
       1.792	 -0.305
       1.796	 -0.270
       1.800	 -0.240
       1.804	 -0.220
       1.808	 -0.215
       1.812	 -0.190
       1.816	 -0.190
       1.820	 -0.175
       1.824	 -0.155
       1.828	 -0.115
       1.832	 -0.075
       1.836	 -0.055
       1.840	 -0.035
       1.844	  0.035
       1.848	  0.145
       1.852	  0.270
       1.856	  0.400
       1.860	  0.525
       1.864	  0.670
       1.868	  0.800
       1.872	  0.895
       1.876	  0.960
       1.880	  1.040
       1.884	  1.130
       1.888	  1.220
       1.892	  1.260
       1.896	  1.270
       1.900	  1.260
       1.904	  1.215
       1.908	  1.170
       1.912	  1.075
       1.916	  1.005
       1.920	  0.980
       1.924	  0.955
       1.928	  0.945
       1.932	  0.925
       1.936	  0.900
       1.940	  0.855
       1.944	  0.790
       1.948	  0.740
       1.952	  0.680
       1.956	  0.670
       1.960	  0.675
       1.964	  0.655
       1.968	  0.575
       1.972	  0.470
       1.976	  0.365
       1.980	  0.280
       1.984	  0.160
       1.988	  0.045
       1.992	 -0.105
       1.996	 -0.210
       2.000	 -0.320
       2.004	 -0.385
       2.008	 -0.450
       2.012	 -0.495
       2.016	 -0.520
       2.020	 -0.525
       2.024	 -0.560
       2.028	 -0.565
       2.032	 -0.570
       2.036	 -0.570
       2.040	 -0.580
       2.044	 -0.585
       2.048	 -0.590
       2.052	 -0.600
       2.056	 -0.600
       2.060	 -0.610
       2.064	 -0.610
       2.068	 -0.605
       2.072	 -0.605
       2.076	 -0.620
       2.080	 -0.610
       2.084	 -0.605
       2.088	 -0.595
       2.092	 -0.580
       2.096	 -0.565
       2.100	 -0.555
       2.104	 -0.535
       2.108	 -0.525
       2.112	 -0.500
       2.116	 -0.465
       2.120	 -0.440
       2.124	 -0.420
       2.128	 -0.385
       2.132	 -0.365
       2.136	 -0.350
       2.140	 -0.320
       2.144	 -0.295
       2.148	 -0.255
       2.152	 -0.230
       2.156	 -0.200
       2.160	 -0.180
       2.164	 -0.140
       2.168	 -0.130
       2.172	 -0.125
       2.176	 -0.160
       2.180	 -0.185
       2.184	 -0.205
       2.188	 -0.200
       2.192	 -0.205
       2.196	 -0.205
       2.200	 -0.240
       2.204	 -0.275
       2.208	 -0.325
       2.212	 -0.350
       2.216	 -0.365
       2.220	 -0.365
       2.224	 -0.410
       2.228	 -0.470
       2.232	 -0.530
       2.236	 -0.585
       2.240	 -0.605
       2.244	 -0.580
       2.248	 -0.560
       2.252	 -0.550
       2.256	 -0.545
       2.260	 -0.520
       2.264	 -0.500
       2.268	 -0.480
       2.272	 -0.450
       2.276	 -0.435
       2.280	 -0.405
       2.284	 -0.375
       2.288	 -0.350
       2.292	 -0.335
       2.296	 -0.305
       2.300	 -0.280
       2.304	 -0.260
       2.308	 -0.245
       2.312	 -0.215
       2.316	 -0.180
       2.320	 -0.155
       2.324	 -0.145
       2.328	 -0.115
       2.332	 -0.080
       2.336	 -0.060
       2.340	 -0.030
       2.344	  0.060
       2.348	  0.175
       2.352	  0.310
       2.356	  0.450
       2.360	  0.585
       2.364	  0.740
       2.368	  0.855
       2.372	  0.940
       2.376	  1.010
       2.380	  1.095
       2.384	  1.175
       2.388	  1.260
       2.392	  1.270
       2.396	  1.275
       2.400	  1.255
       2.404	  1.215
       2.408	  1.140
       2.412	  1.050
       2.416	  0.995
       2.420	  0.985
       2.424	  0.960
       2.428	  0.955
       2.432	  0.930
       2.436	  0.910
       2.440	  0.830
       2.444	  0.765
       2.448	  0.715
       2.452	  0.655
       2.456	  0.655
       2.460	  0.675
       2.464	  0.630
       2.468	  0.530
       2.472	  0.430
       2.476	  0.340
       2.480	  0.245
       2.484	  0.115
       2.488	 -0.035
       2.492	 -0.170
       2.496	 -0.285
       2.500	 -0.360
       2.504	 -0.405
       2.508	 -0.475
       2.512	 -0.510
       2.516	 -0.520
       2.520	 -0.545
       2.524	 -0.570
       2.528	 -0.580
       2.532	 -0.585
       2.536	 -0.595
       2.540	 -0.600
       2.544	 -0.590
       2.548	 -0.590
       2.552	 -0.595
       2.556	 -0.600
       2.560	 -0.630
       2.564	 -0.635
       2.568	 -0.635
       2.572	 -0.630
       2.576	 -0.630
       2.580	 -0.625
       2.584	 -0.620
       2.588	 -0.615
       2.592	 -0.610
       2.596	 -0.570
       2.600	 -0.560
       2.604	 -0.545
       2.608	 -0.535
       2.612	 -0.505
       2.616	 -0.485
       2.620	 -0.450
       2.624	 -0.425
       2.628	 -0.385
       2.632	 -0.365
       2.636	 -0.345
       2.640	 -0.335
       2.644	 -0.305
       2.648	 -0.275
       2.652	 -0.240
       2.656	 -0.210
       2.660	 -0.180
       2.664	 -0.160
       2.668	 -0.145
       2.672	 -0.155
       2.676	 -0.180
       2.680	 -0.200
       2.684	 -0.220
       2.688	 -0.220
       2.692	 -0.230
       2.696	 -0.240
       2.700	 -0.270
       2.704	 -0.305
       2.708	 -0.350
       2.712	 -0.370
       2.716	 -0.380
       2.720	 -0.400
       2.724	 -0.450
       2.728	 -0.505
       2.732	 -0.555
       2.736	 -0.580
       2.740	 -0.585
       2.744	 -0.570
       2.748	 -0.560
       2.752	 -0.550
       2.756	 -0.525
       2.760	 -0.505
       2.764	 -0.480
       2.768	 -0.465
       2.772	 -0.445
       2.776	 -0.425
       2.780	 -0.405
       2.784	 -0.380
       2.788	 -0.345
       2.792	 -0.335
       2.796	 -0.290
       2.800	 -0.260
       2.804	 -0.230
       2.808	 -0.220
       2.812	 -0.195
       2.816	 -0.170
       2.820	 -0.145
       2.824	 -0.130
       2.828	 -0.085
       2.832	 -0.065
       2.836	 -0.040
       2.840	  0.020
       2.844	  0.115
       2.848	  0.240
       2.852	  0.375
       2.856	  0.505
       2.860	  0.655
       2.864	  0.800
       2.868	  0.900
       2.872	  0.980
       2.876	  1.070
       2.880	  1.155
       2.884	  1.245
       2.888	  1.290
       2.892	  1.310
       2.896	  1.315
       2.900	  1.275
       2.904	  1.220
       2.908	  1.125
       2.912	  1.055
       2.916	  1.040
       2.920	  1.035
       2.924	  1.000
       2.928	  0.975
       2.932	  0.935
       2.936	  0.890
       2.940	  0.815
       2.944	  0.760
       2.948	  0.720
       2.952	  0.685
       2.956	  0.710
       2.960	  0.700
       2.964	  0.635
       2.968	  0.540
       2.972	  0.440
       2.976	  0.345
       2.980	  0.215
       2.984	  0.080
       2.988	 -0.055
       2.992	 -0.180
       2.996	 -0.285
       3.000	 -0.360
       3.004	 -0.420
       3.008	 -0.480
       3.012	 -0.500
       3.016	 -0.505
       3.020	 -0.530
       3.024	 -0.550
       3.028	 -0.555
       3.032	 -0.555
       3.036	 -0.560
       3.040	 -0.560
       3.044	 -0.555
       3.048	 -0.570
       3.052	 -0.590
       3.056	 -0.605
       3.060	 -0.630
       3.064	 -0.625
       3.068	 -0.600
       3.072	 -0.585
       3.076	 -0.575
       3.080	 -0.570
       3.084	 -0.545
       3.088	 -0.520
       3.092	 -0.505
       3.096	 -0.485
       3.100	 -0.475
       3.104	 -0.445
       3.108	 -0.445
       3.112	 -0.415
       3.116	 -0.390
       3.120	 -0.355
       3.124	 -0.325
       3.128	 -0.290
       3.132	 -0.250
       3.136	 -0.220
       3.140	 -0.220
       3.144	 -0.205
       3.148	 -0.170
       3.152	 -0.140
       3.156	 -0.100
       3.160	 -0.065
       3.164	 -0.030
       3.168	 -0.030
       3.172	 -0.030
       3.176	 -0.070
       3.180	 -0.090
       3.184	 -0.115
       3.188	 -0.130
       3.192	 -0.140
       3.196	 -0.145
       3.200	 -0.160
       3.204	 -0.190
       3.208	 -0.215
       3.212	 -0.235
       3.216	 -0.240
       3.220	 -0.285
       3.224	 -0.350
       3.228	 -0.410
       3.232	 -0.455
       3.236	 -0.470
       3.240	 -0.480
       3.244	 -0.465
       3.248	 -0.445
       3.252	 -0.435
       3.256	 -0.415
       3.260	 -0.380
       3.264	 -0.365
       3.268	 -0.340
       3.272	 -0.310
       3.276	 -0.290
       3.280	 -0.260
       3.284	 -0.230
       3.288	 -0.195
       3.292	 -0.175
       3.296	 -0.145
       3.300	 -0.130
       3.304	 -0.125
       3.308	 -0.105
       3.312	 -0.080
       3.316	 -0.060
       3.320	 -0.030
       3.324	  0.000
       3.328	  0.020
       3.332	  0.030
       3.336	  0.055
       3.340	  0.120
       3.344	  0.220
       3.348	  0.340
       3.352	  0.455
       3.356	  0.575
       3.360	  0.715
       3.364	  0.860
       3.368	  0.955
       3.372	  1.040
       3.376	  1.095
       3.380	  1.160
       3.384	  1.240
       3.388	  1.275
       3.392	  1.265
       3.396	  1.255
       3.400	  1.215
       3.404	  1.190
       3.408	  1.100
       3.412	  1.055
       3.416	  1.030
       3.420	  1.010
       3.424	  0.985
       3.428	  0.970
       3.432	  0.935
       3.436	  0.885
       3.440	  0.815
       3.444	  0.765
       3.448	  0.725
       3.452	  0.710
       3.456	  0.720
       3.460	  0.705
       3.464	  0.635
       3.468	  0.520
       3.472	  0.435
       3.476	  0.335
       3.480	  0.225
       3.484	  0.100
       3.488	 -0.030
       3.492	 -0.145
       3.496	 -0.235
       3.500	 -0.300
       3.504	 -0.355
       3.508	 -0.410
       3.512	 -0.420
       3.516	 -0.445
       3.520	 -0.460
       3.524	 -0.480
       3.528	 -0.490
       3.532	 -0.490
       3.536	 -0.485
       3.540	 -0.495
       3.544	 -0.500
       3.548	 -0.510
       3.552	 -0.525
       3.556	 -0.540
       3.560	 -0.555
       3.564	 -0.555
       3.568	 -0.555
       3.572	 -0.550
       3.576	 -0.555
       3.580	 -0.545
       3.584	 -0.530
       3.588	 -0.515
       3.592	 -0.515
       3.596	 -0.500
       3.600	 -0.490
       3.604	 -0.475
       3.608	 -0.465
       3.612	 -0.425
       3.616	 -0.400
       3.620	 -0.365
       3.624	 -0.360
       3.628	 -0.340
       3.632	 -0.315
       3.636	 -0.285
       3.640	 -0.285
       3.644	 -0.255
       3.648	 -0.240
       3.652	 -0.235
       3.656	 -0.210
       3.660	 -0.170
       3.664	 -0.145
       3.668	 -0.145
       3.672	 -0.165
       3.676	 -0.205
       3.680	 -0.225
       3.684	 -0.235
       3.688	 -0.240
       3.692	 -0.260
       3.696	 -0.285
       3.700	 -0.315
       3.704	 -0.345
       3.708	 -0.385
       3.712	 -0.400
       3.716	 -0.400
       3.720	 -0.430
       3.724	 -0.500
       3.728	 -0.560
       3.732	 -0.605
       3.736	 -0.640
       3.740	 -0.640
       3.744	 -0.635
       3.748	 -0.635
       3.752	 -0.630
       3.756	 -0.615
       3.760	 -0.600
       3.764	 -0.575
       3.768	 -0.555
       3.772	 -0.525
       3.776	 -0.510
       3.780	 -0.500
       3.784	 -0.480
       3.788	 -0.440
       3.792	 -0.420
       3.796	 -0.395
       3.800	 -0.380
       3.804	 -0.365
       3.808	 -0.365
       3.812	 -0.345
       3.816	 -0.330
       3.820	 -0.315
       3.824	 -0.300
       3.828	 -0.260
       3.832	 -0.240
       3.836	 -0.225
       3.840	 -0.170
       3.844	 -0.070
       3.848	  0.060
       3.852	  0.175
       3.856	  0.280
       3.860	  0.405
       3.864	  0.515
       3.868	  0.585
       3.872	  0.645
       3.876	  0.690
       3.880	  0.750
       3.884	  0.830
       3.888	  0.855
       3.892	  0.840
       3.896	  0.835
       3.900	  0.800
       3.904	  0.775
       3.908	  0.710
       3.912	  0.650
       3.916	  0.640
       3.920	  0.635
       3.924	  0.600
       3.928	  0.575
       3.932	  0.545
       3.936	  0.510
       3.940	  0.440
       3.944	  0.405
       3.948	  0.360
       3.952	  0.325
       3.956	  0.340
       3.960	  0.340
       3.964	  0.280
       3.968	  0.185
       3.972	  0.100
       3.976	 -0.015
       3.980	 -0.140
       3.984	 -0.245
       3.988	 -0.345
       3.992	 -0.455
       3.996	 -0.525
       4.000	 -0.585
       4.004	 -0.645
       4.008	 -0.705
       4.012	 -0.720
       4.016	 -0.755
       4.020	 -0.765
       4.024	 -0.785
       4.028	 -0.785
       4.032	 -0.780
       4.036	 -0.790
       4.040	 -0.810
       4.044	 -0.810
       4.048	 -0.810
       4.052	 -0.825
       4.056	 -0.835
       4.060	 -0.850
       4.064	 -0.850
       4.068	 -0.855
       4.072	 -0.840
       4.076	 -0.835
       4.080	 -0.825
       4.084	 -0.810
       4.088	 -0.805
       4.092	 -0.805
       4.096	 -0.790
       4.100	 -0.765
       4.104	 -0.750
       4.108	 -0.740
       4.112	 -0.715
       4.116	 -0.695
       4.120	 -0.670
       4.124	 -0.660
       4.128	 -0.640
       4.132	 -0.615
       4.136	 -0.590
       4.140	 -0.560
       4.144	 -0.535
       4.148	 -0.495
       4.152	 -0.465
       4.156	 -0.445
       4.160	 -0.425
       4.164	 -0.430
       4.168	 -0.455
       4.172	 -0.480
       4.176	 -0.490
       4.180	 -0.485
       4.184	 -0.485
       4.188	 -0.490
       4.192	 -0.530
       4.196	 -0.570
       4.200	 -0.600
       4.204	 -0.605
       4.208	 -0.615
       4.212	 -0.620
       4.216	 -0.675
       4.220	 -0.730
       4.224	 -0.785
       4.228	 -0.810
       4.232	 -0.810
       4.236	 -0.800
       4.240	 -0.810
       4.244	 -0.795
       4.248	 -0.765
       4.252	 -0.745
       4.256	 -0.735
       4.260	 -0.715
       4.264	 -0.700
       4.268	 -0.685
       4.272	 -0.645
       4.276	 -0.620
       4.280	 -0.595
       4.284	 -0.560
       4.288	 -0.530
       4.292	 -0.520
       4.296	 -0.500
       4.300	 -0.460
       4.304	 -0.455
       4.308	 -0.440
       4.312	 -0.415
       4.316	 -0.395
       4.320	 -0.365
       4.324	 -0.345
       4.328	 -0.315
       4.332	 -0.250
       4.336	 -0.175
       4.340	 -0.085
       4.344	  0.035
       4.348	  0.150
       4.352	  0.270
       4.356	  0.400
       4.360	  0.490
       4.364	  0.555
       4.368	  0.605
       4.372	  0.675
       4.376	  0.750
       4.380	  0.830
       4.384	  0.840
       4.388	  0.840
       4.392	  0.815
       4.396	  0.790
       4.400	  0.750
       4.404	  0.690
       4.408	  0.645
       4.412	  0.630
       4.416	  0.610
       4.420	  0.600
       4.424	  0.580
       4.428	  0.570
       4.432	  0.520
       4.436	  0.470
       4.440	  0.415
       4.444	  0.380
       4.448	  0.375
       4.452	  0.395
       4.456	  0.350
       4.460	  0.280
       4.464	  0.190
       4.468	  0.115
       4.472	  0.030
       4.476	 -0.100
       4.480	 -0.215
       4.484	 -0.325
       4.488	 -0.415
       4.492	 -0.500
       4.496	 -0.555
       4.500	 -0.590
       4.504	 -0.620
       4.508	 -0.650
       4.512	 -0.680
       4.516	 -0.685
       4.520	 -0.690
       4.524	 -0.700
       4.528	 -0.695
       4.532	 -0.685
       4.536	 -0.700
       4.540	 -0.720
       4.544	 -0.720
       4.548	 -0.730
       4.552	 -0.730
       4.556	 -0.730
       4.560	 -0.720
       4.564	 -0.710
       4.568	 -0.715
       4.572	 -0.700
       4.576	 -0.695
       4.580	 -0.685
       4.584	 -0.680
       4.588	 -0.665
       4.592	 -0.660
       4.596	 -0.630
       4.600	 -0.615
       4.604	 -0.585
       4.608	 -0.560
       4.612	 -0.525
       4.616	 -0.505
       4.620	 -0.480
       4.624	 -0.470
       4.628	 -0.435
       4.632	 -0.415
       4.636	 -0.390
       4.640	 -0.380
       4.644	 -0.350
       4.648	 -0.310
       4.652	 -0.275
       4.656	 -0.260
       4.660	 -0.260
       4.664	 -0.275
       4.668	 -0.300
       4.672	 -0.320
       4.676	 -0.325
       4.680	 -0.325
       4.684	 -0.320
       4.688	 -0.320
       4.692	 -0.345
       4.696	 -0.380
       4.700	 -0.400
       4.704	 -0.420
       4.708	 -0.435
       4.712	 -0.450
       4.716	 -0.495
       4.720	 -0.545
       4.724	 -0.605
       4.728	 -0.620
       4.732	 -0.615
       4.736	 -0.610
       4.740	 -0.605
       4.744	 -0.585
       4.748	 -0.565
       4.752	 -0.545
       4.756	 -0.530
       4.760	 -0.510
       4.764	 -0.480
       4.768	 -0.450
       4.772	 -0.425
       4.776	 -0.415
       4.780	 -0.395
       4.784	 -0.365
       4.788	 -0.320
       4.792	 -0.310
       4.796	 -0.290
       4.800	 -0.275
       4.804	 -0.250
       4.808	 -0.235
       4.812	 -0.205
       4.816	 -0.180
       4.820	 -0.145
       4.824	 -0.130
       4.828	 -0.095
       4.832	 -0.045
       4.836	  0.045
       4.840	  0.150
       4.844	  0.270
       4.848	  0.405
       4.852	  0.540
       4.856	  0.675
       4.860	  0.760
       4.864	  0.840
       4.868	  0.905
       4.872	  0.970
       4.876	  1.050
       4.880	  1.095
       4.884	  1.100
       4.888	  1.115
       4.892	  1.090
       4.896	  1.065
       4.900	  1.000
       4.904	  0.930
       4.908	  0.900
       4.912	  0.880
       4.916	  0.860
       4.920	  0.830
       4.924	  0.790
       4.928	  0.760
       4.932	  0.710
       4.936	  0.660
       4.940	  0.600
       4.944	  0.575
       4.948	  0.595
       4.952	  0.595
       4.956	  0.515
       4.960	  0.410
       4.964	  0.330
       4.968	  0.245
       4.972	  0.135
       4.976	 -0.020
       4.980	 -0.135
       4.984	 -0.245
       4.988	 -0.320
       4.992	 -0.400
       4.996	 -0.450
       5.000	 -0.505
       5.004	 -0.530
       5.008	 -0.565
       5.012	 -0.575
       5.016	 -0.585
       5.020	 -0.585
       5.024	 -0.590
       5.028	 -0.580
       5.032	 -0.580
       5.036	 -0.585
       5.040	 -0.605
       5.044	 -0.610
       5.048	 -0.625
       5.052	 -0.635
       5.056	 -0.640
       5.060	 -0.630
       5.064	 -0.625
       5.068	 -0.610
       5.072	 -0.605
       5.076	 -0.590
       5.080	 -0.570
       5.084	 -0.555
       5.088	 -0.530
       5.092	 -0.530
       5.096	 -0.510
       5.100	 -0.490
       5.104	 -0.465
       5.108	 -0.435
       5.112	 -0.410
       5.116	 -0.380
       5.120	 -0.355
       5.124	 -0.345
       5.128	 -0.325
       5.132	 -0.310
       5.136	 -0.285
       5.140	 -0.260
       5.144	 -0.225
       5.148	 -0.185
       5.152	 -0.160
       5.156	 -0.140
       5.160	 -0.130
       5.164	 -0.140
       5.168	 -0.170
       5.172	 -0.195
       5.176	 -0.215
       5.180	 -0.215
       5.184	 -0.210
       5.188	 -0.210
       5.192	 -0.230
       5.196	 -0.260
       5.200	 -0.285
       5.204	 -0.290
       5.208	 -0.315
       5.212	 -0.330
       5.216	 -0.375
       5.220	 -0.440
       5.224	 -0.515
       5.228	 -0.540
       5.232	 -0.535
       5.236	 -0.530
       5.240	 -0.520
       5.244	 -0.500
       5.248	 -0.485
       5.252	 -0.450
       5.256	 -0.440
       5.260	 -0.415
       5.264	 -0.395
       5.268	 -0.375
       5.272	 -0.350
       5.276	 -0.325
       5.280	 -0.315
       5.284	 -0.280
       5.288	 -0.245
       5.292	 -0.220
       5.296	 -0.190
       5.300	 -0.165
       5.304	 -0.155
       5.308	 -0.145
       5.312	 -0.125
       5.316	 -0.100
       5.320	 -0.065
       5.324	 -0.050
       5.328	  0.000
       5.332	  0.070
       5.336	  0.180
       5.340	  0.300
       5.344	  0.450
       5.348	  0.620
       5.352	  0.810
       5.356	  1.010
       5.360	  1.185
       5.364	  1.320
       5.368	  1.460
       5.372	  1.630
       5.376	  1.780
       5.380	  1.860
       5.384	  1.840
       5.388	  1.790
       5.392	  1.670
       5.396	  1.550
       5.400	  1.405
       5.404	  1.270
       5.408	  1.120
       5.412	  0.960
       5.416	  0.755
       5.420	  0.500
       5.424	  0.180
       5.428	 -0.060
       5.432	 -0.225
       5.436	 -0.385
       5.440	 -0.540
       5.444	 -0.645
       5.448	 -0.705
       5.452	 -0.720
       5.456	 -0.690
       5.460	 -0.625
       5.464	 -0.560
       5.468	 -0.505
       5.472	 -0.450
       5.476	 -0.415
       5.480	 -0.380
       5.484	 -0.360
       5.488	 -0.350
       5.492	 -0.355
       5.496	 -0.355
       5.500	 -0.355
       5.504	 -0.355
       5.508	 -0.380
       5.512	 -0.380
       5.516	 -0.380
       5.520	 -0.380
       5.524	 -0.390
       5.528	 -0.400
       5.532	 -0.400
       5.536	 -0.400
       5.540	 -0.400
       5.544	 -0.390
       5.548	 -0.385
       5.552	 -0.385
       5.556	 -0.370
       5.560	 -0.345
       5.564	 -0.315
       5.568	 -0.305
       5.572	 -0.295
       5.576	 -0.290
       5.580	 -0.275
       5.584	 -0.255
       5.588	 -0.235
       5.592	 -0.235
       5.596	 -0.210
       5.600	 -0.200
       5.604	 -0.185
       5.608	 -0.185
       5.612	 -0.165
       5.616	 -0.150
       5.620	 -0.120
       5.624	 -0.105
       5.628	 -0.100
       5.632	 -0.095
       5.636	 -0.080
       5.640	 -0.095
       5.644	 -0.080
       5.648	 -0.075
       5.652	 -0.065
       5.656	 -0.055
       5.660	 -0.045
       5.664	 -0.060
       5.668	 -0.085
       5.672	 -0.125
       5.676	 -0.150
       5.680	 -0.160
       5.684	 -0.170
       5.688	 -0.180
       5.692	 -0.205
       5.696	 -0.240
       5.700	 -0.270
       5.704	 -0.285
       5.708	 -0.290
       5.712	 -0.280
       5.716	 -0.310
       5.720	 -0.345
       5.724	 -0.395
       5.728	 -0.415
       5.732	 -0.400
       5.736	 -0.380
       5.740	 -0.375
       5.744	 -0.355
       5.748	 -0.340
       5.752	 -0.330
       5.756	 -0.320
       5.760	 -0.305
       5.764	 -0.285
       5.768	 -0.270
       5.772	 -0.250
       5.776	 -0.240
       5.780	 -0.235
       5.784	 -0.230
       5.788	 -0.210
       5.792	 -0.215
       5.796	 -0.210
       5.800	 -0.205
       5.804	 -0.195
       5.808	 -0.185
       5.812	 -0.185
       5.816	 -0.235
       5.820	 -0.350
       5.824	 -0.525
       5.828	 -0.680
       5.832	 -0.785
       5.836	 -0.810
       5.840	 -0.775
       5.844	 -0.720
       5.848	 -0.690
       5.852	 -0.700
       5.856	 -0.720
       5.860	 -0.685
       5.864	 -0.635
       5.868	 -0.625
       5.872	 -0.660
       5.876	 -0.725
       5.880	 -0.720
       5.884	 -0.655
       5.888	 -0.560
       5.892	 -0.510
       5.896	 -0.445
       5.900	 -0.340
       5.904	 -0.255
       5.908	 -0.170
       5.912	 -0.050
       5.916	  0.050
       5.920	  0.150
       5.924	  0.235
       5.928	  0.295
       5.932	  0.310
       5.936	  0.315
       5.940	  0.340
       5.944	  0.365
       5.948	  0.380
       5.952	  0.390
       5.956	  0.410
       5.960	  0.440
       5.964	  0.480
       5.968	  0.495
       5.972	  0.510
       5.976	  0.530
       5.980	  0.560
       5.984	  0.585
       5.988	  0.610
       5.992	  0.625
       5.996	  0.645
       6.000	  0.650
       6.004	  0.675
       6.008	  0.675
       6.012	  0.680
       6.016	  0.680
       6.020	  0.675
       6.024	  0.655
       6.028	  0.655
       6.032	  0.645
       6.036	  0.630
       6.040	  0.615
       6.044	  0.595
       6.048	  0.575
       6.052	  0.545
       6.056	  0.505
       6.060	  0.480
       6.064	  0.460
       6.068	  0.440
       6.072	  0.415
       6.076	  0.395
       6.080	  0.365
       6.084	  0.340
       6.088	  0.310
       6.092	  0.275
       6.096	  0.245
       6.100	  0.220
       6.104	  0.185
       6.108	  0.160
       6.112	  0.140
       6.116	  0.105
       6.120	  0.070
       6.124	  0.000
       6.128	 -0.105
       6.132	 -0.210
       6.136	 -0.350
       6.140	 -0.525
       6.144	 -0.665
       6.148	 -0.845
       6.152	 -1.030
       6.156	 -1.170
       6.160	 -1.255
       6.164	 -1.315
       6.168	 -1.370
       6.172	 -1.420
       6.176	 -1.465
       6.180	 -1.485
       6.184	 -1.460
       6.188	 -1.420
       6.192	 -1.365
       6.196	 -1.255
       6.200	 -1.100
       6.204	 -0.905
       6.208	 -0.780
       6.212	 -0.615
       6.216	 -0.430
       6.220	 -0.280
       6.224	 -0.200
       6.228	 -0.150
       6.232	 -0.105
       6.236	 -0.040
       6.240	  0.035
       6.244	  0.115
       6.248	  0.185
       6.252	  0.250
       6.256	  0.325
       6.260	  0.435
       6.264	  0.545
       6.268	  0.650
       6.272	  0.765
       6.276	  0.880
       6.280	  0.965
       6.284	  1.020
       6.288	  1.070
       6.292	  1.110
       6.296	  1.150
       6.300	  1.165
       6.304	  1.170
       6.308	  1.170
       6.312	  1.180
       6.316	  1.180
       6.320	  1.180
       6.324	  1.160
       6.328	  1.145
       6.332	  1.120
       6.336	  1.085
       6.340	  1.060
       6.344	  1.030
       6.348	  1.000
       6.352	  0.965
       6.356	  0.925
       6.360	  0.880
       6.364	  0.845
       6.368	  0.790
       6.372	  0.730
       6.376	  0.645
       6.380	  0.575
       6.384	  0.445
       6.388	  0.310
       6.392	  0.135
       6.396	 -0.040
       6.400	 -0.210
       6.404	 -0.375
       6.408	 -0.550
       6.412	 -0.690
       6.416	 -0.830
       6.420	 -0.955
       6.424	 -1.070
       6.428	 -1.160
       6.432	 -1.235
       6.436	 -1.300
       6.440	 -1.355
       6.444	 -1.405
       6.448	 -1.460
       6.452	 -1.525
       6.456	 -1.580
       6.460	 -1.585
       6.464	 -1.545
       6.468	 -1.480
       6.472	 -1.385
       6.476	 -1.285
       6.480	 -1.160
       6.484	 -0.995
       6.488	 -0.815
       6.492	 -0.665
       6.496	 -0.530
       6.500	 -0.385
       6.504	 -0.215
       6.508	 -0.045
       6.512	  0.115
       6.516	  0.250
       6.520	  0.360
       6.524	  0.470
       6.528	  0.600
       6.532	  0.725
       6.536	  0.835
       6.540	  0.910
       6.544	  0.975
       6.548	  1.030
       6.552	  1.055
       6.556	  1.075
       6.560	  1.100
       6.564	  1.140
       6.568	  1.175
       6.572	  1.205
       6.576	  1.240
       6.580	  1.260
       6.584	  1.280
       6.588	  1.300
       6.592	  1.295
       6.596	  1.300
       6.600	  1.295
       6.604	  1.295
       6.608	  1.285
       6.612	  1.290
       6.616	  1.280
       6.620	  1.275
       6.624	  1.260
       6.628	  1.265
       6.632	  1.260
       6.636	  1.235
       6.640	  1.200
       6.644	  1.195
       6.648	  1.170
       6.652	  1.145
       6.656	  1.110
       6.660	  1.070
       6.664	  1.000
       6.668	  0.895
       6.672	  0.740
       6.676	  0.570
       6.680	  0.430
       6.684	  0.275
       6.688	  0.115
       6.692	 -0.070
       6.696	 -0.215
       6.700	 -0.370
       6.704	 -0.480
       6.708	 -0.565
       6.712	 -0.660
       6.716	 -0.755
       6.720	 -0.870
       6.724	 -1.015
       6.728	 -1.125
       6.732	 -1.235
       6.736	 -1.350
       6.740	 -1.480
       6.744	 -1.630
       6.748	 -1.720
       6.752	 -1.730
       6.756	 -1.670
       6.760	 -1.540
       6.764	 -1.370
       6.768	 -1.185
       6.772	 -0.975
       6.776	 -0.780
       6.780	 -0.610
       6.784	 -0.455
       6.788	 -0.270
       6.792	 -0.100
       6.796	  0.075
       6.800	  0.195
       6.804	  0.290
       6.808	  0.360
       6.812	  0.450
       6.816	  0.540
       6.820	  0.640
       6.824	  0.715
       6.828	  0.790
       6.832	  0.840
       6.836	  0.875
       6.840	  0.880
       6.844	  0.905
       6.848	  0.930
       6.852	  0.950
       6.856	  0.950
       6.860	  0.950
       6.864	  0.930
       6.868	  0.910
       6.872	  0.885
       6.876	  0.870
       6.880	  0.860
       6.884	  0.850
       6.888	  0.825
       6.892	  0.800
       6.896	  0.790
       6.900	  0.770
       6.904	  0.750
       6.908	  0.720
       6.912	  0.695
       6.916	  0.675
       6.920	  0.665
       6.924	  0.635
       6.928	  0.615
       6.932	  0.595
       6.936	  0.575
       6.940	  0.555
       6.944	  0.545
       6.948	  0.525
       6.952	  0.515
       6.956	  0.495
       6.960	  0.495
       6.964	  0.480
       6.968	  0.470
       6.972	  0.445
       6.976	  0.420
       6.980	  0.390
       6.984	  0.370
       6.988	  0.355
       6.992	  0.335
       6.996	  0.345
       7.000	  0.325
       7.004	  0.295
       7.008	  0.255
       7.012	  0.235
       7.016	  0.205
       7.020	  0.195
       7.024	  0.150
       7.028	  0.100
       7.032	  0.005
       7.036	 -0.150
       7.040	 -0.350
       7.044	 -0.590
       7.048	 -0.770
       7.052	 -0.875
       7.056	 -1.025
       7.060	 -1.170
       7.064	 -1.290
       7.068	 -1.425
       7.072	 -1.520
       7.076	 -1.525
       7.080	 -1.485
       7.084	 -1.430
       7.088	 -1.365
       7.092	 -1.270
       7.096	 -1.155
       7.100	 -1.080
       7.104	 -1.000
       7.108	 -0.915
       7.112	 -0.825
       7.116	 -0.755
       7.120	 -0.680
       7.124	 -0.595
       7.128	 -0.465
       7.132	 -0.320
       7.136	 -0.180
       7.140	 -0.050
       7.144	  0.085
       7.148	  0.205
       7.152	  0.335
       7.156	  0.465
       7.160	  0.595
       7.164	  0.710
       7.168	  0.790
       7.172	  0.840
       7.176	  0.865
       7.180	  0.890
       7.184	  0.910
       7.188	  0.960
       7.192	  0.995
       7.196	  1.000
       7.200	  0.980
       7.204	  0.980
       7.208	  0.975
       7.212	  0.980
       7.216	  0.990
       7.220	  0.960
       7.224	  0.880
       7.228	  0.835
       7.232	  0.790
       7.236	  0.785
       7.240	  0.770
       7.244	  0.765
       7.248	  0.770
       7.252	  0.770
       7.256	  0.760
       7.260	  0.760
       7.264	  0.745
       7.268	  0.745
       7.272	  0.725
       7.276	  0.715
       7.280	  0.700
       7.284	  0.680
       7.288	  0.665
       7.292	  0.640
       7.296	  0.620
       7.300	  0.605
       7.304	  0.600
       7.308	  0.585
       7.312	  0.570
       7.316	  0.555
       7.320	  0.540
       7.324	  0.525
       7.328	  0.530
       7.332	  0.545
       7.336	  0.545
       7.340	  0.530
       7.344	  0.540
       7.348	  0.550
       7.352	  0.550
       7.356	  0.540
       7.360	  0.545
       7.364	  0.550
       7.368	  0.560
       7.372	  0.580
       7.376	  0.620
       7.380	  0.685
       7.384	  0.760
       7.388	  0.840
       7.392	  0.910
       7.396	  0.980
       7.400	  1.035
       7.404	  1.080
       7.408	  1.110
       7.412	  1.150
       7.416	  1.150
       7.420	  1.120
       7.424	  1.060
       7.428	  1.000
       7.432	  0.925
       7.436	  0.845
       7.440	  0.730
       7.444	  0.625
       7.448	  0.525
       7.452	  0.475
       7.456	  0.445
       7.460	  0.390
       7.464	  0.355
       7.468	  0.300
       7.472	  0.220
       7.476	  0.080
       7.480	 -0.145
       7.484	 -0.375
       7.488	 -0.575
       7.492	 -0.725
       7.496	 -0.855
       7.500	 -0.985
       7.504	 -1.080
       7.508	 -1.110
       7.512	 -1.075
       7.516	 -1.015
       7.520	 -0.960
       7.524	 -0.915
       7.528	 -0.860
       7.532	 -0.770
       7.536	 -0.650
       7.540	 -0.555
       7.544	 -0.445
       7.548	 -0.315
       7.552	 -0.205
       7.556	 -0.135
       7.560	 -0.080
       7.564	 -0.045
       7.568	 -0.030
       7.572	  0.000
       7.576	  0.020
       7.580	  0.050
       7.584	  0.060
       7.588	  0.070
       7.592	  0.080
       7.596	  0.110
       7.600	  0.125
       7.604	  0.155
       7.608	  0.155
       7.612	  0.180
       7.616	  0.210
       7.620	  0.235
       7.624	  0.245
       7.628	  0.275
       7.632	  0.300
       7.636	  0.310
       7.640	  0.300
       7.644	  0.325
       7.648	  0.345
       7.652	  0.365
       7.656	  0.385
       7.660	  0.430
       7.664	  0.465
       7.668	  0.510
       7.672	  0.515
       7.676	  0.530
       7.680	  0.530
       7.684	  0.555
       7.688	  0.595
       7.692	  0.700
       7.696	  0.835
       7.700	  0.945
       7.704	  1.035
       7.708	  1.080
       7.712	  1.120
       7.716	  1.150
       7.720	  1.210
       7.724	  1.235
       7.728	  1.195
       7.732	  1.090
       7.736	  0.965
       7.740	  0.840
       7.744	  0.735
       7.748	  0.640
       7.752	  0.510
       7.756	  0.380
       7.760	  0.290
       7.764	  0.210
       7.768	  0.120
       7.772	  0.060
       7.776	  0.000
       7.780	 -0.040
       7.784	 -0.075
       7.788	 -0.125
       7.792	 -0.180
       7.796	 -0.195
       7.800	 -0.190
       7.804	 -0.205
       7.808	 -0.275
       7.812	 -0.330
       7.816	 -0.395
       7.820	 -0.430
       7.824	 -0.445
       7.828	 -0.430
       7.832	 -0.420
       7.836	 -0.385
       7.840	 -0.365
       7.844	 -0.320
       7.848	 -0.270
       7.852	 -0.205
       7.856	 -0.155
       7.860	 -0.100
       7.864	 -0.055
       7.868	  0.000
       7.872	  0.035
       7.876	  0.085
       7.880	  0.115
       7.884	  0.140
       7.888	  0.165
       7.892	  0.185
       7.896	  0.195
       7.900	  0.200
       7.904	  0.205
       7.908	  0.210
       7.912	  0.225
       7.916	  0.240
       7.920	  0.255
       7.924	  0.255
       7.928	  0.260
       7.932	  0.265
       7.936	  0.270
       7.940	  0.265
       7.944	  0.270
       7.948	  0.275
       7.952	  0.280
       7.956	  0.295
       7.960	  0.300
       7.964	  0.315
       7.968	  0.325
       7.972	  0.330
       7.976	  0.345
       7.980	  0.355
       7.984	  0.340
       7.988	  0.335
       7.992	  0.335
       7.996	  0.330
       8.000	  0.320
       8.004	  0.325
       8.008	  0.310
       8.012	  0.295
       8.016	  0.280
       8.020	  0.270
       8.024	  0.230
       8.028	  0.225
       8.032	  0.230
       8.036	  0.235
       8.040	  0.250
       8.044	  0.275
       8.048	  0.275
       8.052	  0.275
       8.056	  0.260
       8.060	  0.265
       8.064	  0.280
       8.068	  0.285
       8.072	  0.250
       8.076	  0.220
       8.080	  0.195
       8.084	  0.140
       8.088	  0.100
       8.092	  0.055
       8.096	 -0.050
       8.100	 -0.135
       8.104	 -0.195
       8.108	 -0.265
       8.112	 -0.310
       8.116	 -0.355
       8.120	 -0.405
       8.124	 -0.505
       8.128	 -0.545
       8.132	 -0.535
       8.136	 -0.500
       8.140	 -0.430
       8.144	 -0.285
       8.148	 -0.155
       8.152	 -0.035
       8.156	  0.080
       8.160	  0.205
       8.164	  0.310
       8.168	  0.390
       8.172	  0.455
       8.176	  0.495
       8.180	  0.515
       8.184	  0.510
       8.188	  0.500
       8.192	  0.480
       8.196	  0.465
       8.200	  0.450
       8.204	  0.455
       8.208	  0.435
       8.212	  0.435
       8.216	  0.430
       8.220	  0.430
       8.224	  0.405
       8.228	  0.395
       8.232	  0.385
       8.236	  0.380
       8.240	  0.360
       8.244	  0.340
       8.248	  0.315
       8.252	  0.285
       8.256	  0.240
       8.260	  0.205
       8.264	  0.160
       8.268	  0.115
       8.272	  0.060
       8.276	  0.030
       8.280	 -0.025
       8.284	 -0.055
       8.288	 -0.080
       8.292	 -0.110
       8.296	 -0.150
       8.300	 -0.200
       8.304	 -0.245
       8.308	 -0.290
       8.312	 -0.310
       8.316	 -0.325
       8.320	 -0.330
       8.324	 -0.300
       8.328	 -0.250
       8.332	 -0.200
       8.336	 -0.145
       8.340	 -0.105
       8.344	 -0.055
       8.348	 -0.060
       8.352	 -0.140
       8.356	 -0.240
       8.360	 -0.300
       8.364	 -0.325
       8.368	 -0.345
       8.372	 -0.360
       8.376	 -0.370
       8.380	 -0.370
       8.384	 -0.345
       8.388	 -0.320
       8.392	 -0.320
       8.396	 -0.320
       8.400	 -0.315
       8.404	 -0.265
       8.408	 -0.260
       8.412	 -0.250
       8.416	 -0.245
       8.420	 -0.235
       8.424	 -0.205
       8.428	 -0.130
       8.432	 -0.060
       8.436	  0.015
       8.440	  0.090
       8.444	  0.195
       8.448	  0.295
       8.452	  0.405
       8.456	  0.465
       8.460	  0.510
       8.464	  0.540
       8.468	  0.580
       8.472	  0.630
       8.476	  0.705
       8.480	  0.755
       8.484	  0.810
       8.488	  0.855
       8.492	  0.870
       8.496	  0.900
       8.500	  0.915
       8.504	  0.890
       8.508	  0.830
       8.512	  0.745
       8.516	  0.670
       8.520	  0.605
       8.524	  0.535
       8.528	  0.470
       8.532	  0.405
       8.536	  0.325
       8.540	  0.240
       8.544	  0.180
       8.548	  0.105
       8.552	  0.025
       8.556	 -0.070
       8.560	 -0.140
       8.564	 -0.200
       8.568	 -0.275
       8.572	 -0.345
       8.576	 -0.390
       8.580	 -0.415
       8.584	 -0.435
       8.588	 -0.475
       8.592	 -0.555
       8.596	 -0.655
       8.600	 -0.760
       8.604	 -0.825
       8.608	 -0.855
       8.612	 -0.860
       8.616	 -0.855
       8.620	 -0.840
       8.624	 -0.800
       8.628	 -0.735
       8.632	 -0.680
       8.636	 -0.630
       8.640	 -0.620
       8.644	 -0.625
       8.648	 -0.600
       8.652	 -0.560
       8.656	 -0.525
       8.660	 -0.490
       8.664	 -0.475
       8.668	 -0.455
       8.672	 -0.440
       8.676	 -0.375
       8.680	 -0.320
       8.684	 -0.270
       8.688	 -0.205
       8.692	 -0.105
       8.696	  0.010
       8.700	  0.120
       8.704	  0.235
       8.708	  0.355
       8.712	  0.490
       8.716	  0.650
       8.720	  0.800
       8.724	  0.910
       8.728	  0.985
       8.732	  1.055
       8.736	  1.115
       8.740	  1.150
       8.744	  1.190
       8.748	  1.220
       8.752	  1.260
       8.756	  1.270
       8.760	  1.280
       8.764	  1.275
       8.768	  1.275
       8.772	  1.265
       8.776	  1.255
       8.780	  1.220
       8.784	  1.155
       8.788	  1.080
       8.792	  1.005
       8.796	  0.940
       8.800	  0.875
       8.804	  0.815
       8.808	  0.725
       8.812	  0.630
       8.816	  0.530
       8.820	  0.425
       8.824	  0.280
       8.828	  0.145
       8.832	  0.005
       8.836	 -0.175
       8.840	 -0.365
       8.844	 -0.530
       8.848	 -0.720
       8.852	 -0.890
       8.856	 -1.015
       8.860	 -1.115
       8.864	 -1.200
       8.868	 -1.240
       8.872	 -1.265
       8.876	 -1.285
       8.880	 -1.290
       8.884	 -1.275
       8.888	 -1.265
       8.892	 -1.235
       8.896	 -1.185
       8.900	 -1.135
       8.904	 -1.085
       8.908	 -1.030
       8.912	 -0.985
       8.916	 -0.945
       8.920	 -0.925
       8.924	 -0.925
       8.928	 -0.875
       8.932	 -0.815
       8.936	 -0.760
       8.940	 -0.700
       8.944	 -0.625
       8.948	 -0.525
       8.952	 -0.400
       8.956	 -0.270
       8.960	 -0.130
       8.964	  0.015
       8.968	  0.140
       8.972	  0.255
       8.976	  0.375
       8.980	  0.470
       8.984	  0.565
       8.988	  0.655
       8.992	  0.745
       8.996	  0.835
       9.000	  0.905
       9.004	  0.980
       9.008	  1.020
       9.012	  1.075
       9.016	  1.125
       9.020	  1.155
       9.024	  1.185
       9.028	  1.255
       9.032	  1.315
       9.036	  1.360
       9.040	  1.380
       9.044	  1.420
       9.048	  1.435
       9.052	  1.460
       9.056	  1.475
       9.060	  1.470
       9.064	  1.435
       9.068	  1.365
       9.072	  1.255
       9.076	  1.130
       9.080	  0.980
       9.084	  0.820
       9.088	  0.640
       9.092	  0.475
       9.096	  0.335
       9.100	  0.170
       9.104	  0.005
       9.108	 -0.180
       9.112	 -0.380
       9.116	 -0.575
       9.120	 -0.740
       9.124	 -0.855
       9.128	 -0.915
       9.132	 -1.010
       9.136	 -1.115
       9.140	 -1.220
       9.144	 -1.330
       9.148	 -1.410
       9.152	 -1.445
       9.156	 -1.500
       9.160	 -1.555
       9.164	 -1.590
       9.168	 -1.610
       9.172	 -1.620
       9.176	 -1.595
       9.180	 -1.565
       9.184	 -1.495
       9.188	 -1.415
       9.192	 -1.295
       9.196	 -1.150
       9.200	 -1.005
       9.204	 -0.855
       9.208	 -0.725
       9.212	 -0.600
       9.216	 -0.450
       9.220	 -0.280
       9.224	 -0.145
       9.228	  0.000
       9.232	  0.140
       9.236	  0.310
       9.240	  0.480
       9.244	  0.640
       9.248	  0.720
       9.252	  0.795
       9.256	  0.845
       9.260	  0.945
       9.264	  1.065
       9.268	  1.175
       9.272	  1.235
       9.276	  1.285
       9.280	  1.315
       9.284	  1.350
       9.288	  1.380
       9.292	  1.415
       9.296	  1.440
       9.300	  1.445
       9.304	  1.415
       9.308	  1.365
       9.312	  1.335
       9.316	  1.290
       9.320	  1.245
       9.324	  1.210
       9.328	  1.135
       9.332	  1.060
       9.336	  0.965
       9.340	  0.825
       9.344	  0.680
       9.348	  0.540
       9.352	  0.415
       9.356	  0.325
       9.360	  0.270
       9.364	  0.215
       9.368	  0.175
       9.372	  0.110
       9.376	  0.010
       9.380	 -0.080
       9.384	 -0.200
       9.388	 -0.355
       9.392	 -0.505
       9.396	 -0.650
       9.400	 -0.830
       9.404	 -0.985
       9.408	 -1.140
       9.412	 -1.250
       9.416	 -1.320
       9.420	 -1.400
       9.424	 -1.460
       9.428	 -1.485
       9.432	 -1.510
       9.436	 -1.460
       9.440	 -1.415
       9.444	 -1.390
       9.448	 -1.360
       9.452	 -1.280
       9.456	 -1.185
       9.460	 -1.060
       9.464	 -0.915
       9.468	 -0.780
       9.472	 -0.660
       9.476	 -0.445
       9.480	 -0.270
       9.484	 -0.135
       9.488	  0.015
       9.492	  0.185
       9.496	  0.355
       9.500	  0.520
       9.504	  0.640
       9.508	  0.700
       9.512	  0.765
       9.516	  0.860
       9.520	  0.960
       9.524	  1.020
       9.528	  1.100
       9.532	  1.165
       9.536	  1.240
       9.540	  1.295
       9.544	  1.360
       9.548	  1.400
       9.552	  1.430
       9.556	  1.460
       9.560	  1.485
       9.564	  1.470
       9.568	  1.450
       9.572	  1.425
       9.576	  1.380
       9.580	  1.330
       9.584	  1.265
       9.588	  1.175
       9.592	  1.065
       9.596	  0.935
       9.600	  0.775
       9.604	  0.610
       9.608	  0.445
       9.612	  0.325
       9.616	  0.225
       9.620	  0.135
       9.624	  0.030
       9.628	 -0.070
       9.632	 -0.160
       9.636	 -0.250
       9.640	 -0.340
       9.644	 -0.385
       9.648	 -0.455
       9.652	 -0.550
       9.656	 -0.630
       9.660	 -0.735
       9.664	 -0.865
       9.668	 -0.970
       9.672	 -1.095
       9.676	 -1.210
       9.680	 -1.285
       9.684	 -1.330
       9.688	 -1.355
       9.692	 -1.350
       9.696	 -1.340
       9.700	 -1.310
       9.704	 -1.265
       9.708	 -1.210
       9.712	 -1.130
       9.716	 -1.040
       9.720	 -0.930
       9.724	 -0.815
       9.728	 -0.660
       9.732	 -0.490
       9.736	 -0.335
       9.740	 -0.205
       9.744	 -0.025
       9.748	  0.170
       9.752	  0.355
       9.756	  0.495
       9.760	  0.605
       9.764	  0.680
       9.768	  0.755
       9.772	  0.835
       9.776	  0.940
       9.780	  1.010
       9.784	  1.070
       9.788	  1.140
       9.792	  1.205
       9.796	  1.260
       9.800	  1.285
       9.804	  1.325
       9.808	  1.345
       9.812	  1.375
       9.816	  1.425
       9.820	  1.470
       9.824	  1.475
       9.828	  1.460
       9.832	  1.445
       9.836	  1.410
       9.840	  1.340
       9.844	  1.245
       9.848	  1.150
       9.852	  1.030
       9.856	  0.870
       9.860	  0.725
       9.864	  0.580
       9.868	  0.440
       9.872	  0.285
       9.876	  0.155
       9.880	  0.025
       9.884	 -0.100
       9.888	 -0.210
       9.892	 -0.320
       9.896	 -0.440
       9.900	 -0.590
       9.904	 -0.720
       9.908	 -0.795
       9.912	 -0.835
       9.916	 -0.865
       9.920	 -0.885
       9.924	 -0.935
       9.928	 -0.995
       9.932	 -1.020
       9.936	 -1.060
       9.940	 -1.155
       9.944	 -1.255
       9.948	 -1.345
       9.952	 -1.405
       9.956	 -1.425
       9.960	 -1.425
       9.964	 -1.395
       9.968	 -1.345
       9.972	 -1.315
       9.976	 -1.215
       9.980	 -1.105
       9.984	 -1.005
       9.988	 -0.855
       9.992	 -0.675
       9.996	 -0.480
