Elapsed_time	ECG
       0.000	 -0.463
       0.004	 -0.460
       0.008	 -0.477
       0.012	 -0.495
       0.016	 -0.453
       0.020	 -0.445
       0.024	 -0.372
       0.028	 -0.340
       0.032	 -0.307
       0.036	 -0.307
       0.040	 -0.290
       0.044	 -0.250
       0.048	 -0.212
       0.052	 -0.220
       0.056	 -0.165
       0.060	 -0.152
       0.064	 -0.115
       0.068	 -0.100
       0.072	 -0.115
       0.076	 -0.107
       0.080	 -0.125
       0.084	 -0.072
       0.088	 -0.058
       0.092	 -0.025
       0.096	 -0.025
       0.100	  0.035
       0.104	  0.050
       0.108	  0.060
       0.112	  0.072
       0.116	  0.083
       0.120	  0.065
       0.124	  0.098
       0.128	  0.087
       0.132	  0.087
       0.136	  0.072
       0.140	  0.013
       0.144	 -0.045
       0.148	 -0.062
       0.152	 -0.147
       0.156	 -0.195
       0.160	 -0.258
       0.164	 -0.273
       0.168	 -0.333
       0.172	 -0.383
       0.176	 -0.420
       0.180	 -0.500
       0.184	 -0.562
       0.188	 -0.552
       0.192	 -0.573
       0.196	 -0.535
       0.200	 -0.527
       0.204	 -0.527
       0.208	 -0.500
       0.212	 -0.475
       0.216	 -0.482
       0.220	 -0.412
       0.224	 -0.400
       0.228	 -0.347
       0.232	 -0.312
       0.236	 -0.258
       0.240	 -0.233
       0.244	 -0.235
       0.248	 -0.220
       0.252	 -0.220
       0.256	 -0.195
       0.260	 -0.175
       0.264	 -0.165
       0.268	 -0.160
       0.272	 -0.100
       0.276	 -0.120
       0.280	 -0.090
       0.284	 -0.090
       0.288	 -0.040
       0.292	 -0.025
       0.296	  0.013
       0.300	  0.035
       0.304	  0.060
       0.308	  0.028
       0.312	  0.033
       0.316	  0.020
       0.320	  0.020
       0.324	 -0.020
       0.328	 -0.037
       0.332	 -0.083
       0.336	 -0.177
       0.340	 -0.240
       0.344	 -0.307
       0.348	 -0.360
       0.352	 -0.460
       0.356	 -0.465
       0.360	 -0.515
       0.364	 -0.545
       0.368	 -0.583
       0.372	 -0.623
       0.376	 -0.615
       0.380	 -0.672
       0.384	 -0.672
       0.388	 -0.640
       0.392	 -0.635
       0.396	 -0.595
       0.400	 -0.550
       0.404	 -0.527
       0.408	 -0.477
       0.412	 -0.487
       0.416	 -0.465
       0.420	 -0.420
       0.424	 -0.390
       0.428	 -0.333
       0.432	 -0.263
       0.436	 -0.228
       0.440	 -0.215
       0.444	 -0.200
       0.448	 -0.145
       0.452	 -0.107
       0.456	 -0.070
       0.460	 -0.035
       0.464	 -0.022
       0.468	  0.010
       0.472	  0.013
       0.476	 -0.015
       0.480	 -0.028
       0.484	 -0.013
       0.488	 -0.020
       0.492	 -0.010
       0.496	 -0.007
       0.500	 -0.015
       0.504	 -0.037
       0.508	 -0.075
       0.512	 -0.120
       0.516	 -0.150
       0.520	 -0.177
       0.524	 -0.223
       0.528	 -0.270
       0.532	 -0.310
       0.536	 -0.407
       0.540	 -0.453
       0.544	 -0.547
       0.548	 -0.578
       0.552	 -0.557
       0.556	 -0.578
       0.560	 -0.600
       0.564	 -0.535
       0.568	 -0.573
       0.572	 -0.560
       0.576	 -0.527
       0.580	 -0.547
       0.584	 -0.535
       0.588	 -0.497
       0.592	 -0.453
       0.596	 -0.448
       0.600	 -0.390
       0.604	 -0.338
       0.608	 -0.333
       0.612	 -0.282
       0.616	 -0.320
       0.620	 -0.263
       0.624	 -0.198
       0.628	 -0.160
       0.632	 -0.150
       0.636	 -0.133
       0.640	 -0.050
       0.644	  0.010
       0.648	  0.000
       0.652	  0.048
       0.656	  0.095
       0.660	  0.085
       0.664	  0.087
       0.668	  0.070
       0.672	 -0.013
       0.676	 -0.040
       0.680	 -0.098
       0.684	 -0.122
       0.688	 -0.212
       0.692	 -0.225
       0.696	 -0.282
       0.700	 -0.357
       0.704	 -0.390
       0.708	 -0.497
       0.712	 -0.522
       0.716	 -0.578
       0.720	 -0.640
       0.724	 -0.677
       0.728	 -0.677
       0.732	 -0.700
       0.736	 -0.703
       0.740	 -0.728
       0.744	 -0.748
       0.748	 -0.770
       0.752	 -0.748
       0.756	 -0.772
       0.760	 -0.713
       0.764	 -0.677
       0.768	 -0.695
       0.772	 -0.700
       0.776	 -0.708
       0.780	 -0.682
       0.784	 -0.637
       0.788	 -0.573
       0.792	 -0.527
       0.796	 -0.400
       0.800	 -0.357
       0.804	 -0.282
       0.808	 -0.212
       0.812	 -0.190
       0.816	 -0.065
       0.820	  0.010
       0.824	  0.115
       0.828	  0.245
       0.832	  0.297
       0.836	  0.388
       0.840	  0.448
       0.844	  0.502
       0.848	  0.507
       0.852	  0.522
       0.856	  0.547
       0.860	  0.520
       0.864	  0.477
       0.868	  0.420
       0.872	  0.287
       0.876	  0.210
       0.880	  0.052
       0.884	 -0.100
       0.888	 -0.247
       0.892	 -0.398
       0.896	 -0.502
       0.900	 -0.625
       0.904	 -0.670
       0.908	 -0.797
       0.912	 -0.838
       0.916	 -0.900
       0.920	 -0.940
       0.924	 -0.958
       0.928	 -0.983
       0.932	 -1.025
       0.936	 -1.025
       0.940	 -1.010
       0.944	 -0.988
       0.948	 -1.012
       0.952	 -1.000
       0.956	 -0.953
       0.960	 -0.920
       0.964	 -0.890
       0.968	 -0.815
       0.972	 -0.787
       0.976	 -0.723
       0.980	 -0.672
       0.984	 -0.595
       0.988	 -0.525
       0.992	 -0.470
       0.996	 -0.398
       1.000	 -0.273
       1.004	 -0.225
       1.008	 -0.120
       1.012	 -0.025
       1.016	  0.058
       1.020	  0.150
       1.024	  0.212
       1.028	  0.323
       1.032	  0.375
       1.036	  0.427
       1.040	  0.425
       1.044	  0.407
       1.048	  0.350
       1.052	  0.273
       1.056	  0.207
       1.060	  0.107
       1.064	 -0.010
       1.068	 -0.125
       1.072	 -0.278
       1.076	 -0.427
       1.080	 -0.547
       1.084	 -0.635
       1.088	 -0.685
       1.092	 -0.708
       1.096	 -0.745
       1.100	 -0.800
       1.104	 -0.850
       1.108	 -0.902
       1.112	 -0.935
       1.116	 -0.927
       1.120	 -0.948
       1.124	 -0.897
       1.128	 -0.882
       1.132	 -0.838
       1.136	 -0.863
       1.140	 -0.850
       1.144	 -0.807
       1.148	 -0.812
       1.152	 -0.770
       1.156	 -0.710
       1.160	 -0.627
       1.164	 -0.560
       1.168	 -0.477
       1.172	 -0.407
       1.176	 -0.338
       1.180	 -0.282
       1.184	 -0.225
       1.188	 -0.128
       1.192	 -0.090
       1.196	  0.003
       1.200	  0.058
       1.204	  0.087
       1.208	  0.128
       1.212	  0.165
       1.216	  0.203
       1.220	  0.247
       1.224	  0.250
       1.228	  0.225
       1.232	  0.223
       1.236	  0.175
       1.240	  0.072
       1.244	 -0.025
       1.248	 -0.163
       1.252	 -0.287
       1.256	 -0.445
       1.260	 -0.585
       1.264	 -0.723
       1.268	 -0.840
       1.272	 -0.920
       1.276	 -0.975
       1.280	 -1.025
       1.284	 -1.065
       1.288	 -1.087
       1.292	 -1.075
       1.296	 -1.077
       1.300	 -1.062
       1.304	 -0.990
       1.308	 -1.002
       1.312	 -0.975
       1.316	 -0.912
       1.320	 -0.873
       1.324	 -0.762
       1.328	 -0.700
       1.332	 -0.615
       1.336	 -0.552
       1.340	 -0.477
       1.344	 -0.445
       1.348	 -0.400
       1.352	 -0.315
       1.356	 -0.245
       1.360	 -0.188
       1.364	 -0.122
       1.368	 -0.045
       1.372	 -0.022
       1.376	  0.045
       1.380	  0.107
       1.384	  0.163
       1.388	  0.188
       1.392	  0.235
       1.396	  0.253
       1.400	  0.273
       1.404	  0.275
       1.408	  0.275
       1.412	  0.182
       1.416	  0.145
       1.420	  0.077
       1.424	  0.020
       1.428	 -0.098
       1.432	 -0.185
       1.436	 -0.412
       1.440	 -0.578
       1.444	 -0.735
       1.448	 -0.927
       1.452	 -0.963
       1.456	 -1.025
       1.460	 -1.015
       1.464	 -1.058
       1.468	 -1.050
       1.472	 -1.085
       1.476	 -1.100
       1.480	 -1.103
       1.484	 -1.038
       1.488	 -1.032
       1.492	 -1.040
       1.496	 -0.973
       1.500	 -0.920
       1.504	 -0.885
       1.508	 -0.875
       1.512	 -0.797
       1.516	 -0.728
       1.520	 -0.670
       1.524	 -0.573
       1.528	 -0.475
       1.532	 -0.400
       1.536	 -0.362
       1.540	 -0.265
       1.544	 -0.182
       1.548	 -0.203
       1.552	 -0.147
       1.556	 -0.077
       1.560	  0.003
       1.564	  0.083
       1.568	  0.090
       1.572	  0.133
       1.576	  0.188
       1.580	  0.247
       1.584	  0.250
       1.588	  0.260
       1.592	  0.287
       1.596	  0.297
       1.600	  0.228
       1.604	  0.185
       1.608	  0.128
       1.612	 -0.025
       1.616	 -0.158
       1.620	 -0.315
       1.624	 -0.490
       1.628	 -0.710
       1.632	 -0.887
       1.636	 -1.060
       1.640	 -1.198
       1.644	 -1.298
       1.648	 -1.357
       1.652	 -1.413
       1.656	 -1.420
       1.660	 -1.375
       1.664	 -1.302
       1.668	 -1.248
       1.672	 -1.173
       1.676	 -1.175
       1.680	 -1.097
       1.684	 -1.035
       1.688	 -0.953
       1.692	 -0.865
       1.696	 -0.812
       1.700	 -0.725
       1.704	 -0.670
       1.708	 -0.603
       1.712	 -0.527
       1.716	 -0.458
       1.720	 -0.410
       1.724	 -0.278
       1.728	 -0.175
       1.732	 -0.075
       1.736	 -0.028
       1.740	  0.035
       1.744	  0.077
       1.748	  0.133
       1.752	  0.215
       1.756	  0.290
       1.760	  0.398
       1.764	  0.458
       1.768	  0.525
       1.772	  0.573
       1.776	  0.547
       1.780	  0.598
       1.784	  0.550
       1.788	  0.525
       1.792	  0.450
       1.796	  0.422
       1.800	  0.290
       1.804	  0.128
       1.808	  0.007
       1.812	 -0.220
       1.816	 -0.458
       1.820	 -0.625
       1.824	 -0.833
       1.828	 -0.983
       1.832	 -1.070
       1.836	 -1.170
       1.840	 -1.232
       1.844	 -1.235
       1.848	 -1.245
       1.852	 -1.265
       1.856	 -1.183
       1.860	 -1.163
       1.864	 -1.115
       1.868	 -1.025
       1.872	 -0.988
       1.876	 -0.900
       1.880	 -0.845
       1.884	 -0.785
       1.888	 -0.703
       1.892	 -0.585
       1.896	 -0.535
       1.900	 -0.438
       1.904	 -0.378
       1.908	 -0.333
       1.912	 -0.258
       1.916	 -0.190
       1.920	 -0.113
       1.924	 -0.052
       1.928	  0.020
       1.932	  0.062
       1.936	  0.113
       1.940	  0.152
       1.944	  0.160
       1.948	  0.223
       1.952	  0.235
       1.956	  0.287
       1.960	  0.325
       1.964	  0.388
       1.968	  0.407
       1.972	  0.403
       1.976	  0.372
       1.980	  0.312
       1.984	  0.258
       1.988	  0.125
       1.992	  0.013
       1.996	 -0.147
       2.000	 -0.357
       2.004	 -0.578
       2.008	 -0.787
       2.012	 -0.975
       2.016	 -1.157
       2.020	 -1.258
       2.024	 -1.310
       2.028	 -1.357
       2.032	 -1.400
       2.036	 -1.390
       2.040	 -1.425
       2.044	 -1.385
       2.048	 -1.377
       2.052	 -1.333
       2.056	 -1.272
       2.060	 -1.208
       2.064	 -1.153
       2.068	 -1.077
       2.072	 -0.998
       2.076	 -0.932
       2.080	 -0.902
       2.084	 -0.782
       2.088	 -0.685
       2.092	 -0.647
       2.096	 -0.545
       2.100	 -0.472
       2.104	 -0.412
       2.108	 -0.340
       2.112	 -0.290
       2.116	 -0.188
       2.120	 -0.135
       2.124	 -0.062
       2.128	 -0.015
       2.132	  0.037
       2.136	  0.035
       2.140	  0.090
       2.144	  0.065
       2.148	  0.140
       2.152	  0.172
       2.156	  0.237
       2.160	  0.325
       2.164	  0.395
       2.168	  0.475
       2.172	  0.472
       2.176	  0.472
       2.180	  0.407
       2.184	  0.333
       2.188	  0.235
       2.192	  0.113
       2.196	 -0.048
       2.200	 -0.210
       2.204	 -0.425
       2.208	 -0.625
       2.212	 -0.765
       2.216	 -0.922
       2.220	 -1.008
       2.224	 -1.123
       2.228	 -1.140
       2.232	 -1.163
       2.236	 -1.177
       2.240	 -1.175
       2.244	 -1.190
       2.248	 -1.177
       2.252	 -1.107
       2.256	 -1.028
       2.260	 -0.970
       2.264	 -0.875
       2.268	 -0.810
       2.272	 -0.748
       2.276	 -0.665
       2.280	 -0.603
       2.284	 -0.522
       2.288	 -0.427
       2.292	 -0.320
       2.296	 -0.235
       2.300	 -0.147
       2.304	 -0.087
       2.308	 -0.037
       2.312	  0.015
       2.316	  0.065
       2.320	  0.133
       2.324	  0.182
       2.328	  0.240
       2.332	  0.295
       2.336	  0.350
       2.340	  0.390
       2.344	  0.438
       2.348	  0.487
       2.352	  0.550
       2.356	  0.595
       2.360	  0.637
       2.364	  0.660
       2.368	  0.652
       2.372	  0.598
       2.376	  0.552
       2.380	  0.463
       2.384	  0.370
       2.388	  0.235
       2.392	  0.070
       2.396	 -0.058
       2.400	 -0.290
       2.404	 -0.502
       2.408	 -0.662
       2.412	 -0.828
       2.416	 -0.948
       2.420	 -1.045
       2.424	 -1.100
       2.428	 -1.123
       2.432	 -1.127
       2.436	 -1.195
       2.440	 -1.163
       2.444	 -1.100
       2.448	 -1.087
       2.452	 -1.060
       2.456	 -0.975
       2.460	 -0.863
       2.464	 -0.825
       2.468	 -0.720
       2.472	 -0.645
       2.476	 -0.620
       2.480	 -0.540
       2.484	 -0.465
       2.488	 -0.328
       2.492	 -0.265
       2.496	 -0.185
       2.500	 -0.087
       2.504	  0.022
       2.508	  0.035
       2.512	  0.095
       2.516	  0.163
       2.520	  0.210
       2.524	  0.253
       2.528	  0.320
       2.532	  0.362
       2.536	  0.440
       2.540	  0.460
       2.544	  0.412
       2.548	  0.465
       2.552	  0.458
       2.556	  0.427
       2.560	  0.370
       2.564	  0.320
       2.568	  0.260
       2.572	  0.110
       2.576	 -0.020
       2.580	 -0.182
       2.584	 -0.323
       2.588	 -0.477
       2.592	 -0.627
       2.596	 -0.728
       2.600	 -0.782
       2.604	 -0.907
       2.608	 -0.927
       2.612	 -0.983
       2.616	 -1.028
       2.620	 -1.000
       2.624	 -0.985
       2.628	 -0.927
       2.632	 -0.870
       2.636	 -0.835
       2.640	 -0.807
       2.644	 -0.723
       2.648	 -0.665
       2.652	 -0.578
       2.656	 -0.495
       2.660	 -0.395
       2.664	 -0.307
       2.668	 -0.228
       2.672	 -0.158
       2.676	 -0.083
       2.680	 -0.025
       2.684	  0.022
       2.688	  0.087
       2.692	  0.150
       2.696	  0.175
       2.700	  0.275
       2.704	  0.297
       2.708	  0.315
       2.712	  0.340
       2.716	  0.375
       2.720	  0.357
       2.724	  0.407
       2.728	  0.385
       2.732	  0.370
       2.736	  0.315
       2.740	  0.273
       2.744	  0.163
       2.748	  0.145
       2.752	  0.022
       2.756	 -0.107
       2.760	 -0.195
       2.764	 -0.323
       2.768	 -0.432
       2.772	 -0.578
       2.776	 -0.713
       2.780	 -0.777
       2.784	 -0.858
       2.788	 -0.865
       2.792	 -0.870
       2.796	 -0.897
       2.800	 -0.915
       2.804	 -0.912
       2.808	 -0.897
       2.812	 -0.882
       2.816	 -0.790
       2.820	 -0.728
       2.824	 -0.677
       2.828	 -0.547
       2.832	 -0.465
       2.836	 -0.410
       2.840	 -0.323
       2.844	 -0.273
       2.848	 -0.273
       2.852	 -0.163
       2.856	 -0.077
       2.860	  0.000
       2.864	  0.128
       2.868	  0.185
       2.872	  0.275
       2.876	  0.320
       2.880	  0.357
       2.884	  0.403
       2.888	  0.450
       2.892	  0.497
       2.896	  0.545
       2.900	  0.535
       2.904	  0.507
       2.908	  0.453
       2.912	  0.400
       2.916	  0.340
       2.920	  0.287
       2.924	  0.223
       2.928	  0.145
       2.932	  0.022
       2.936	 -0.083
       2.940	 -0.263
       2.944	 -0.410
       2.948	 -0.550
       2.952	 -0.695
       2.956	 -0.787
       2.960	 -0.900
       2.964	 -0.920
       2.968	 -0.978
       2.972	 -1.052
       2.976	 -1.022
       2.980	 -1.077
       2.984	 -1.065
       2.988	 -1.028
       2.992	 -0.985
       2.996	 -0.927
       3.000	 -0.890
       3.004	 -0.802
       3.008	 -0.745
       3.012	 -0.690
       3.016	 -0.595
       3.020	 -0.507
       3.024	 -0.372
       3.028	 -0.260
       3.032	 -0.165
       3.036	 -0.062
       3.040	  0.025
       3.044	  0.115
       3.048	  0.185
       3.052	  0.253
       3.056	  0.338
       3.060	  0.398
       3.064	  0.458
       3.068	  0.522
       3.072	  0.550
       3.076	  0.562
       3.080	  0.578
       3.084	  0.573
       3.088	  0.603
       3.092	  0.522
       3.096	  0.487
       3.100	  0.438
       3.104	  0.323
       3.108	  0.228
       3.112	  0.115
       3.116	 -0.050
       3.120	 -0.165
       3.124	 -0.285
       3.128	 -0.390
       3.132	 -0.527
       3.136	 -0.608
       3.140	 -0.700
       3.144	 -0.840
       3.148	 -0.887
       3.152	 -0.940
       3.156	 -0.927
       3.160	 -0.975
       3.164	 -0.950
       3.168	 -0.970
       3.172	 -0.953
       3.176	 -0.950
       3.180	 -0.925
       3.184	 -0.870
       3.188	 -0.800
       3.192	 -0.752
       3.196	 -0.740
       3.200	 -0.637
       3.204	 -0.585
       3.208	 -0.520
       3.212	 -0.465
       3.216	 -0.453
       3.220	 -0.347
       3.224	 -0.282
       3.228	 -0.138
       3.232	 -0.083
       3.236	  0.003
       3.240	  0.085
       3.244	  0.160
       3.248	  0.225
       3.252	  0.310
       3.256	  0.357
       3.260	  0.432
       3.264	  0.463
       3.268	  0.512
       3.272	  0.502
       3.276	  0.510
       3.280	  0.535
       3.284	  0.477
       3.288	  0.438
       3.292	  0.398
       3.296	  0.312
       3.300	  0.198
       3.304	  0.048
       3.308	 -0.048
       3.312	 -0.175
       3.316	 -0.290
       3.320	 -0.403
       3.324	 -0.485
       3.328	 -0.525
       3.332	 -0.583
       3.336	 -0.672
       3.340	 -0.740
       3.344	 -0.795
       3.348	 -0.858
       3.352	 -0.838
       3.356	 -0.828
       3.360	 -0.790
       3.364	 -0.858
       3.368	 -0.850
       3.372	 -0.782
       3.376	 -0.777
       3.380	 -0.765
       3.384	 -0.715
       3.388	 -0.677
       3.392	 -0.637
       3.396	 -0.557
       3.400	 -0.495
       3.404	 -0.410
       3.408	 -0.357
       3.412	 -0.307
       3.416	 -0.185
       3.420	 -0.113
       3.424	 -0.033
       3.428	  0.050
       3.432	  0.120
       3.436	  0.152
       3.440	  0.233
       3.444	  0.207
       3.448	  0.223
       3.452	  0.235
       3.456	  0.250
       3.460	  0.250
       3.464	  0.250
       3.468	  0.210
       3.472	  0.145
       3.476	  0.110
       3.480	  0.072
       3.484	  0.020
       3.488	 -0.020
       3.492	 -0.077
       3.496	 -0.050
       3.500	 -0.107
       3.504	 -0.133
       3.508	 -0.177
       3.512	 -0.240
       3.516	 -0.223
       3.520	 -0.273
       3.524	 -0.275
       3.528	 -0.302
       3.532	 -0.300
       3.536	 -0.345
       3.540	 -0.345
       3.544	 -0.365
       3.548	 -0.370
       3.552	 -0.357
       3.556	 -0.338
       3.560	 -0.307
       3.564	 -0.302
       3.568	 -0.273
       3.572	 -0.295
       3.576	 -0.270
       3.580	 -0.270
       3.584	 -0.237
       3.588	 -0.210
       3.592	 -0.150
       3.596	 -0.158
       3.600	 -0.090
       3.604	  0.020
       3.608	  0.000
       3.612	  0.072
       3.616	  0.115
       3.620	  0.160
       3.624	  0.200
       3.628	  0.223
       3.632	  0.228
       3.636	  0.260
       3.640	  0.172
       3.644	  0.152
       3.648	  0.062
       3.652	 -0.013
       3.656	 -0.120
       3.660	 -0.215
       3.664	 -0.260
       3.668	 -0.320
       3.672	 -0.388
       3.676	 -0.422
       3.680	 -0.425
       3.684	 -0.420
       3.688	 -0.383
       3.692	 -0.383
       3.696	 -0.285
       3.700	 -0.260
       3.704	 -0.210
       3.708	 -0.235
       3.712	 -0.237
       3.716	 -0.185
       3.720	 -0.175
       3.724	 -0.102
       3.728	 -0.070
       3.732	 -0.033
       3.736	 -0.020
       3.740	 -0.033
       3.744	 -0.065
       3.748	  0.010
       3.752	  0.020
       3.756	  0.015
       3.760	  0.048
       3.764	  0.048
       3.768	  0.050
       3.772	  0.065
       3.776	  0.107
       3.780	  0.075
       3.784	  0.083
       3.788	  0.158
       3.792	  0.188
       3.796	  0.223
       3.800	  0.265
       3.804	  0.240
       3.808	  0.273
       3.812	  0.247
       3.816	  0.253
       3.820	  0.265
       3.824	  0.220
       3.828	  0.190
       3.832	  0.128
       3.836	 -0.013
       3.840	 -0.163
       3.844	 -0.300
       3.848	 -0.445
       3.852	 -0.525
       3.856	 -0.640
       3.860	 -0.715
       3.864	 -0.760
       3.868	 -0.750
       3.872	 -0.823
       3.876	 -0.823
       3.880	 -0.848
       3.884	 -0.802
       3.888	 -0.785
       3.892	 -0.735
       3.896	 -0.677
       3.900	 -0.585
       3.904	 -0.535
       3.908	 -0.502
       3.912	 -0.390
       3.916	 -0.407
       3.920	 -0.362
       3.924	 -0.320
       3.928	 -0.200
       3.932	 -0.177
       3.936	 -0.145
       3.940	 -0.077
       3.944	 -0.035
       3.948	  0.010
       3.952	  0.050
       3.956	  0.110
       3.960	  0.163
       3.964	  0.203
       3.968	  0.235
       3.972	  0.297
       3.976	  0.287
       3.980	  0.282
       3.984	  0.320
       3.988	  0.320
       3.992	  0.290
       3.996	  0.287
       4.000	  0.295
       4.004	  0.263
       4.008	  0.172
       4.012	  0.135
       4.016	  0.070
       4.020	 -0.025
       4.024	 -0.133
       4.028	 -0.225
       4.032	 -0.307
       4.036	 -0.463
       4.040	 -0.552
       4.044	 -0.698
       4.048	 -0.810
       4.052	 -0.865
       4.056	 -0.940
       4.060	 -0.995
       4.064	 -0.973
       4.068	 -0.983
       4.072	 -0.948
       4.076	 -0.922
       4.080	 -0.925
       4.084	 -0.835
       4.088	 -0.765
       4.092	 -0.735
       4.096	 -0.657
       4.100	 -0.515
       4.104	 -0.448
       4.108	 -0.440
       4.112	 -0.307
       4.116	 -0.233
       4.120	 -0.138
       4.124	 -0.102
       4.128	 -0.072
       4.132	  0.048
       4.136	  0.115
       4.140	  0.158
       4.144	  0.240
       4.148	  0.295
       4.152	  0.340
       4.156	  0.460
       4.160	  0.477
       4.164	  0.545
       4.168	  0.552
       4.172	  0.598
       4.176	  0.583
       4.180	  0.627
       4.184	  0.635
       4.188	  0.623
       4.192	  0.635
       4.196	  0.613
       4.200	  0.583
       4.204	  0.485
       4.208	  0.403
       4.212	  0.240
       4.216	  0.102
       4.220	 -0.075
       4.224	 -0.235
       4.228	 -0.347
       4.232	 -0.512
       4.236	 -0.632
       4.240	 -0.782
       4.244	 -0.882
       4.248	 -1.015
       4.252	 -1.100
       4.256	 -1.157
       4.260	 -1.150
       4.264	 -1.145
       4.268	 -1.157
       4.272	 -1.103
       4.276	 -1.085
       4.280	 -1.052
       4.284	 -0.990
       4.288	 -0.938
       4.292	 -0.820
       4.296	 -0.708
       4.300	 -0.610
       4.304	 -0.500
       4.308	 -0.385
       4.312	 -0.350
       4.316	 -0.270
       4.320	 -0.115
       4.324	 -0.072
       4.328	  0.010
       4.332	  0.083
       4.336	  0.170
       4.340	  0.212
       4.344	  0.278
       4.348	  0.347
       4.352	  0.415
       4.356	  0.438
       4.360	  0.490
       4.364	  0.527
       4.368	  0.562
       4.372	  0.552
       4.376	  0.550
       4.380	  0.547
       4.384	  0.522
       4.388	  0.537
       4.392	  0.448
       4.396	  0.450
       4.400	  0.350
       4.404	  0.260
       4.408	  0.138
       4.412	  0.037
       4.416	 -0.100
       4.420	 -0.198
       4.424	 -0.315
       4.428	 -0.398
       4.432	 -0.500
       4.436	 -0.598
       4.440	 -0.672
       4.444	 -0.790
       4.448	 -0.833
       4.452	 -0.877
       4.456	 -0.970
       4.460	 -0.970
       4.464	 -1.002
       4.468	 -1.025
       4.472	 -1.070
       4.476	 -0.998
       4.480	 -0.935
       4.484	 -0.865
       4.488	 -0.777
       4.492	 -0.695
       4.496	 -0.600
       4.500	 -0.532
       4.504	 -0.438
       4.508	 -0.378
       4.512	 -0.320
       4.516	 -0.278
       4.520	 -0.195
       4.524	 -0.098
       4.528	 -0.040
       4.532	  0.070
       4.536	  0.110
       4.540	  0.195
       4.544	  0.198
       4.548	  0.228
       4.552	  0.275
       4.556	  0.323
       4.560	  0.365
       4.564	  0.420
       4.568	  0.435
       4.572	  0.412
       4.576	  0.412
       4.580	  0.365
       4.584	  0.302
       4.588	  0.250
       4.592	  0.212
       4.596	  0.152
       4.600	  0.140
       4.604	  0.085
       4.608	  0.015
       4.612	 -0.048
       4.616	 -0.077
       4.620	 -0.133
       4.624	 -0.125
       4.628	 -0.177
       4.632	 -0.190
       4.636	 -0.228
       4.640	 -0.297
       4.644	 -0.310
       4.648	 -0.335
       4.652	 -0.357
       4.656	 -0.347
       4.660	 -0.310
       4.664	 -0.347
       4.668	 -0.335
       4.672	 -0.325
       4.676	 -0.310
       4.680	 -0.335
       4.684	 -0.295
       4.688	 -0.260
       4.692	 -0.200
       4.696	 -0.195
       4.700	 -0.120
       4.704	 -0.070
       4.708	  0.025
       4.712	  0.022
       4.716	  0.015
       4.720	  0.065
       4.724	  0.107
       4.728	  0.140
       4.732	  0.150
       4.736	  0.140
       4.740	  0.147
       4.744	  0.158
       4.748	  0.110
       4.752	  0.087
       4.756	  0.060
       4.760	  0.028
       4.764	 -0.033
       4.768	 -0.090
       4.772	 -0.175
       4.776	 -0.228
       4.780	 -0.278
       4.784	 -0.360
       4.788	 -0.407
       4.792	 -0.410
       4.796	 -0.420
       4.800	 -0.445
       4.804	 -0.453
       4.808	 -0.458
       4.812	 -0.507
       4.816	 -0.482
       4.820	 -0.500
       4.824	 -0.500
       4.828	 -0.465
       4.832	 -0.482
       4.836	 -0.450
       4.840	 -0.435
       4.844	 -0.445
       4.848	 -0.390
       4.852	 -0.362
       4.856	 -0.350
       4.860	 -0.300
       4.864	 -0.215
       4.868	 -0.198
       4.872	 -0.138
       4.876	 -0.122
       4.880	 -0.083
       4.884	 -0.037
       4.888	  0.040
       4.892	  0.120
       4.896	  0.188
       4.900	  0.245
       4.904	  0.260
       4.908	  0.275
       4.912	  0.282
       4.916	  0.287
       4.920	  0.307
       4.924	  0.290
       4.928	  0.325
       4.932	  0.323
       4.936	  0.250
       4.940	  0.177
       4.944	  0.138
       4.948	  0.058
       4.952	  0.007
       4.956	 -0.085
       4.960	 -0.135
       4.964	 -0.188
       4.968	 -0.215
       4.972	 -0.263
       4.976	 -0.338
       4.980	 -0.378
       4.984	 -0.440
       4.988	 -0.410
       4.992	 -0.400
       4.996	 -0.422
       5.000	 -0.395
       5.004	 -0.400
       5.008	 -0.410
       5.012	 -0.400
       5.016	 -0.375
       5.020	 -0.350
       5.024	 -0.307
       5.028	 -0.253
       5.032	 -0.210
       5.036	 -0.122
       5.040	 -0.102
       5.044	 -0.062
       5.048	 -0.010
       5.052	  0.048
       5.056	  0.083
       5.060	  0.177
       5.064	  0.185
       5.068	  0.220
       5.072	  0.220
       5.076	  0.240
       5.080	  0.207
       5.084	  0.207
       5.088	  0.198
       5.092	  0.195
       5.096	  0.233
       5.100	  0.240
       5.104	  0.228
       5.108	  0.235
       5.112	  0.245
       5.116	  0.175
       5.120	  0.177
       5.124	  0.172
       5.128	  0.170
       5.132	  0.163
       5.136	  0.065
       5.140	  0.013
       5.144	 -0.020
       5.148	 -0.052
       5.152	 -0.115
       5.156	 -0.100
       5.160	 -0.158
       5.164	 -0.200
       5.168	 -0.220
       5.172	 -0.307
       5.176	 -0.412
       5.180	 -0.487
       5.184	 -0.537
       5.188	 -0.585
       5.192	 -0.578
       5.196	 -0.603
       5.200	 -0.652
       5.204	 -0.635
       5.208	 -0.670
       5.212	 -0.627
       5.216	 -0.632
       5.220	 -0.615
       5.224	 -0.525
       5.228	 -0.458
       5.232	 -0.385
       5.236	 -0.323
       5.240	 -0.265
       5.244	 -0.207
       5.248	 -0.145
       5.252	 -0.085
       5.256	 -0.010
       5.260	  0.072
       5.264	  0.125
       5.268	  0.185
       5.272	  0.185
       5.276	  0.212
       5.280	  0.175
       5.284	  0.207
       5.288	  0.185
       5.292	  0.160
       5.296	  0.147
       5.300	  0.140
       5.304	  0.120
       5.308	  0.128
       5.312	  0.113
       5.316	  0.102
       5.320	  0.113
       5.324	  0.145
       5.328	  0.170
       5.332	  0.190
       5.336	  0.133
       5.340	  0.135
       5.344	  0.113
       5.348	  0.100
       5.352	  0.065
       5.356	  0.052
       5.360	  0.010
       5.364	  0.010
       5.368	 -0.022
       5.372	 -0.065
       5.376	 -0.062
       5.380	 -0.110
       5.384	 -0.150
       5.388	 -0.128
       5.392	 -0.140
       5.396	 -0.135
       5.400	 -0.150
       5.404	 -0.172
       5.408	 -0.188
       5.412	 -0.182
       5.416	 -0.200
       5.420	 -0.133
       5.424	 -0.125
       5.428	 -0.070
       5.432	 -0.075
       5.436	 -0.072
       5.440	 -0.028
       5.444	 -0.048
       5.448	 -0.020
       5.452	  0.007
       5.456	  0.070
       5.460	  0.087
       5.464	  0.115
       5.468	  0.107
       5.472	  0.090
       5.476	  0.045
       5.480	  0.003
       5.484	 -0.022
       5.488	 -0.022
       5.492	 -0.035
       5.496	 -0.020
       5.500	  0.037
       5.504	 -0.028
       5.508	 -0.025
       5.512	 -0.025
       5.516	 -0.013
       5.520	  0.025
       5.524	  0.020
       5.528	  0.052
       5.532	  0.065
       5.536	  0.052
       5.540	  0.072
       5.544	  0.083
       5.548	  0.035
       5.552	  0.048
       5.556	  0.050
       5.560	  0.072
       5.564	  0.077
       5.568	  0.003
       5.572	  0.000
       5.576	 -0.062
       5.580	 -0.090
       5.584	 -0.090
       5.588	 -0.090
       5.592	 -0.113
       5.596	 -0.113
       5.600	 -0.133
       5.604	 -0.133
       5.608	 -0.163
       5.612	 -0.165
       5.616	 -0.188
       5.620	 -0.158
       5.624	 -0.165
       5.628	 -0.182
       5.632	 -0.172
       5.636	 -0.145
       5.640	 -0.140
       5.644	 -0.158
       5.648	 -0.182
       5.652	 -0.165
       5.656	 -0.163
       5.660	 -0.150
       5.664	 -0.133
       5.668	 -0.085
       5.672	 -0.033
       5.676	 -0.025
       5.680	  0.040
       5.684	  0.065
       5.688	  0.062
       5.692	  0.087
       5.696	  0.098
       5.700	  0.098
       5.704	  0.083
       5.708	  0.075
       5.712	  0.100
       5.716	  0.098
       5.720	  0.077
       5.724	  0.120
       5.728	  0.138
       5.732	  0.138
       5.736	  0.110
       5.740	  0.128
       5.744	  0.090
       5.748	  0.098
       5.752	  0.072
       5.756	  0.113
       5.760	  0.133
       5.764	  0.145
       5.768	  0.100
       5.772	  0.098
       5.776	  0.115
       5.780	  0.065
       5.784	  0.065
       5.788	  0.065
       5.792	  0.060
       5.796	  0.037
       5.800	  0.025
       5.804	  0.000
       5.808	 -0.013
       5.812	 -0.090
       5.816	 -0.158
       5.820	 -0.147
       5.824	 -0.228
       5.828	 -0.287
       5.832	 -0.333
       5.836	 -0.400
       5.840	 -0.463
       5.844	 -0.525
       5.848	 -0.525
       5.852	 -0.500
       5.856	 -0.470
       5.860	 -0.410
       5.864	 -0.357
       5.868	 -0.290
       5.872	 -0.233
       5.876	 -0.160
       5.880	 -0.138
       5.884	 -0.040
       5.888	 -0.010
       5.892	  0.035
       5.896	  0.072
       5.900	  0.128
       5.904	  0.145
       5.908	  0.115
       5.912	  0.083
       5.916	  0.083
       5.920	  0.087
       5.924	  0.077
       5.928	  0.135
       5.932	  0.152
       5.936	  0.185
       5.940	  0.212
       5.944	  0.198
       5.948	  0.182
       5.952	  0.210
       5.956	  0.212
       5.960	  0.250
       5.964	  0.212
       5.968	  0.195
       5.972	  0.188
       5.976	  0.188
       5.980	  0.152
       5.984	  0.075
       5.988	  0.090
       5.992	  0.037
       5.996	  0.058
       6.000	 -0.033
       6.004	 -0.077
       6.008	 -0.185
       6.012	 -0.245
       6.016	 -0.312
       6.020	 -0.328
       6.024	 -0.340
       6.028	 -0.407
       6.032	 -0.403
       6.036	 -0.460
       6.040	 -0.472
       6.044	 -0.465
       6.048	 -0.440
       6.052	 -0.440
       6.056	 -0.375
       6.060	 -0.338
       6.064	 -0.278
       6.068	 -0.247
       6.072	 -0.185
       6.076	 -0.152
       6.080	 -0.150
       6.084	 -0.058
       6.088	 -0.013
       6.092	  0.048
       6.096	  0.133
       6.100	  0.212
       6.104	  0.263
       6.108	  0.290
       6.112	  0.325
       6.116	  0.302
       6.120	  0.360
       6.124	  0.345
       6.128	  0.390
       6.132	  0.372
       6.136	  0.385
       6.140	  0.400
       6.144	  0.350
       6.148	  0.320
       6.152	  0.370
       6.156	  0.398
       6.160	  0.362
       6.164	  0.412
       6.168	  0.350
       6.172	  0.315
       6.176	  0.220
       6.180	  0.120
       6.184	  0.037
       6.188	 -0.072
       6.192	 -0.163
       6.196	 -0.253
       6.200	 -0.333
       6.204	 -0.398
       6.208	 -0.458
       6.212	 -0.512
       6.216	 -0.535
       6.220	 -0.552
       6.224	 -0.540
       6.228	 -0.482
       6.232	 -0.458
       6.236	 -0.432
       6.240	 -0.415
       6.244	 -0.403
       6.248	 -0.400
       6.252	 -0.378
       6.256	 -0.285
       6.260	 -0.287
       6.264	 -0.212
       6.268	 -0.198
       6.272	 -0.152
       6.276	 -0.150
       6.280	 -0.072
       6.284	 -0.040
       6.288	 -0.020
       6.292	  0.072
       6.296	  0.120
       6.300	  0.170
       6.304	  0.200
       6.308	  0.200
       6.312	  0.228
       6.316	  0.297
       6.320	  0.290
       6.324	  0.287
       6.328	  0.302
       6.332	  0.302
       6.336	  0.278
       6.340	  0.278
       6.344	  0.195
       6.348	  0.145
       6.352	  0.075
       6.356	 -0.015
       6.360	 -0.075
       6.364	 -0.163
       6.368	 -0.258
       6.372	 -0.365
       6.376	 -0.407
       6.380	 -0.502
       6.384	 -0.552
       6.388	 -0.583
       6.392	 -0.562
       6.396	 -0.527
       6.400	 -0.527
       6.404	 -0.453
       6.408	 -0.427
       6.412	 -0.365
       6.416	 -0.335
       6.420	 -0.247
       6.424	 -0.203
       6.428	 -0.110
       6.432	 -0.100
       6.436	 -0.090
       6.440	 -0.048
       6.444	  0.010
       6.448	  0.010
       6.452	  0.013
       6.456	  0.050
       6.460	  0.060
       6.464	  0.087
       6.468	  0.145
       6.472	  0.158
       6.476	  0.152
       6.480	  0.200
       6.484	  0.273
       6.488	  0.295
       6.492	  0.325
       6.496	  0.333
       6.500	  0.388
       6.504	  0.347
       6.508	  0.323
       6.512	  0.297
       6.516	  0.295
       6.520	  0.290
       6.524	  0.265
       6.528	  0.270
       6.532	  0.188
       6.536	  0.147
       6.540	  0.037
       6.544	 -0.107
       6.548	 -0.228
       6.552	 -0.338
       6.556	 -0.465
       6.560	 -0.557
       6.564	 -0.627
       6.568	 -0.665
       6.572	 -0.752
       6.576	 -0.765
       6.580	 -0.765
       6.584	 -0.752
       6.588	 -0.713
       6.592	 -0.675
       6.596	 -0.625
       6.600	 -0.562
       6.604	 -0.520
       6.608	 -0.482
       6.612	 -0.482
       6.616	 -0.438
       6.620	 -0.410
       6.624	 -0.333
       6.628	 -0.247
       6.632	 -0.147
       6.636	 -0.107
       6.640	 -0.060
       6.644	  0.010
       6.648	  0.052
       6.652	  0.120
       6.656	  0.215
       6.660	  0.347
       6.664	  0.438
       6.668	  0.522
       6.672	  0.600
       6.676	  0.662
       6.680	  0.665
       6.684	  0.698
       6.688	  0.698
       6.692	  0.703
       6.696	  0.725
       6.700	  0.672
       6.704	  0.640
       6.708	  0.545
       6.712	  0.482
       6.716	  0.347
       6.720	  0.320
       6.724	  0.210
       6.728	  0.128
       6.732	 -0.013
       6.736	 -0.152
       6.740	 -0.287
       6.744	 -0.395
       6.748	 -0.535
       6.752	 -0.600
       6.756	 -0.660
       6.760	 -0.682
       6.764	 -0.690
       6.768	 -0.703
       6.772	 -0.662
       6.776	 -0.660
       6.780	 -0.640
       6.784	 -0.637
       6.788	 -0.613
       6.792	 -0.540
       6.796	 -0.527
       6.800	 -0.477
       6.804	 -0.427
       6.808	 -0.400
       6.812	 -0.407
       6.816	 -0.362
       6.820	 -0.333
       6.824	 -0.297
       6.828	 -0.237
       6.832	 -0.147
       6.836	 -0.115
       6.840	 -0.120
       6.844	 -0.033
       6.848	  0.025
       6.852	  0.075
       6.856	  0.147
       6.860	  0.270
       6.864	  0.312
       6.868	  0.388
       6.872	  0.435
       6.876	  0.453
       6.880	  0.485
       6.884	  0.460
       6.888	  0.477
       6.892	  0.485
       6.896	  0.448
       6.900	  0.407
       6.904	  0.352
       6.908	  0.260
       6.912	  0.170
       6.916	  0.062
       6.920	 -0.058
       6.924	 -0.158
       6.928	 -0.225
       6.932	 -0.290
       6.936	 -0.375
       6.940	 -0.398
       6.944	 -0.445
       6.948	 -0.450
       6.952	 -0.420
       6.956	 -0.370
       6.960	 -0.370
       6.964	 -0.323
       6.968	 -0.347
       6.972	 -0.360
       6.976	 -0.333
       6.980	 -0.412
       6.984	 -0.360
       6.988	 -0.398
       6.992	 -0.370
       6.996	 -0.325
       7.000	 -0.300
       7.004	 -0.297
       7.008	 -0.310
       7.012	 -0.250
       7.016	 -0.215
       7.020	 -0.083
       7.024	 -0.045
       7.028	  0.050
       7.032	  0.125
       7.036	  0.147
       7.040	  0.177
       7.044	  0.273
       7.048	  0.263
       7.052	  0.310
       7.056	  0.357
       7.060	  0.407
       7.064	  0.435
       7.068	  0.427
       7.072	  0.390
       7.076	  0.427
       7.080	  0.365
       7.084	  0.340
       7.088	  0.278
       7.092	  0.237
       7.096	  0.177
       7.100	  0.150
       7.104	  0.058
       7.108	 -0.045
       7.112	 -0.163
       7.116	 -0.190
       7.120	 -0.228
       7.124	 -0.250
       7.128	 -0.225
       7.132	 -0.212
       7.136	 -0.212
       7.140	 -0.212
       7.144	 -0.212
       7.148	 -0.190
       7.152	 -0.160
       7.156	 -0.150
       7.160	 -0.098
       7.164	 -0.110
       7.168	 -0.062
       7.172	 -0.090
       7.176	 -0.107
       7.180	 -0.102
       7.184	 -0.062
       7.188	  0.003
       7.192	  0.048
       7.196	  0.122
       7.200	  0.120
       7.204	  0.152
       7.208	  0.177
       7.212	  0.210
       7.216	  0.265
       7.220	  0.310
       7.224	  0.360
       7.228	  0.395
       7.232	  0.440
       7.236	  0.432
       7.240	  0.412
       7.244	  0.412
       7.248	  0.422
       7.252	  0.370
       7.256	  0.333
       7.260	  0.333
       7.264	  0.312
       7.268	  0.253
       7.272	  0.177
       7.276	  0.087
       7.280	 -0.013
       7.284	 -0.083
       7.288	 -0.152
       7.292	 -0.198
       7.296	 -0.195
       7.300	 -0.258
       7.304	 -0.228
       7.308	 -0.233
       7.312	 -0.237
       7.316	 -0.212
       7.320	 -0.240
       7.324	 -0.223
       7.328	 -0.228
       7.332	 -0.228
       7.336	 -0.225
       7.340	 -0.220
       7.344	 -0.247
       7.348	 -0.237
       7.352	 -0.215
       7.356	 -0.228
       7.360	 -0.188
       7.364	 -0.175
       7.368	 -0.165
       7.372	 -0.115
       7.376	 -0.090
       7.380	 -0.070
       7.384	  0.022
       7.388	  0.052
       7.392	  0.150
       7.396	  0.200
       7.400	  0.263
       7.404	  0.302
       7.408	  0.340
       7.412	  0.403
       7.416	  0.425
       7.420	  0.463
       7.424	  0.487
       7.428	  0.552
       7.432	  0.502
       7.436	  0.520
       7.440	  0.465
       7.444	  0.435
       7.448	  0.372
       7.452	  0.335
       7.456	  0.270
       7.460	  0.223
       7.464	  0.165
       7.468	  0.077
       7.472	 -0.065
       7.476	 -0.128
       7.480	 -0.185
       7.484	 -0.228
       7.488	 -0.253
       7.492	 -0.287
       7.496	 -0.258
       7.500	 -0.290
       7.504	 -0.278
       7.508	 -0.287
       7.512	 -0.273
       7.516	 -0.300
       7.520	 -0.235
       7.524	 -0.225
       7.528	 -0.200
       7.532	 -0.225
       7.536	 -0.175
       7.540	 -0.235
       7.544	 -0.215
       7.548	 -0.200
       7.552	 -0.188
       7.556	 -0.147
       7.560	 -0.122
       7.564	 -0.072
       7.568	 -0.050
       7.572	 -0.010
       7.576	  0.065
       7.580	  0.087
       7.584	  0.163
       7.588	  0.215
       7.592	  0.278
       7.596	  0.352
       7.600	  0.412
       7.604	  0.453
       7.608	  0.507
       7.612	  0.487
       7.616	  0.515
       7.620	  0.540
       7.624	  0.512
       7.628	  0.485
       7.632	  0.465
       7.636	  0.390
       7.640	  0.340
       7.644	  0.263
       7.648	  0.210
       7.652	  0.098
       7.656	  0.045
       7.660	 -0.028
       7.664	 -0.070
       7.668	 -0.135
       7.672	 -0.210
       7.676	 -0.315
       7.680	 -0.352
       7.684	 -0.345
       7.688	 -0.345
       7.692	 -0.335
       7.696	 -0.312
       7.700	 -0.328
       7.704	 -0.307
       7.708	 -0.287
       7.712	 -0.312
       7.716	 -0.320
       7.720	 -0.250
       7.724	 -0.235
       7.728	 -0.152
       7.732	 -0.098
       7.736	 -0.062
       7.740	 -0.060
       7.744	  0.010
       7.748	  0.045
       7.752	  0.122
       7.756	  0.203
       7.760	  0.338
       7.764	  0.403
       7.768	  0.495
       7.772	  0.550
       7.776	  0.570
       7.780	  0.595
       7.784	  0.610
       7.788	  0.670
       7.792	  0.662
       7.796	  0.688
       7.800	  0.685
       7.804	  0.698
       7.808	  0.637
       7.812	  0.627
       7.816	  0.615
       7.820	  0.500
       7.824	  0.458
       7.828	  0.357
       7.832	  0.265
       7.836	  0.107
       7.840	  0.010
       7.844	 -0.107
       7.848	 -0.212
       7.852	 -0.320
       7.856	 -0.388
       7.860	 -0.415
       7.864	 -0.453
       7.868	 -0.497
       7.872	 -0.512
       7.876	 -0.527
       7.880	 -0.560
       7.884	 -0.550
       7.888	 -0.562
       7.892	 -0.535
       7.896	 -0.502
       7.900	 -0.482
       7.904	 -0.375
       7.908	 -0.383
       7.912	 -0.372
       7.916	 -0.253
       7.920	 -0.165
       7.924	 -0.138
       7.928	 -0.022
       7.932	  0.020
       7.936	  0.110
       7.940	  0.175
       7.944	  0.258
       7.948	  0.285
       7.952	  0.340
       7.956	  0.383
       7.960	  0.427
       7.964	  0.475
       7.968	  0.527
       7.972	  0.537
       7.976	  0.588
       7.980	  0.588
       7.984	  0.590
       7.988	  0.562
       7.992	  0.522
       7.996	  0.487
       8.000	  0.410
       8.004	  0.302
       8.008	  0.158
       8.012	  0.060
       8.016	 -0.050
       8.020	 -0.185
       8.024	 -0.290
       8.028	 -0.357
       8.032	 -0.453
       8.036	 -0.502
       8.040	 -0.595
       8.044	 -0.623
       8.048	 -0.672
       8.052	 -0.662
       8.056	 -0.703
       8.060	 -0.660
       8.064	 -0.615
       8.068	 -0.620
       8.072	 -0.588
       8.076	 -0.570
       8.080	 -0.535
       8.084	 -0.470
       8.088	 -0.410
       8.092	 -0.333
       8.096	 -0.275
       8.100	 -0.190
       8.104	 -0.115
       8.108	 -0.037
       8.112	  0.010
       8.116	  0.098
       8.120	  0.215
       8.124	  0.275
       8.128	  0.372
       8.132	  0.427
       8.136	  0.497
       8.140	  0.583
       8.144	  0.615
       8.148	  0.620
       8.152	  0.578
       8.156	  0.662
       8.160	  0.665
       8.164	  0.710
       8.168	  0.685
       8.172	  0.672
       8.176	  0.640
       8.180	  0.613
       8.184	  0.550
       8.188	  0.475
       8.192	  0.338
       8.196	  0.223
       8.200	  0.065
       8.204	 -0.107
       8.208	 -0.323
       8.212	 -0.407
       8.216	 -0.575
       8.220	 -0.685
       8.224	 -0.750
       8.228	 -0.777
       8.232	 -0.828
       8.236	 -0.820
       8.240	 -0.828
       8.244	 -0.838
       8.248	 -0.835
       8.252	 -0.825
       8.256	 -0.772
       8.260	 -0.750
       8.264	 -0.640
       8.268	 -0.662
       8.272	 -0.552
       8.276	 -0.550
       8.280	 -0.495
       8.284	 -0.420
       8.288	 -0.347
       8.292	 -0.210
       8.296	 -0.107
       8.300	 -0.033
       8.304	  0.058
       8.308	  0.152
       8.312	  0.215
       8.316	  0.300
       8.320	  0.410
       8.324	  0.450
       8.328	  0.557
       8.332	  0.575
       8.336	  0.625
       8.340	  0.620
       8.344	  0.635
       8.348	  0.637
       8.352	  0.598
       8.356	  0.650
       8.360	  0.650
       8.364	  0.620
       8.368	  0.573
       8.372	  0.507
       8.376	  0.407
       8.380	  0.258
       8.384	  0.147
       8.388	  0.045
       8.392	 -0.098
       8.396	 -0.158
       8.400	 -0.235
       8.404	 -0.315
       8.408	 -0.422
       8.412	 -0.453
       8.416	 -0.552
       8.420	 -0.620
       8.424	 -0.595
       8.428	 -0.637
       8.432	 -0.613
       8.436	 -0.613
       8.440	 -0.588
       8.444	 -0.570
       8.448	 -0.535
       8.452	 -0.525
       8.456	 -0.475
       8.460	 -0.410
       8.464	 -0.365
       8.468	 -0.290
       8.472	 -0.237
       8.476	 -0.177
       8.480	 -0.122
       8.484	 -0.052
       8.488	  0.000
       8.492	  0.060
       8.496	  0.150
       8.500	  0.247
       8.504	  0.302
       8.508	  0.333
       8.512	  0.385
       8.516	  0.398
       8.520	  0.438
       8.524	  0.482
       8.528	  0.522
       8.532	  0.562
       8.536	  0.520
       8.540	  0.527
       8.544	  0.465
       8.548	  0.445
       8.552	  0.407
       8.556	  0.398
       8.560	  0.320
       8.564	  0.223
       8.568	  0.140
       8.572	  0.003
       8.576	 -0.120
       8.580	 -0.210
       8.584	 -0.300
       8.588	 -0.390
       8.592	 -0.425
       8.596	 -0.440
       8.600	 -0.435
       8.604	 -0.477
       8.608	 -0.477
       8.612	 -0.453
       8.616	 -0.463
       8.620	 -0.412
       8.624	 -0.400
       8.628	 -0.352
       8.632	 -0.333
       8.636	 -0.297
       8.640	 -0.265
       8.644	 -0.240
       8.648	 -0.198
       8.652	 -0.135
       8.656	 -0.058
       8.660	  0.013
       8.664	  0.102
       8.668	  0.122
       8.672	  0.170
       8.676	  0.212
       8.680	  0.265
       8.684	  0.340
       8.688	  0.350
       8.692	  0.410
       8.696	  0.435
       8.700	  0.477
       8.704	  0.475
       8.708	  0.520
       8.712	  0.535
       8.716	  0.552
       8.720	  0.527
       8.724	  0.545
       8.728	  0.525
       8.732	  0.522
       8.736	  0.502
       8.740	  0.438
       8.744	  0.420
       8.748	  0.335
       8.752	  0.295
       8.756	  0.223
       8.760	  0.100
       8.764	  0.022
       8.768	 -0.120
       8.772	 -0.290
       8.776	 -0.450
       8.780	 -0.637
       8.784	 -0.748
       8.788	 -0.785
       8.792	 -0.835
       8.796	 -0.802
       8.800	 -0.752
       8.804	 -0.738
       8.808	 -0.735
       8.812	 -0.688
       8.816	 -0.672
       8.820	 -0.600
       8.824	 -0.532
       8.828	 -0.482
       8.832	 -0.372
       8.836	 -0.328
       8.840	 -0.265
       8.844	 -0.215
       8.848	 -0.133
       8.852	 -0.075
       8.856	 -0.022
       8.860	  0.072
       8.864	  0.120
       8.868	  0.175
       8.872	  0.220
       8.876	  0.258
       8.880	  0.245
       8.884	  0.300
       8.888	  0.357
       8.892	  0.407
       8.896	  0.458
       8.900	  0.527
       8.904	  0.547
       8.908	  0.545
       8.912	  0.522
       8.916	  0.583
       8.920	  0.560
       8.924	  0.573
       8.928	  0.615
       8.932	  0.562
       8.936	  0.520
       8.940	  0.475
       8.944	  0.470
       8.948	  0.425
       8.952	  0.410
       8.956	  0.398
       8.960	  0.310
       8.964	  0.245
       8.968	  0.133
       8.972	 -0.022
       8.976	 -0.152
       8.980	 -0.290
       8.984	 -0.432
       8.988	 -0.465
       8.992	 -0.515
       8.996	 -0.552
       9.000	 -0.535
       9.004	 -0.547
       9.008	 -0.565
       9.012	 -0.562
       9.016	 -0.540
       9.020	 -0.512
       9.024	 -0.400
       9.028	 -0.412
       9.032	 -0.325
       9.036	 -0.295
       9.040	 -0.253
       9.044	 -0.215
       9.048	 -0.110
       9.052	 -0.100
       9.056	 -0.045
       9.060	  0.048
       9.064	  0.110
       9.068	  0.140
       9.072	  0.147
       9.076	  0.185
       9.080	  0.200
       9.084	  0.253
       9.088	  0.287
       9.092	  0.338
       9.096	  0.375
       9.100	  0.388
       9.104	  0.420
       9.108	  0.398
       9.112	  0.378
       9.116	  0.365
       9.120	  0.372
       9.124	  0.338
       9.128	  0.302
       9.132	  0.335
       9.136	  0.270
       9.140	  0.250
       9.144	  0.188
       9.148	  0.133
       9.152	  0.110
       9.156	  0.058
       9.160	  0.020
       9.164	 -0.037
       9.168	 -0.115
       9.172	 -0.210
       9.176	 -0.302
       9.180	 -0.378
       9.184	 -0.497
       9.188	 -0.522
       9.192	 -0.525
       9.196	 -0.562
       9.200	 -0.540
       9.204	 -0.535
       9.208	 -0.520
       9.212	 -0.487
       9.216	 -0.472
       9.220	 -0.427
       9.224	 -0.370
       9.228	 -0.297
       9.232	 -0.240
       9.236	 -0.210
       9.240	 -0.198
       9.244	 -0.163
       9.248	 -0.087
       9.252	 -0.062
       9.256	  0.007
       9.260	  0.037
       9.264	  0.113
       9.268	  0.135
       9.272	  0.160
       9.276	  0.212
       9.280	  0.233
       9.284	  0.247
       9.288	  0.275
       9.292	  0.323
       9.296	  0.362
       9.300	  0.390
       9.304	  0.438
       9.308	  0.465
       9.312	  0.435
       9.316	  0.422
       9.320	  0.403
       9.324	  0.378
       9.328	  0.383
       9.332	  0.335
       9.336	  0.290
       9.340	  0.237
       9.344	  0.210
       9.348	  0.135
       9.352	 -0.025
       9.356	 -0.083
       9.360	 -0.188
       9.364	 -0.290
       9.368	 -0.378
       9.372	 -0.497
       9.376	 -0.547
       9.380	 -0.598
       9.384	 -0.650
       9.388	 -0.613
       9.392	 -0.578
       9.396	 -0.512
       9.400	 -0.507
       9.404	 -0.458
       9.408	 -0.472
       9.412	 -0.458
       9.416	 -0.407
       9.420	 -0.338
       9.424	 -0.310
       9.428	 -0.207
       9.432	 -0.177
       9.436	 -0.150
       9.440	 -0.070
       9.444	 -0.058
       9.448	 -0.033
       9.452	  0.013
       9.456	  0.085
       9.460	  0.138
       9.464	  0.198
       9.468	  0.237
       9.472	  0.258
       9.476	  0.285
       9.480	  0.297
       9.484	  0.333
       9.488	  0.325
       9.492	  0.390
       9.496	  0.385
       9.500	  0.400
       9.504	  0.370
       9.508	  0.385
       9.512	  0.335
       9.516	  0.310
       9.520	  0.278
       9.524	  0.182
       9.528	  0.160
       9.532	  0.060
       9.536	 -0.040
       9.540	 -0.152
       9.544	 -0.233
       9.548	 -0.328
       9.552	 -0.372
       9.556	 -0.407
       9.560	 -0.490
       9.564	 -0.560
       9.568	 -0.600
       9.572	 -0.660
       9.576	 -0.698
       9.580	 -0.708
       9.584	 -0.700
       9.588	 -0.640
       9.592	 -0.590
       9.596	 -0.578
       9.600	 -0.527
       9.604	 -0.495
       9.608	 -0.440
       9.612	 -0.383
       9.616	 -0.333
       9.620	 -0.273
       9.624	 -0.215
       9.628	 -0.115
       9.632	 -0.013
       9.636	  0.040
       9.640	  0.060
       9.644	  0.223
       9.648	  0.223
       9.652	  0.282
       9.656	  0.378
       9.660	  0.472
       9.664	  0.550
       9.668	  0.570
       9.672	  0.625
       9.676	  0.608
       9.680	  0.615
       9.684	  0.598
       9.688	  0.590
       9.692	  0.545
       9.696	  0.490
       9.700	  0.407
       9.704	  0.302
       9.708	  0.182
       9.712	  0.087
       9.716	 -0.065
       9.720	 -0.175
       9.724	 -0.300
       9.728	 -0.345
       9.732	 -0.438
       9.736	 -0.512
       9.740	 -0.537
       9.744	 -0.557
       9.748	 -0.598
       9.752	 -0.598
       9.756	 -0.608
       9.760	 -0.603
       9.764	 -0.540
       9.768	 -0.522
       9.772	 -0.495
       9.776	 -0.477
       9.780	 -0.490
       9.784	 -0.400
       9.788	 -0.328
       9.792	 -0.260
       9.796	 -0.195
       9.800	 -0.122
       9.804	 -0.072
       9.808	 -0.045
       9.812	  0.045
       9.816	  0.058
       9.820	  0.172
       9.824	  0.200
       9.828	  0.247
       9.832	  0.263
       9.836	  0.310
       9.840	  0.323
       9.844	  0.390
       9.848	  0.383
       9.852	  0.395
       9.856	  0.435
       9.860	  0.427
       9.864	  0.440
       9.868	  0.403
       9.872	  0.347
       9.876	  0.260
       9.880	  0.170
       9.884	  0.040
       9.888	 -0.065
       9.892	 -0.128
       9.896	 -0.200
       9.900	 -0.275
       9.904	 -0.350
       9.908	 -0.422
       9.912	 -0.487
       9.916	 -0.510
       9.920	 -0.540
       9.924	 -0.552
       9.928	 -0.522
       9.932	 -0.520
       9.936	 -0.463
       9.940	 -0.398
       9.944	 -0.370
       9.948	 -0.323
       9.952	 -0.250
       9.956	 -0.215
       9.960	 -0.113
       9.964	 -0.058
       9.968	  0.015
       9.972	  0.070
       9.976	  0.072
       9.980	  0.120
       9.984	  0.138
       9.988	  0.175
       9.992	  0.220
       9.996	  0.228
