Elapsed_time	ECG
       0.000	 -0.780
       0.004	 -0.730
       0.008	 -0.660
       0.012	 -0.615
       0.016	 -0.605
       0.020	 -0.580
       0.024	 -0.530
       0.028	 -0.505
       0.032	 -0.510
       0.036	 -0.510
       0.040	 -0.465
       0.044	 -0.415
       0.048	 -0.385
       0.052	 -0.340
       0.056	 -0.235
       0.060	 -0.125
       0.064	 -0.050
       0.068	 -0.020
       0.072	  0.055
       0.076	  0.115
       0.080	  0.135
       0.084	  0.125
       0.088	  0.155
       0.092	  0.155
       0.096	  0.135
       0.100	  0.135
       0.104	  0.200
       0.108	  0.295
       0.112	  0.370
       0.116	  0.365
       0.120	  0.385
       0.124	  0.370
       0.128	  0.315
       0.132	  0.230
       0.136	  0.120
       0.140	 -0.020
       0.144	 -0.170
       0.148	 -0.350
       0.152	 -0.550
       0.156	 -0.665
       0.160	 -0.730
       0.164	 -0.775
       0.168	 -0.810
       0.172	 -0.800
       0.176	 -0.775
       0.180	 -0.755
       0.184	 -0.705
       0.188	 -0.610
       0.192	 -0.520
       0.196	 -0.480
       0.200	 -0.460
       0.204	 -0.385
       0.208	 -0.305
       0.212	 -0.250
       0.216	 -0.230
       0.220	 -0.175
       0.224	 -0.080
       0.228	 -0.020
       0.232	  0.035
       0.236	  0.090
       0.240	  0.175
       0.244	  0.205
       0.248	  0.200
       0.252	  0.195
       0.256	  0.220
       0.260	  0.235
       0.264	  0.220
       0.268	  0.195
       0.272	  0.210
       0.276	  0.235
       0.280	  0.225
       0.284	  0.185
       0.288	  0.195
       0.292	  0.210
       0.296	  0.195
       0.300	  0.165
       0.304	  0.180
       0.308	  0.190
       0.312	  0.180
       0.316	  0.140
       0.320	  0.140
       0.324	  0.150
       0.328	  0.135
       0.332	  0.085
       0.336	  0.060
       0.340	  0.065
       0.344	  0.055
       0.348	  0.020
       0.352	 -0.020
       0.356	  0.005
       0.360	  0.010
       0.364	 -0.020
       0.368	 -0.040
       0.372	  0.010
       0.376	  0.085
       0.380	  0.155
       0.384	  0.215
       0.388	  0.300
       0.392	  0.385
       0.396	  0.420
       0.400	  0.420
       0.404	  0.480
       0.408	  0.500
       0.412	  0.490
       0.416	  0.485
       0.420	  0.500
       0.424	  0.540
       0.428	  0.560
       0.432	  0.515
       0.436	  0.485
       0.440	  0.475
       0.444	  0.440
       0.448	  0.395
       0.452	  0.310
       0.456	  0.210
       0.460	  0.075
       0.464	 -0.070
       0.468	 -0.175
       0.472	 -0.170
       0.476	 -0.145
       0.480	 -0.120
       0.484	 -0.150
       0.488	 -0.180
       0.492	 -0.190
       0.496	 -0.180
       0.500	 -0.180
       0.504	 -0.125
       0.508	 -0.080
       0.512	 -0.080
       0.516	 -0.145
       0.520	 -0.160
       0.524	 -0.160
       0.528	 -0.185
       0.532	 -0.235
       0.536	 -0.295
       0.540	 -0.345
       0.544	 -0.415
       0.548	 -0.500
       0.552	 -0.555
       0.556	 -0.555
       0.560	 -0.565
       0.564	 -0.600
       0.568	 -0.640
       0.572	 -0.640
       0.576	 -0.630
       0.580	 -0.655
       0.584	 -0.685
       0.588	 -0.685
       0.592	 -0.670
       0.596	 -0.690
       0.600	 -0.725
       0.604	 -0.700
       0.608	 -0.665
       0.612	 -0.655
       0.616	 -0.675
       0.620	 -0.670
       0.624	 -0.640
       0.628	 -0.635
       0.632	 -0.650
       0.636	 -0.640
       0.640	 -0.610
       0.644	 -0.600
       0.648	 -0.620
       0.652	 -0.620
       0.656	 -0.590
       0.660	 -0.560
       0.664	 -0.550
       0.668	 -0.545
       0.672	 -0.475
       0.676	 -0.410
       0.680	 -0.360
       0.684	 -0.305
       0.688	 -0.215
       0.692	 -0.150
       0.696	 -0.130
       0.700	 -0.155
       0.704	 -0.125
       0.708	 -0.085
       0.712	 -0.085
       0.716	 -0.135
       0.720	 -0.150
       0.724	 -0.125
       0.728	 -0.095
       0.732	 -0.115
       0.736	 -0.120
       0.740	 -0.060
       0.744	  0.005
       0.748	  0.005
       0.752	  0.010
       0.756	  0.030
       0.760	  0.000
       0.764	 -0.065
       0.768	 -0.105
       0.772	 -0.170
       0.776	 -0.285
       0.780	 -0.440
       0.784	 -0.595
       0.788	 -0.635
       0.792	 -0.630
       0.796	 -0.620
       0.800	 -0.630
       0.804	 -0.615
       0.808	 -0.590
       0.812	 -0.585
       0.816	 -0.585
       0.820	 -0.555
       0.824	 -0.525
       0.828	 -0.520
       0.832	 -0.525
       0.836	 -0.525
       0.840	 -0.495
       0.844	 -0.485
       0.848	 -0.490
       0.852	 -0.500
       0.856	 -0.480
       0.860	 -0.480
       0.864	 -0.490
       0.868	 -0.510
       0.872	 -0.490
       0.876	 -0.480
       0.880	 -0.500
       0.884	 -0.525
       0.888	 -0.505
       0.892	 -0.490
       0.896	 -0.490
       0.900	 -0.515
       0.904	 -0.490
       0.908	 -0.465
       0.912	 -0.460
       0.916	 -0.490
       0.920	 -0.485
       0.924	 -0.460
       0.928	 -0.460
       0.932	 -0.490
       0.936	 -0.485
       0.940	 -0.460
       0.944	 -0.455
       0.948	 -0.475
       0.952	 -0.485
       0.956	 -0.470
       0.960	 -0.450
       0.964	 -0.465
       0.968	 -0.480
       0.972	 -0.455
       0.976	 -0.440
       0.980	 -0.445
       0.984	 -0.465
       0.988	 -0.440
       0.992	 -0.395
       0.996	 -0.370
       1.000	 -0.360
       1.004	 -0.305
       1.008	 -0.245
       1.012	 -0.195
       1.016	 -0.165
       1.020	 -0.115
       1.024	 -0.035
       1.028	  0.005
       1.032	  0.020
       1.036	  0.100
       1.040	  0.215
       1.044	  0.285
       1.048	  0.300
       1.052	  0.255
       1.056	  0.215
       1.060	  0.205
       1.064	  0.175
       1.068	  0.125
       1.072	  0.125
       1.076	  0.095
       1.080	  0.060
       1.084	  0.030
       1.088	  0.050
       1.092	  0.090
       1.096	  0.095
       1.100	  0.005
       1.104	 -0.100
       1.108	 -0.145
       1.112	 -0.185
       1.116	 -0.250
       1.120	 -0.290
       1.124	 -0.320
       1.128	 -0.385
       1.132	 -0.445
       1.136	 -0.450
       1.140	 -0.430
       1.144	 -0.435
       1.148	 -0.450
       1.152	 -0.440
       1.156	 -0.400
       1.160	 -0.390
       1.164	 -0.405
       1.168	 -0.420
       1.172	 -0.385
       1.176	 -0.370
       1.180	 -0.380
       1.184	 -0.395
       1.188	 -0.370
       1.192	 -0.350
       1.196	 -0.370
       1.200	 -0.410
       1.204	 -0.405
       1.208	 -0.390
       1.212	 -0.410
       1.216	 -0.440
       1.220	 -0.430
       1.224	 -0.400
       1.228	 -0.405
       1.232	 -0.435
       1.236	 -0.435
       1.240	 -0.410
       1.244	 -0.400
       1.248	 -0.405
       1.252	 -0.415
       1.256	 -0.380
       1.260	 -0.365
       1.264	 -0.370
       1.268	 -0.395
       1.272	 -0.370
       1.276	 -0.355
       1.280	 -0.355
       1.284	 -0.380
       1.288	 -0.360
       1.292	 -0.345
       1.296	 -0.355
       1.300	 -0.385
       1.304	 -0.370
       1.308	 -0.345
       1.312	 -0.355
       1.316	 -0.385
       1.320	 -0.370
       1.324	 -0.340
       1.328	 -0.330
       1.332	 -0.350
       1.336	 -0.340
       1.340	 -0.300
       1.344	 -0.270
       1.348	 -0.270
       1.352	 -0.270
       1.356	 -0.240
       1.360	 -0.200
       1.364	 -0.170
       1.368	 -0.145
       1.372	 -0.060
       1.376	  0.020
       1.380	  0.070
       1.384	  0.135
       1.388	  0.245
       1.392	  0.355
       1.396	  0.465
       1.400	  0.550
       1.404	  0.675
       1.408	  0.815
       1.412	  0.880
       1.416	  0.865
       1.420	  0.860
       1.424	  0.830
       1.428	  0.770
       1.432	  0.750
       1.436	  0.735
       1.440	  0.660
       1.444	  0.515
       1.448	  0.330
       1.452	  0.065
       1.456	 -0.200
       1.460	 -0.470
       1.464	 -0.770
       1.468	 -0.965
       1.472	 -0.960
       1.476	 -0.790
       1.480	 -0.605
       1.484	 -0.490
       1.488	 -0.400
       1.492	 -0.365
       1.496	 -0.370
       1.500	 -0.410
       1.504	 -0.400
       1.508	 -0.400
       1.512	 -0.415
       1.516	 -0.435
       1.520	 -0.390
       1.524	 -0.340
       1.528	 -0.320
       1.532	 -0.315
       1.536	 -0.290
       1.540	 -0.225
       1.544	 -0.160
       1.548	 -0.150
       1.552	 -0.160
       1.556	 -0.160
       1.560	 -0.185
       1.564	 -0.235
       1.568	 -0.260
       1.572	 -0.240
       1.576	 -0.225
       1.580	 -0.240
       1.584	 -0.260
       1.588	 -0.230
       1.592	 -0.195
       1.596	 -0.195
       1.600	 -0.210
       1.604	 -0.185
       1.608	 -0.145
       1.612	 -0.140
       1.616	 -0.170
       1.620	 -0.150
       1.624	 -0.125
       1.628	 -0.120
       1.632	 -0.135
       1.636	 -0.135
       1.640	 -0.115
       1.644	 -0.115
       1.648	 -0.145
       1.652	 -0.150
       1.656	 -0.120
       1.660	 -0.110
       1.664	 -0.120
       1.668	 -0.135
       1.672	 -0.115
       1.676	 -0.100
       1.680	 -0.115
       1.684	 -0.140
       1.688	 -0.110
       1.692	 -0.085
       1.696	 -0.095
       1.700	 -0.120
       1.704	 -0.105
       1.708	 -0.080
       1.712	 -0.080
       1.716	 -0.110
       1.720	 -0.090
       1.724	 -0.060
       1.728	 -0.050
       1.732	 -0.070
       1.736	 -0.065
       1.740	 -0.040
       1.744	 -0.030
       1.748	 -0.045
       1.752	 -0.055
       1.756	 -0.030
       1.760	  0.000
       1.764	 -0.020
       1.768	 -0.040
       1.772	 -0.020
       1.776	  0.005
       1.780	  0.000
       1.784	 -0.030
       1.788	  0.000
       1.792	  0.025
       1.796	  0.015
       1.800	  0.000
       1.804	  0.010
       1.808	  0.030
       1.812	  0.015
       1.816	 -0.025
       1.820	 -0.025
       1.824	  0.015
       1.828	  0.010
       1.832	 -0.025
       1.836	 -0.025
       1.840	  0.015
       1.844	  0.015
       1.848	  0.005
       1.852	 -0.025
       1.856	  0.005
       1.860	  0.015
       1.864	  0.000
       1.868	 -0.030
       1.872	  0.005
       1.876	  0.020
       1.880	  0.005
       1.884	 -0.025
       1.888	  0.005
       1.892	  0.015
       1.896	  0.005
       1.900	 -0.035
       1.904	  0.000
       1.908	  0.025
       1.912	  0.020
       1.916	 -0.025
       1.920	 -0.020
       1.924	  0.010
       1.928	  0.010
       1.932	 -0.020
       1.936	  0.000
       1.940	  0.020
       1.944	  0.025
       1.948	  0.005
       1.952	  0.000
       1.956	  0.020
       1.960	  0.030
       1.964	  0.015
       1.968	 -0.015
       1.972	  0.015
       1.976	  0.035
       1.980	  0.025
       1.984	 -0.015
       1.988	  0.015
       1.992	  0.030
       1.996	  0.020
       2.000	  0.000
       2.004	  0.015
       2.008	  0.035
       2.012	  0.035
       2.016	  0.010
       2.020	  0.015
       2.024	  0.045
       2.028	  0.040
       2.032	  0.015
       2.036	  0.015
       2.040	  0.035
       2.044	  0.040
       2.048	  0.030
       2.052	  0.015
       2.056	  0.035
       2.060	  0.045
       2.064	  0.035
       2.068	  0.010
       2.072	  0.020
       2.076	  0.025
       2.080	  0.015
       2.084	 -0.025
       2.088	  0.010
       2.092	  0.015
       2.096	  0.000
       2.100	 -0.030
       2.104	  0.000
       2.108	  0.000
       2.112	 -0.020
       2.116	 -0.025
       2.120	  0.080
       2.124	  0.230
       2.128	  0.370
       2.132	  0.495
       2.136	  0.670
       2.140	  0.860
       2.144	  1.005
       2.148	  1.130
       2.152	  1.260
       2.156	  1.400
       2.160	  1.510
       2.164	  1.545
       2.168	  1.570
       2.172	  1.620
       2.176	  1.620
       2.180	  1.545
       2.184	  1.420
       2.188	  1.375
       2.192	  1.345
       2.196	  1.300
       2.200	  1.245
       2.204	  1.205
       2.208	  1.195
       2.212	  1.115
       2.216	  1.015
       2.220	  0.960
       2.224	  0.940
       2.228	  0.935
       2.232	  0.945
       2.236	  0.900
       2.240	  0.830
       2.244	  0.755
       2.248	  0.645
       2.252	  0.520
       2.256	  0.395
       2.260	  0.275
       2.264	  0.140
       2.268	  0.020
       2.272	 -0.055
       2.276	 -0.110
       2.280	 -0.165
       2.284	 -0.225
       2.288	 -0.220
       2.292	 -0.210
       2.296	 -0.230
       2.300	 -0.265
       2.304	 -0.250
       2.308	 -0.235
       2.312	 -0.245
       2.316	 -0.290
       2.320	 -0.290
       2.324	 -0.275
       2.328	 -0.285
       2.332	 -0.330
       2.336	 -0.335
       2.340	 -0.320
       2.344	 -0.330
       2.348	 -0.360
       2.352	 -0.365
       2.356	 -0.345
       2.360	 -0.335
       2.364	 -0.355
       2.368	 -0.375
       2.372	 -0.355
       2.376	 -0.340
       2.380	 -0.350
       2.384	 -0.365
       2.388	 -0.350
       2.392	 -0.320
       2.396	 -0.320
       2.400	 -0.345
       2.404	 -0.325
       2.408	 -0.290
       2.412	 -0.295
       2.416	 -0.315
       2.420	 -0.295
       2.424	 -0.270
       2.428	 -0.270
       2.432	 -0.290
       2.436	 -0.290
       2.440	 -0.270
       2.444	 -0.275
       2.448	 -0.295
       2.452	 -0.320
       2.456	 -0.310
       2.460	 -0.305
       2.464	 -0.320
       2.468	 -0.355
       2.472	 -0.345
       2.476	 -0.350
       2.480	 -0.380
       2.484	 -0.425
       2.488	 -0.420
       2.492	 -0.410
       2.496	 -0.435
       2.500	 -0.470
       2.504	 -0.465
       2.508	 -0.460
       2.512	 -0.480
       2.516	 -0.520
       2.520	 -0.510
       2.524	 -0.500
       2.528	 -0.520
       2.532	 -0.540
       2.536	 -0.535
       2.540	 -0.515
       2.544	 -0.510
       2.548	 -0.530
       2.552	 -0.525
       2.556	 -0.490
       2.560	 -0.470
       2.564	 -0.460
       2.568	 -0.455
       2.572	 -0.425
       2.576	 -0.380
       2.580	 -0.360
       2.584	 -0.340
       2.588	 -0.310
       2.592	 -0.260
       2.596	 -0.240
       2.600	 -0.235
       2.604	 -0.180
       2.608	 -0.130
       2.612	 -0.120
       2.616	 -0.125
       2.620	 -0.100
       2.624	 -0.065
       2.628	 -0.055
       2.632	 -0.060
       2.636	 -0.045
       2.640	  0.000
       2.644	  0.005
       2.648	 -0.030
       2.652	 -0.040
       2.656	  0.000
       2.660	 -0.025
       2.664	 -0.070
       2.668	 -0.130
       2.672	 -0.200
       2.676	 -0.285
       2.680	 -0.415
       2.684	 -0.595
       2.688	 -0.765
       2.692	 -0.920
       2.696	 -1.055
       2.700	 -1.215
       2.704	 -1.300
       2.708	 -1.375
       2.712	 -1.445
       2.716	 -1.555
       2.720	 -1.570
       2.724	 -1.585
       2.728	 -1.655
       2.732	 -1.740
       2.736	 -1.790
       2.740	 -1.780
       2.744	 -1.700
       2.748	 -1.510
       2.752	 -1.180
       2.756	 -0.755
       2.760	 -0.365
       2.764	 -0.055
       2.768	  0.160
       2.772	  0.325
       2.776	  0.420
       2.780	  0.460
       2.784	  0.490
       2.788	  0.515
       2.792	  0.535
       2.796	  0.515
       2.800	  0.485
       2.804	  0.495
       2.808	  0.540
       2.812	  0.560
       2.816	  0.540
       2.820	  0.565
       2.824	  0.615
       2.828	  0.645
       2.832	  0.650
       2.836	  0.660
       2.840	  0.715
       2.844	  0.745
       2.848	  0.755
       2.852	  0.750
       2.856	  0.790
       2.860	  0.820
       2.864	  0.835
       2.868	  0.840
       2.872	  0.885
       2.876	  0.920
       2.880	  0.940
       2.884	  0.945
       2.888	  0.990
       2.892	  1.025
       2.896	  1.035
       2.900	  1.015
       2.904	  1.030
       2.908	  1.045
       2.912	  1.035
       2.916	  1.000
       2.920	  1.010
       2.924	  1.025
       2.928	  1.015
       2.932	  0.965
       2.936	  0.955
       2.940	  0.950
       2.944	  0.905
       2.948	  0.805
       2.952	  0.690
       2.956	  0.580
       2.960	  0.460
       2.964	  0.320
       2.968	  0.160
       2.972	  0.020
       2.976	 -0.135
       2.980	 -0.300
       2.984	 -0.450
       2.988	 -0.505
       2.992	 -0.525
       2.996	 -0.605
       3.000	 -0.725
       3.004	 -0.810
       3.008	 -0.930
       3.012	 -1.090
       3.016	 -1.270
       3.020	 -1.380
       3.024	 -1.395
       3.028	 -1.415
       3.032	 -1.470
       3.036	 -1.470
       3.040	 -1.450
       3.044	 -1.425
       3.048	 -1.420
       3.052	 -1.385
       3.056	 -1.320
       3.060	 -1.270
       3.064	 -1.215
       3.068	 -1.150
       3.072	 -1.035
       3.076	 -0.920
       3.080	 -0.760
       3.084	 -0.575
       3.088	 -0.355
       3.092	 -0.160
       3.096	 -0.040
       3.100	  0.050
       3.104	  0.170
       3.108	  0.290
       3.112	  0.385
       3.116	  0.450
       3.120	  0.560
       3.124	  0.680
       3.128	  0.780
       3.132	  0.840
       3.136	  0.920
       3.140	  1.005
       3.144	  1.055
       3.148	  1.075
       3.152	  1.105
       3.156	  1.175
       3.160	  1.230
       3.164	  1.255
       3.168	  1.265
       3.172	  1.300
       3.176	  1.340
       3.180	  1.350
       3.184	  1.340
       3.188	  1.370
       3.192	  1.395
       3.196	  1.380
       3.200	  1.365
       3.204	  1.390
       3.208	  1.425
       3.212	  1.410
       3.216	  1.375
       3.220	  1.360
       3.224	  1.340
       3.228	  1.270
       3.232	  1.160
       3.236	  1.075
       3.240	  1.015
       3.244	  0.950
       3.248	  0.840
       3.252	  0.735
       3.256	  0.665
       3.260	  0.605
       3.264	  0.560
       3.268	  0.480
       3.272	  0.415
       3.276	  0.325
       3.280	  0.185
       3.284	 -0.080
       3.288	 -0.365
       3.292	 -0.685
       3.296	 -0.990
       3.300	 -1.200
       3.304	 -1.295
       3.308	 -1.380
       3.312	 -1.500
       3.316	 -1.615
       3.320	 -1.580
       3.324	 -1.470
       3.328	 -1.380
       3.332	 -1.340
       3.336	 -1.285
       3.340	 -1.220
       3.344	 -1.165
       3.348	 -1.150
       3.352	 -1.095
       3.356	 -1.005
       3.360	 -0.940
       3.364	 -0.905
       3.368	 -0.800
       3.372	 -0.580
       3.376	 -0.355
       3.380	 -0.155
       3.384	  0.040
       3.388	  0.245
       3.392	  0.455
       3.396	  0.615
       3.400	  0.710
       3.404	  0.785
       3.408	  0.835
       3.412	  0.860
       3.416	  0.865
       3.420	  0.900
       3.424	  0.935
       3.428	  0.950
       3.432	  0.950
       3.436	  0.975
       3.440	  1.020
       3.444	  1.040
       3.448	  1.040
       3.452	  1.035
       3.456	  1.075
       3.460	  1.100
       3.464	  1.110
       3.468	  1.105
       3.472	  1.140
       3.476	  1.165
       3.480	  1.160
       3.484	  1.130
       3.488	  1.150
       3.492	  1.160
       3.496	  1.150
       3.500	  1.120
       3.504	  1.140
       3.508	  1.155
       3.512	  1.135
       3.516	  1.080
       3.520	  1.080
       3.524	  1.080
       3.528	  1.075
       3.532	  1.030
       3.536	  1.010
       3.540	  0.995
       3.544	  0.930
       3.548	  0.835
       3.552	  0.760
       3.556	  0.715
       3.560	  0.670
       3.564	  0.590
       3.568	  0.500
       3.572	  0.470
       3.576	  0.435
       3.580	  0.340
       3.584	  0.210
       3.588	  0.065
       3.592	 -0.130
       3.596	 -0.365
       3.600	 -0.670
       3.604	 -1.060
       3.608	 -1.460
       3.612	 -1.825
       3.616	 -2.020
       3.620	 -2.030
       3.624	 -1.955
       3.628	 -1.880
       3.632	 -1.820
       3.636	 -1.730
       3.640	 -1.580
       3.644	 -1.445
       3.648	 -1.345
       3.652	 -1.240
       3.656	 -1.090
       3.660	 -0.970
       3.664	 -0.860
       3.668	 -0.725
       3.672	 -0.535
       3.676	 -0.355
       3.680	 -0.225
       3.684	 -0.110
       3.688	  0.115
       3.692	  0.275
       3.696	  0.345
       3.700	  0.345
       3.704	  0.380
       3.708	  0.420
       3.712	  0.450
       3.716	  0.445
       3.720	  0.475
       3.724	  0.515
       3.728	  0.545
       3.732	  0.535
       3.736	  0.570
       3.740	  0.615
       3.744	  0.640
       3.748	  0.640
       3.752	  0.665
       3.756	  0.710
       3.760	  0.725
       3.764	  0.725
       3.768	  0.720
       3.772	  0.760
       3.776	  0.790
       3.780	  0.790
       3.784	  0.775
       3.788	  0.795
       3.792	  0.810
       3.796	  0.800
       3.800	  0.770
       3.804	  0.780
       3.808	  0.795
       3.812	  0.785
       3.816	  0.765
       3.820	  0.770
       3.824	  0.785
       3.828	  0.770
       3.832	  0.735
       3.836	  0.750
       3.840	  0.780
       3.844	  0.765
       3.848	  0.755
       3.852	  0.770
       3.856	  0.810
       3.860	  0.840
       3.864	  0.840
       3.868	  0.805
       3.872	  0.785
       3.876	  0.755
       3.880	  0.700
       3.884	  0.635
       3.888	  0.630
       3.892	  0.640
       3.896	  0.615
       3.900	  0.545
       3.904	  0.520
       3.908	  0.490
       3.912	  0.450
       3.916	  0.395
       3.920	  0.345
       3.924	  0.265
       3.928	  0.160
       3.932	  0.055
       3.936	  0.035
       3.940	  0.035
       3.944	  0.010
       3.948	 -0.065
       3.952	 -0.120
       3.956	 -0.145
       3.960	 -0.160
       3.964	 -0.220
       3.968	 -0.280
       3.972	 -0.305
       3.976	 -0.370
       3.980	 -0.435
       3.984	 -0.505
       3.988	 -0.580
       3.992	 -0.680
       3.996	 -0.810
       4.000	 -0.945
       4.004	 -1.045
       4.008	 -1.145
       4.012	 -1.255
       4.016	 -1.400
       4.020	 -1.470
       4.024	 -1.430
       4.028	 -1.420
       4.032	 -1.485
       4.036	 -1.495
       4.040	 -1.475
       4.044	 -1.490
       4.048	 -1.530
       4.052	 -1.545
       4.056	 -1.490
       4.060	 -1.430
       4.064	 -1.350
       4.068	 -1.260
       4.072	 -1.155
       4.076	 -1.065
       4.080	 -0.980
       4.084	 -0.905
       4.088	 -0.815
       4.092	 -0.725
       4.096	 -0.635
       4.100	 -0.550
       4.104	 -0.420
       4.108	 -0.245
       4.112	 -0.085
       4.116	  0.080
       4.120	  0.265
       4.124	  0.425
       4.128	  0.520
       4.132	  0.585
       4.136	  0.680
       4.140	  0.760
       4.144	  0.805
       4.148	  0.810
       4.152	  0.830
       4.156	  0.890
       4.160	  0.930
       4.164	  0.945
       4.168	  0.955
       4.172	  1.000
       4.176	  1.045
       4.180	  1.060
       4.184	  1.060
       4.188	  1.100
       4.192	  1.145
       4.196	  1.145
       4.200	  1.130
       4.204	  1.160
       4.208	  1.200
       4.212	  1.205
       4.216	  1.195
       4.220	  1.210
       4.224	  1.235
       4.228	  1.230
       4.232	  1.200
       4.236	  1.175
       4.240	  1.145
       4.244	  1.080
       4.248	  0.995
       4.252	  0.925
       4.256	  0.860
       4.260	  0.785
       4.264	  0.680
       4.268	  0.565
       4.272	  0.505
       4.276	  0.445
       4.280	  0.365
       4.284	  0.260
       4.288	  0.200
       4.292	  0.140
       4.296	  0.050
       4.300	 -0.055
       4.304	 -0.090
       4.308	 -0.125
       4.312	 -0.210
       4.316	 -0.330
       4.320	 -0.395
       4.324	 -0.460
       4.328	 -0.550
       4.332	 -0.665
       4.336	 -0.740
       4.340	 -0.785
       4.344	 -0.830
       4.348	 -0.895
       4.352	 -0.940
       4.356	 -0.970
       4.360	 -1.025
       4.364	 -1.110
       4.368	 -1.190
       4.372	 -1.235
       4.376	 -1.280
       4.380	 -1.320
       4.384	 -1.350
       4.388	 -1.325
       4.392	 -1.300
       4.396	 -1.290
       4.400	 -1.255
       4.404	 -1.165
       4.408	 -1.050
       4.412	 -0.950
       4.416	 -0.880
       4.420	 -0.795
       4.424	 -0.725
       4.428	 -0.670
       4.432	 -0.630
       4.436	 -0.550
       4.440	 -0.425
       4.444	 -0.300
       4.448	 -0.190
       4.452	 -0.065
       4.456	  0.135
       4.460	  0.340
       4.464	  0.550
       4.468	  0.750
       4.472	  0.950
       4.476	  1.130
       4.480	  1.270
       4.484	  1.365
       4.488	  1.515
       4.492	  1.620
       4.496	  1.680
       4.500	  1.705
       4.504	  1.785
       4.508	  1.855
       4.512	  1.885
       4.516	  1.880
       4.520	  1.930
       4.524	  1.980
       4.528	  2.000
       4.532	  1.985
       4.536	  2.000
       4.540	  2.040
       4.544	  2.050
       4.548	  2.030
       4.552	  2.025
       4.556	  2.045
       4.560	  2.045
       4.564	  2.015
       4.568	  1.985
       4.572	  1.985
       4.576	  1.985
       4.580	  1.940
       4.584	  1.885
       4.588	  1.870
       4.592	  1.860
       4.596	  1.820
       4.600	  1.755
       4.604	  1.730
       4.608	  1.700
       4.612	  1.640
       4.616	  1.570
       4.620	  1.535
       4.624	  1.515
       4.628	  1.455
       4.632	  1.380
       4.636	  1.340
       4.640	  1.320
       4.644	  1.270
       4.648	  1.200
       4.652	  1.145
       4.656	  1.120
       4.660	  1.065
       4.664	  0.980
       4.668	  0.895
       4.672	  0.840
       4.676	  0.825
       4.680	  0.815
       4.684	  0.620
       4.688	  0.475
       4.692	  0.285
       4.696	  0.055
       4.700	 -0.220
       4.704	 -0.450
       4.708	 -0.695
       4.712	 -0.930
       4.716	 -1.130
       4.720	 -1.210
       4.724	 -1.305
       4.728	 -1.465
       4.732	 -1.625
       4.736	 -1.670
       4.740	 -1.695
       4.744	 -1.740
       4.748	 -1.760
       4.752	 -1.675
       4.756	 -1.490
       4.760	 -1.335
       4.764	 -1.205
       4.768	 -1.105
       4.772	 -1.010
       4.776	 -0.885
       4.780	 -0.720
       4.784	 -0.535
       4.788	 -0.300
       4.792	 -0.115
       4.796	  0.020
       4.800	  0.120
       4.804	  0.215
       4.808	  0.300
       4.812	  0.335
       4.816	  0.350
       4.820	  0.395
       4.824	  0.455
       4.828	  0.485
       4.832	  0.485
       4.836	  0.515
       4.840	  0.555
       4.844	  0.570
       4.848	  0.560
       4.852	  0.580
       4.856	  0.615
       4.860	  0.630
       4.864	  0.620
       4.868	  0.610
       4.872	  0.645
       4.876	  0.685
       4.880	  0.700
       4.884	  0.690
       4.888	  0.725
       4.892	  0.750
       4.896	  0.750
       4.900	  0.735
       4.904	  0.770
       4.908	  0.795
       4.912	  0.780
       4.916	  0.760
       4.920	  0.780
       4.924	  0.805
       4.928	  0.800
       4.932	  0.775
       4.936	  0.780
       4.940	  0.795
       4.944	  0.785
       4.948	  0.750
       4.952	  0.740
       4.956	  0.755
       4.960	  0.750
       4.964	  0.730
       4.968	  0.710
       4.972	  0.725
       4.976	  0.735
       4.980	  0.715
       4.984	  0.690
       4.988	  0.700
       4.992	  0.700
       4.996	  0.670
       5.000	  0.615
       5.004	  0.585
       5.008	  0.530
       5.012	  0.440
       5.016	  0.310
       5.020	  0.185
       5.024	  0.090
       5.028	 -0.060
       5.032	 -0.240
       5.036	 -0.365
       5.040	 -0.480
       5.044	 -0.625
       5.048	 -0.785
       5.052	 -0.910
       5.056	 -0.990
       5.060	 -1.080
       5.064	 -1.185
       5.068	 -1.290
       5.072	 -1.355
       5.076	 -1.445
       5.080	 -1.525
       5.084	 -1.585
       5.088	 -1.545
       5.092	 -1.450
       5.096	 -1.345
       5.100	 -1.220
       5.104	 -1.055
       5.108	 -0.865
       5.112	 -0.715
       5.116	 -0.590
       5.120	 -0.420
       5.124	 -0.245
       5.128	 -0.080
       5.132	  0.035
       5.136	  0.120
       5.140	  0.190
       5.144	  0.240
       5.148	  0.270
       5.152	  0.320
       5.156	  0.395
       5.160	  0.440
       5.164	  0.455
       5.168	  0.495
       5.172	  0.570
       5.176	  0.620
       5.180	  0.640
       5.184	  0.665
       5.188	  0.715
       5.192	  0.770
       5.196	  0.790
       5.200	  0.800
       5.204	  0.860
       5.208	  0.905
       5.212	  0.915
       5.216	  0.905
       5.220	  0.940
       5.224	  0.980
       5.228	  0.980
       5.232	  0.960
       5.236	  0.975
       5.240	  1.010
       5.244	  1.015
       5.248	  0.990
       5.252	  0.990
       5.256	  1.010
       5.260	  1.000
       5.264	  0.975
       5.268	  0.950
       5.272	  0.965
       5.276	  0.975
       5.280	  0.950
       5.284	  0.910
       5.288	  0.915
       5.292	  0.920
       5.296	  0.910
       5.300	  0.875
       5.304	  0.880
       5.308	  0.880
       5.312	  0.850
       5.316	  0.800
       5.320	  0.795
       5.324	  0.795
       5.328	  0.760
       5.332	  0.705
       5.336	  0.685
       5.340	  0.670
       5.344	  0.635
       5.348	  0.575
       5.352	  0.540
       5.356	  0.525
       5.360	  0.490
       5.364	  0.435
       5.368	  0.390
       5.372	  0.380
       5.376	  0.365
       5.380	  0.320
       5.384	  0.275
       5.388	  0.270
       5.392	  0.265
       5.396	  0.235
       5.400	  0.190
       5.404	  0.190
       5.408	  0.185
       5.412	  0.165
       5.416	  0.130
       5.420	  0.130
       5.424	  0.150
       5.428	  0.130
       5.432	  0.085
       5.436	  0.080
       5.440	  0.100
       5.444	  0.090
       5.448	  0.065
       5.452	  0.065
       5.456	  0.075
       5.460	  0.070
       5.464	  0.050
       5.468	  0.035
       5.472	  0.055
       5.476	  0.060
       5.480	  0.040
       5.484	  0.015
       5.488	  0.035
       5.492	  0.055
       5.496	  0.035
       5.500	  0.015
       5.504	  0.035
       5.508	  0.050
       5.512	  0.050
       5.516	  0.015
       5.520	  0.030
       5.524	  0.050
       5.528	  0.045
       5.532	  0.010
       5.536	  0.030
       5.540	  0.050
       5.544	  0.050
       5.548	  0.030
       5.552	  0.030
       5.556	  0.050
       5.560	  0.055
       5.564	  0.035
       5.568	  0.025
       5.572	  0.045
       5.576	  0.055
       5.580	  0.030
       5.584	  0.010
       5.588	  0.035
       5.592	  0.060
       5.596	  0.050
       5.600	  0.030
       5.604	  0.045
       5.608	  0.055
       5.612	  0.035
       5.616	  0.010
       5.620	  0.030
       5.624	  0.055
       5.628	  0.045
       5.632	  0.015
       5.636	  0.025
       5.640	  0.050
       5.644	  0.050
       5.648	  0.025
       5.652	  0.025
       5.656	  0.055
       5.660	  0.055
       5.664	  0.035
       5.668	  0.020
       5.672	  0.040
       5.676	  0.055
       5.680	  0.045
       5.684	  0.020
       5.688	  0.040
       5.692	  0.055
       5.696	  0.055
       5.700	  0.030
       5.704	  0.050
       5.708	  0.060
       5.712	  0.050
       5.716	  0.015
       5.720	  0.040
       5.724	  0.065
       5.728	  0.060
       5.732	  0.030
       5.736	  0.045
       5.740	  0.065
       5.744	  0.055
       5.748	  0.025
       5.752	  0.035
       5.756	  0.060
       5.760	  0.070
       5.764	  0.045
       5.768	  0.035
       5.772	  0.060
       5.776	  0.070
       5.780	  0.050
       5.784	  0.030
       5.788	  0.040
       5.792	  0.060
       5.796	  0.045
       5.800	  0.025
       5.804	  0.045
       5.808	  0.070
       5.812	  0.065
       5.816	  0.045
       5.820	  0.065
       5.824	  0.090
       5.828	  0.085
       5.832	  0.060
       5.836	  0.075
       5.840	  0.125
       5.844	  0.160
       5.848	  0.190
       5.852	  0.240
       5.856	  0.325
       5.860	  0.355
       5.864	  0.335
       5.868	  0.315
       5.872	  0.320
       5.876	  0.325
       5.880	  0.330
       5.884	  0.320
       5.888	  0.350
       5.892	  0.335
       5.896	  0.290
       5.900	  0.240
       5.904	  0.240
       5.908	  0.265
       5.912	  0.250
       5.916	  0.165
       5.920	  0.130
       5.924	  0.090
       5.928	  0.045
       5.932	  0.040
       5.936	  0.150
       5.940	  0.310
       5.944	  0.480
       5.948	  0.650
       5.952	  0.815
       5.956	  0.980
       5.960	  1.070
       5.964	  1.145
       5.968	  1.220
       5.972	  1.280
       5.976	  1.315
       5.980	  1.280
       5.984	  1.225
       5.988	  1.200
       5.992	  1.155
       5.996	  1.035
       6.000	  0.915
       6.004	  0.875
       6.008	  0.875
       6.012	  0.865
       6.016	  0.855
       6.020	  0.855
       6.024	  0.815
       6.028	  0.765
       6.032	  0.740
       6.036	  0.755
       6.040	  0.760
       6.044	  0.735
       6.048	  0.700
       6.052	  0.655
       6.056	  0.600
       6.060	  0.465
       6.064	  0.280
       6.068	  0.100
       6.072	  0.000
       6.076	 -0.075
       6.080	 -0.165
       6.084	 -0.265
       6.088	 -0.300
       6.092	 -0.310
       6.096	 -0.320
       6.100	 -0.340
       6.104	 -0.330
       6.108	 -0.320
       6.112	 -0.330
       6.116	 -0.370
       6.120	 -0.360
       6.124	 -0.340
       6.128	 -0.345
       6.132	 -0.385
       6.136	 -0.380
       6.140	 -0.365
       6.144	 -0.365
       6.148	 -0.390
       6.152	 -0.390
       6.156	 -0.365
       6.160	 -0.365
       6.164	 -0.390
       6.168	 -0.395
       6.172	 -0.380
       6.176	 -0.365
       6.180	 -0.370
       6.184	 -0.385
       6.188	 -0.355
       6.192	 -0.325
       6.196	 -0.325
       6.200	 -0.330
       6.204	 -0.295
       6.208	 -0.260
       6.212	 -0.250
       6.216	 -0.260
       6.220	 -0.230
       6.224	 -0.180
       6.228	 -0.170
       6.232	 -0.175
       6.236	 -0.140
       6.240	 -0.100
       6.244	 -0.085
       6.248	 -0.100
       6.252	 -0.090
       6.256	 -0.060
       6.260	 -0.060
       6.264	 -0.075
       6.268	 -0.090
       6.272	 -0.070
       6.276	 -0.065
       6.280	 -0.090
       6.284	 -0.120
       6.288	 -0.120
       6.292	 -0.130
       6.296	 -0.155
       6.300	 -0.200
       6.304	 -0.195
       6.308	 -0.210
       6.312	 -0.245
       6.316	 -0.300
       6.320	 -0.305
       6.324	 -0.305
       6.328	 -0.330
       6.332	 -0.385
       6.336	 -0.385
       6.340	 -0.365
       6.344	 -0.380
       6.348	 -0.415
       6.352	 -0.410
       6.356	 -0.385
       6.360	 -0.375
       6.364	 -0.395
       6.368	 -0.385
       6.372	 -0.350
       6.376	 -0.310
       6.380	 -0.295
       6.384	 -0.290
       6.388	 -0.245
       6.392	 -0.200
       6.396	 -0.200
       6.400	 -0.195
       6.404	 -0.140
       6.408	 -0.095
       6.412	 -0.065
       6.416	 -0.060
       6.420	 -0.020
       6.424	  0.030
       6.428	  0.045
       6.432	  0.045
       6.436	  0.075
       6.440	  0.120
       6.444	  0.160
       6.448	  0.180
       6.452	  0.225
       6.456	  0.300
       6.460	  0.335
       6.464	  0.315
       6.468	  0.295
       6.472	  0.305
       6.476	  0.315
       6.480	  0.300
       6.484	  0.295
       6.488	  0.345
       6.492	  0.330
       6.496	  0.275
       6.500	  0.270
       6.504	  0.350
       6.508	  0.410
       6.512	  0.445
       6.516	  0.405
       6.520	  0.375
       6.524	  0.370
       6.528	  0.355
       6.532	  0.325
       6.536	  0.335
       6.540	  0.320
       6.544	  0.250
       6.548	  0.105
       6.552	 -0.045
       6.556	 -0.155
       6.560	 -0.250
       6.564	 -0.360
       6.568	 -0.480
       6.572	 -0.520
       6.576	 -0.545
       6.580	 -0.560
       6.584	 -0.515
       6.588	 -0.450
       6.592	 -0.400
       6.596	 -0.355
       6.600	 -0.310
       6.604	 -0.220
       6.608	 -0.120
       6.612	 -0.065
       6.616	 -0.040
       6.620	  0.025
       6.624	  0.075
       6.628	  0.090
       6.632	  0.075
       6.636	  0.090
       6.640	  0.115
       6.644	  0.110
       6.648	  0.080
       6.652	  0.090
       6.656	  0.110
       6.660	  0.110
       6.664	  0.090
       6.668	  0.075
       6.672	  0.100
       6.676	  0.105
       6.680	  0.105
       6.684	  0.095
       6.688	  0.130
       6.692	  0.150
       6.696	  0.145
       6.700	  0.135
       6.704	  0.175
       6.708	  0.205
       6.712	  0.210
       6.716	  0.195
       6.720	  0.230
       6.724	  0.275
       6.728	  0.290
       6.732	  0.280
       6.736	  0.315
       6.740	  0.350
       6.744	  0.360
       6.748	  0.345
       6.752	  0.360
       6.756	  0.390
       6.760	  0.400
       6.764	  0.370
       6.768	  0.370
       6.772	  0.390
       6.776	  0.395
       6.780	  0.380
       6.784	  0.360
       6.788	  0.370
       6.792	  0.370
       6.796	  0.355
       6.800	  0.320
       6.804	  0.325
       6.808	  0.335
       6.812	  0.315
       6.816	  0.275
       6.820	  0.285
       6.824	  0.305
       6.828	  0.290
       6.832	  0.255
       6.836	  0.255
       6.840	  0.275
       6.844	  0.265
       6.848	  0.230
       6.852	  0.235
       6.856	  0.250
       6.860	  0.240
       6.864	  0.215
       6.868	  0.205
       6.872	  0.220
       6.876	  0.225
       6.880	  0.210
       6.884	  0.195
       6.888	  0.215
       6.892	  0.225
       6.896	  0.210
       6.900	  0.180
       6.904	  0.200
       6.908	  0.220
       6.912	  0.205
       6.916	  0.170
       6.920	  0.190
       6.924	  0.210
       6.928	  0.195
       6.932	  0.160
       6.936	  0.175
       6.940	  0.190
       6.944	  0.185
       6.948	  0.155
       6.952	  0.155
       6.956	  0.175
       6.960	  0.175
       6.964	  0.150
       6.968	  0.135
       6.972	  0.155
       6.976	  0.175
       6.980	  0.165
       6.984	  0.150
       6.988	  0.170
       6.992	  0.185
       6.996	  0.175
       7.000	  0.160
       7.004	  0.190
       7.008	  0.220
       7.012	  0.245
       7.016	  0.280
       7.020	  0.385
       7.024	  0.530
       7.028	  0.665
       7.032	  0.770
       7.036	  0.870
       7.040	  0.950
       7.044	  0.945
       7.048	  0.925
       7.052	  0.980
       7.056	  1.095
       7.060	  1.165
       7.064	  1.155
       7.068	  1.090
       7.072	  1.060
       7.076	  1.060
       7.080	  1.070
       7.084	  1.050
       7.088	  1.020
       7.092	  0.890
       7.096	  0.755
       7.100	  0.690
       7.104	  0.650
       7.108	  0.615
       7.112	  0.580
       7.116	  0.560
       7.120	  0.585
       7.124	  0.575
       7.128	  0.560
       7.132	  0.475
       7.136	  0.395
       7.140	  0.315
       7.144	  0.165
       7.148	 -0.030
       7.152	 -0.125
       7.156	 -0.150
       7.160	 -0.180
       7.164	 -0.245
       7.168	 -0.300
       7.172	 -0.305
       7.176	 -0.280
       7.180	 -0.285
       7.184	 -0.300
       7.188	 -0.280
       7.192	 -0.280
       7.196	 -0.300
       7.200	 -0.330
       7.204	 -0.310
       7.208	 -0.295
       7.212	 -0.310
       7.216	 -0.340
       7.220	 -0.325
       7.224	 -0.305
       7.228	 -0.315
       7.232	 -0.345
       7.236	 -0.330
       7.240	 -0.295
       7.244	 -0.285
       7.248	 -0.295
       7.252	 -0.280
       7.256	 -0.240
       7.260	 -0.225
       7.264	 -0.220
       7.268	 -0.215
       7.272	 -0.175
       7.276	 -0.155
       7.280	 -0.150
       7.284	 -0.160
       7.288	 -0.130
       7.292	 -0.115
       7.296	 -0.110
       7.300	 -0.125
       7.304	 -0.090
       7.308	 -0.055
       7.312	 -0.045
       7.316	 -0.040
       7.320	  0.035
       7.324	  0.100
       7.328	  0.140
       7.332	  0.180
       7.336	  0.270
       7.340	  0.360
       7.344	  0.420
       7.348	  0.445
       7.352	  0.510
       7.356	  0.600
       7.360	  0.650
       7.364	  0.665
       7.368	  0.705
       7.372	  0.775
       7.376	  0.840
       7.380	  0.875
       7.384	  0.880
       7.388	  0.900
       7.392	  0.930
       7.396	  0.955
       7.400	  0.955
       7.404	  0.975
       7.408	  0.990
       7.412	  0.950
       7.416	  0.865
       7.420	  0.795
       7.424	  0.710
       7.428	  0.595
       7.432	  0.485
       7.436	  0.425
       7.440	  0.340
       7.444	  0.195
       7.448	  0.030
       7.452	 -0.110
       7.456	 -0.190
       7.460	 -0.260
       7.464	 -0.365
       7.468	 -0.460
       7.472	 -0.535
       7.476	 -0.620
       7.480	 -0.685
       7.484	 -0.735
       7.488	 -0.720
       7.492	 -0.720
       7.496	 -0.750
       7.500	 -0.780
       7.504	 -0.755
       7.508	 -0.720
       7.512	 -0.690
       7.516	 -0.690
       7.520	 -0.660
       7.524	 -0.605
       7.528	 -0.560
       7.532	 -0.545
       7.536	 -0.490
       7.540	 -0.430
       7.544	 -0.400
       7.548	 -0.395
       7.552	 -0.335
       7.556	 -0.260
       7.560	 -0.220
       7.564	 -0.215
       7.568	 -0.180
       7.572	 -0.115
       7.576	 -0.055
       7.580	 -0.035
       7.584	  0.020
       7.588	  0.125
       7.592	  0.230
       7.596	  0.320
       7.600	  0.415
       7.604	  0.530
       7.608	  0.605
       7.612	  0.640
       7.616	  0.650
       7.620	  0.710
       7.624	  0.800
       7.628	  0.875
       7.632	  0.920
       7.636	  0.960
       7.640	  0.980
       7.644	  0.960
       7.648	  0.920
       7.652	  0.935
       7.656	  1.005
       7.660	  1.020
       7.664	  0.970
       7.668	  0.940
       7.672	  0.945
       7.676	  0.940
       7.680	  0.940
       7.684	  0.925
       7.688	  0.920
       7.692	  0.895
       7.696	  0.845
       7.700	  0.810
       7.704	  0.820
       7.708	  0.790
       7.712	  0.700
       7.716	  0.550
       7.720	  0.435
       7.724	  0.310
       7.728	  0.180
       7.732	  0.045
       7.736	 -0.100
       7.740	 -0.245
       7.744	 -0.410
       7.748	 -0.585
       7.752	 -0.720
       7.756	 -0.805
       7.760	 -0.845
       7.764	 -0.865
       7.768	 -0.840
       7.772	 -0.765
       7.776	 -0.700
       7.780	 -0.670
       7.784	 -0.640
       7.788	 -0.595
       7.792	 -0.545
       7.796	 -0.540
       7.800	 -0.545
       7.804	 -0.505
       7.808	 -0.480
       7.812	 -0.485
       7.816	 -0.470
       7.820	 -0.375
       7.824	 -0.280
       7.828	 -0.225
       7.832	 -0.195
       7.836	 -0.125
       7.840	 -0.035
       7.844	  0.050
       7.848	  0.090
       7.852	  0.170
       7.856	  0.260
       7.860	  0.335
       7.864	  0.365
       7.868	  0.410
       7.872	  0.475
       7.876	  0.530
       7.880	  0.585
       7.884	  0.645
       7.888	  0.720
       7.892	  0.775
       7.896	  0.795
       7.900	  0.770
       7.904	  0.775
       7.908	  0.785
       7.912	  0.790
       7.916	  0.760
       7.920	  0.795
       7.924	  0.820
       7.928	  0.795
       7.932	  0.760
       7.936	  0.755
       7.940	  0.730
       7.944	  0.655
       7.948	  0.550
       7.952	  0.480
       7.956	  0.415
       7.960	  0.335
       7.964	  0.225
       7.968	  0.125
       7.972	  0.050
       7.976	 -0.040
       7.980	 -0.120
       7.984	 -0.175
       7.988	 -0.180
       7.992	 -0.195
       7.996	 -0.275
       8.000	 -0.365
       8.004	 -0.410
       8.008	 -0.460
       8.012	 -0.545
       8.016	 -0.640
       8.020	 -0.730
       8.024	 -0.825
       8.028	 -0.940
       8.032	 -1.075
       8.036	 -1.140
       8.040	 -1.115
       8.044	 -1.060
       8.048	 -0.975
       8.052	 -0.825
       8.056	 -0.655
       8.060	 -0.525
       8.064	 -0.440
       8.068	 -0.345
       8.072	 -0.250
       8.076	 -0.210
       8.080	 -0.200
       8.084	 -0.210
       8.088	 -0.185
       8.092	 -0.170
       8.096	 -0.170
       8.100	 -0.160
       8.104	 -0.075
       8.108	  0.020
       8.112	  0.065
       8.116	  0.105
       8.120	  0.190
       8.124	  0.280
       8.128	  0.340
       8.132	  0.365
       8.136	  0.425
       8.140	  0.485
       8.144	  0.540
       8.148	  0.575
       8.152	  0.640
       8.156	  0.735
       8.160	  0.810
       8.164	  0.860
       8.168	  0.935
       8.172	  1.025
       8.176	  1.040
       8.180	  1.015
       8.184	  0.950
       8.188	  0.915
       8.192	  0.880
       8.196	  0.820
       8.200	  0.785
       8.204	  0.795
       8.208	  0.660
       8.212	  0.415
       8.216	  0.150
       8.220	 -0.090
       8.224	 -0.260
       8.228	 -0.390
       8.232	 -0.520
       8.236	 -0.620
       8.240	 -0.680
       8.244	 -0.705
       8.248	 -0.725
       8.252	 -0.710
       8.256	 -0.695
       8.260	 -0.715
       8.264	 -0.750
       8.268	 -0.785
       8.272	 -0.805
       8.276	 -0.835
       8.280	 -0.885
       8.284	 -0.945
       8.288	 -0.950
       8.292	 -0.955
       8.296	 -0.980
       8.300	 -0.995
       8.304	 -0.950
       8.308	 -0.905
       8.312	 -0.865
       8.316	 -0.840
       8.320	 -0.755
       8.324	 -0.660
       8.328	 -0.610
       8.332	 -0.590
       8.336	 -0.540
       8.340	 -0.480
       8.344	 -0.435
       8.348	 -0.405
       8.352	 -0.340
       8.356	 -0.260
       8.360	 -0.205
       8.364	 -0.170
       8.368	 -0.080
       8.372	  0.055
       8.376	  0.195
       8.380	  0.330
       8.384	  0.455
       8.388	  0.595
       8.392	  0.720
       8.396	  0.805
       8.400	  0.885
       8.404	  1.005
       8.408	  1.085
       8.412	  1.110
       8.416	  1.125
       8.420	  1.195
       8.424	  1.270
       8.428	  1.300
       8.432	  1.310
       8.436	  1.350
       8.440	  1.365
       8.444	  1.315
       8.448	  1.250
       8.452	  1.215
       8.456	  1.180
       8.460	  1.130
       8.464	  1.050
       8.468	  0.945
       8.472	  0.875
       8.476	  0.785
       8.480	  0.680
       8.484	  0.595
       8.488	  0.545
       8.492	  0.470
       8.496	  0.350
       8.500	  0.215
       8.504	  0.120
       8.508	  0.015
       8.512	 -0.110
       8.516	 -0.235
       8.520	 -0.310
       8.524	 -0.375
       8.528	 -0.435
       8.532	 -0.515
       8.536	 -0.555
       8.540	 -0.585
       8.544	 -0.625
       8.548	 -0.700
       8.552	 -0.735
       8.556	 -0.760
       8.560	 -0.810
       8.564	 -0.875
       8.568	 -0.890
       8.572	 -0.850
       8.576	 -0.805
       8.580	 -0.780
       8.584	 -0.740
       8.588	 -0.670
       8.592	 -0.630
       8.596	 -0.620
       8.600	 -0.630
       8.604	 -0.600
       8.608	 -0.570
       8.612	 -0.560
       8.616	 -0.545
       8.620	 -0.490
       8.624	 -0.415
       8.628	 -0.380
       8.632	 -0.350
       8.636	 -0.270
       8.640	 -0.180
       8.644	 -0.135
       8.648	 -0.115
       8.652	 -0.050
       8.656	  0.035
       8.660	  0.085
       8.664	  0.115
       8.668	  0.170
       8.672	  0.255
       8.676	  0.300
       8.680	  0.300
       8.684	  0.290
       8.688	  0.340
       8.692	  0.390
       8.696	  0.465
       8.700	  0.550
       8.704	  0.680
       8.708	  0.820
       8.712	  0.925
       8.716	  1.030
       8.720	  1.185
       8.724	  1.330
       8.728	  1.435
       8.732	  1.475
       8.736	  1.500
       8.740	  1.440
       8.744	  1.340
       8.748	  1.235
       8.752	  1.165
       8.756	  1.115
       8.760	  1.035
       8.764	  0.890
       8.768	  0.775
       8.772	  0.715
       8.776	  0.670
       8.780	  0.605
       8.784	  0.520
       8.788	  0.445
       8.792	  0.320
       8.796	  0.140
       8.800	 -0.055
       8.804	 -0.160
       8.808	 -0.245
       8.812	 -0.320
       8.816	 -0.380
       8.820	 -0.380
       8.824	 -0.385
       8.828	 -0.420
       8.832	 -0.465
       8.836	 -0.470
       8.840	 -0.480
       8.844	 -0.505
       8.848	 -0.525
       8.852	 -0.495
       8.856	 -0.440
       8.860	 -0.400
       8.864	 -0.395
       8.868	 -0.370
       8.872	 -0.320
       8.876	 -0.305
       8.880	 -0.320
       8.884	 -0.330
       8.888	 -0.330
       8.892	 -0.350
       8.896	 -0.380
       8.900	 -0.400
       8.904	 -0.360
       8.908	 -0.320
       8.912	 -0.295
       8.916	 -0.285
       8.920	 -0.220
       8.924	 -0.140
       8.928	 -0.080
       8.932	 -0.050
       8.936	  0.020
       8.940	  0.070
       8.944	  0.110
       8.948	  0.140
       8.952	  0.210
       8.956	  0.280
       8.960	  0.315
       8.964	  0.320
       8.968	  0.370
       8.972	  0.440
       8.976	  0.490
       8.980	  0.525
       8.984	  0.585
       8.988	  0.675
       8.992	  0.770
       8.996	  0.850
       9.000	  0.940
       9.004	  1.070
       9.008	  1.190
       9.012	  1.245
       9.016	  1.270
       9.020	  1.325
       9.024	  1.355
       9.028	  1.310
       9.032	  1.225
       9.036	  1.180
       9.040	  1.140
       9.044	  1.070
       9.048	  0.970
       9.052	  0.910
       9.056	  0.865
       9.060	  0.790
       9.064	  0.705
       9.068	  0.645
       9.072	  0.610
       9.076	  0.575
       9.080	  0.505
       9.084	  0.415
       9.088	  0.365
       9.092	  0.320
       9.096	  0.250
       9.100	  0.095
       9.104	 -0.045
       9.108	 -0.180
       9.112	 -0.305
       9.116	 -0.405
       9.120	 -0.440
       9.124	 -0.460
       9.128	 -0.500
       9.132	 -0.540
       9.136	 -0.525
       9.140	 -0.540
       9.144	 -0.600
       9.148	 -0.675
       9.152	 -0.685
       9.156	 -0.700
       9.160	 -0.730
       9.164	 -0.765
       9.168	 -0.750
       9.172	 -0.715
       9.176	 -0.710
       9.180	 -0.725
       9.184	 -0.715
       9.188	 -0.670
       9.192	 -0.640
       9.196	 -0.630
       9.200	 -0.620
       9.204	 -0.565
       9.208	 -0.500
       9.212	 -0.465
       9.216	 -0.465
       9.220	 -0.400
       9.224	 -0.320
       9.228	 -0.285
       9.232	 -0.255
       9.236	 -0.170
       9.240	 -0.085
       9.244	 -0.030
       9.248	  0.020
       9.252	  0.105
       9.256	  0.195
       9.260	  0.275
       9.264	  0.355
       9.268	  0.440
       9.272	  0.550
       9.276	  0.670
       9.280	  0.760
       9.284	  0.900
       9.288	  1.070
       9.292	  1.180
       9.296	  1.200
       9.300	  1.160
       9.304	  1.130
       9.308	  1.095
       9.312	  1.060
       9.316	  1.015
       9.320	  1.015
       9.324	  0.970
       9.328	  0.885
       9.332	  0.765
       9.336	  0.690
       9.340	  0.640
       9.344	  0.580
       9.348	  0.465
       9.352	  0.380
       9.356	  0.315
       9.360	  0.235
       9.364	  0.130
       9.368	  0.050
       9.372	 -0.025
       9.376	 -0.105
       9.380	 -0.200
       9.384	 -0.265
       9.388	 -0.295
       9.392	 -0.330
       9.396	 -0.365
       9.400	 -0.405
       9.404	 -0.410
       9.408	 -0.445
       9.412	 -0.505
       9.416	 -0.570
       9.420	 -0.560
       9.424	 -0.525
       9.428	 -0.525
       9.432	 -0.530
       9.436	 -0.500
       9.440	 -0.470
       9.444	 -0.475
       9.448	 -0.485
       9.452	 -0.420
       9.456	 -0.345
       9.460	 -0.295
       9.464	 -0.265
       9.468	 -0.205
       9.472	 -0.130
       9.476	 -0.060
       9.480	  0.015
       9.484	  0.070
       9.488	  0.100
       9.492	  0.095
       9.496	  0.070
       9.500	  0.000
       9.504	 -0.040
       9.508	 -0.040
       9.512	 -0.050
       9.516	 -0.050
       9.520	  0.035
       9.524	  0.125
       9.528	  0.200
       9.532	  0.240
       9.536	  0.345
       9.540	  0.470
       9.544	  0.570
       9.548	  0.635
       9.552	  0.760
       9.556	  0.865
       9.560	  0.915
       9.564	  0.920
       9.568	  0.920
       9.572	  0.905
       9.576	  0.835
       9.580	  0.715
       9.584	  0.620
       9.588	  0.575
       9.592	  0.540
       9.596	  0.480
       9.600	  0.400
       9.604	  0.345
       9.608	  0.250
       9.612	  0.115
       9.616	  0.010
       9.620	 -0.070
       9.624	 -0.145
       9.628	 -0.260
       9.632	 -0.375
       9.636	 -0.440
       9.640	 -0.455
       9.644	 -0.480
       9.648	 -0.525
       9.652	 -0.530
       9.656	 -0.525
       9.660	 -0.545
       9.664	 -0.590
       9.668	 -0.605
       9.672	 -0.605
       9.676	 -0.620
       9.680	 -0.650
       9.684	 -0.665
       9.688	 -0.640
       9.692	 -0.625
       9.696	 -0.620
       9.700	 -0.625
       9.704	 -0.585
       9.708	 -0.525
       9.712	 -0.465
       9.716	 -0.410
       9.720	 -0.295
       9.724	 -0.205
       9.728	 -0.140
       9.732	 -0.100
       9.736	  0.000
       9.740	  0.090
       9.744	  0.155
       9.748	  0.200
       9.752	  0.275
       9.756	  0.375
       9.760	  0.450
       9.764	  0.475
       9.768	  0.520
       9.772	  0.550
       9.776	  0.530
       9.780	  0.470
       9.784	  0.415
       9.788	  0.365
       9.792	  0.295
       9.796	  0.235
       9.800	  0.210
       9.804	  0.230
       9.808	  0.275
       9.812	  0.320
       9.816	  0.395
       9.820	  0.535
       9.824	  0.695
       9.828	  0.840
       9.832	  0.895
       9.836	  0.970
       9.840	  1.035
       9.844	  1.020
       9.848	  0.915
       9.852	  0.815
       9.856	  0.740
       9.860	  0.660
       9.864	  0.570
       9.868	  0.510
       9.872	  0.500
       9.876	  0.440
       9.880	  0.335
       9.884	  0.275
       9.888	  0.255
       9.892	  0.210
       9.896	  0.160
       9.900	  0.115
       9.904	  0.105
       9.908	  0.060
       9.912	 -0.045
       9.916	 -0.175
       9.920	 -0.275
       9.924	 -0.370
       9.928	 -0.465
       9.932	 -0.580
       9.936	 -0.625
       9.940	 -0.675
       9.944	 -0.705
       9.948	 -0.725
       9.952	 -0.680
       9.956	 -0.640
       9.960	 -0.625
       9.964	 -0.630
       9.968	 -0.590
       9.972	 -0.525
       9.976	 -0.470
       9.980	 -0.435
       9.984	 -0.350
       9.988	 -0.210
       9.992	 -0.110
       9.996	 -0.050
