Elapsed_time	ECG
       0.000	 -0.260
       0.004	 -0.250
       0.008	 -0.235
       0.012	 -0.230
       0.016	 -0.230
       0.020	 -0.235
       0.024	 -0.240
       0.028	 -0.235
       0.032	 -0.225
       0.036	 -0.215
       0.040	 -0.205
       0.044	 -0.190
       0.048	 -0.170
       0.052	 -0.125
       0.056	 -0.095
       0.060	 -0.060
       0.064	 -0.020
       0.068	  0.040
       0.072	  0.080
       0.076	  0.150
       0.080	  0.200
       0.084	  0.250
       0.088	  0.280
       0.092	  0.345
       0.096	  0.415
       0.100	  0.480
       0.104	  0.510
       0.108	  0.560
       0.112	  0.600
       0.116	  0.640
       0.120	  0.640
       0.124	  0.630
       0.128	  0.610
       0.132	  0.615
       0.136	  0.645
       0.140	  0.675
       0.144	  0.665
       0.148	  0.620
       0.152	  0.560
       0.156	  0.515
       0.160	  0.480
       0.164	  0.445
       0.168	  0.395
       0.172	  0.310
       0.176	  0.220
       0.180	  0.135
       0.184	  0.040
       0.188	 -0.045
       0.192	 -0.045
       0.196	  0.000
       0.200	 -0.025
       0.204	 -0.020
       0.208	  0.000
       0.212	 -0.030
       0.216	 -0.025
       0.220	 -0.030
       0.224	 -0.060
       0.228	 -0.080
       0.232	 -0.090
       0.236	 -0.100
       0.240	 -0.110
       0.244	 -0.125
       0.248	 -0.135
       0.252	 -0.135
       0.256	 -0.125
       0.260	 -0.105
       0.264	 -0.105
       0.268	 -0.090
       0.272	 -0.070
       0.276	 -0.040
       0.280	 -0.030
       0.284	 -0.015
       0.288	 -0.040
       0.292	 -0.040
       0.296	 -0.035
       0.300	 -0.035
       0.304	 -0.065
       0.308	 -0.045
       0.312	  0.015
       0.316	  0.100
       0.320	  0.160
       0.324	  0.255
       0.328	  0.305
       0.332	  0.355
       0.336	  0.395
       0.340	  0.450
       0.344	  0.475
       0.348	  0.475
       0.352	  0.475
       0.356	  0.495
       0.360	  0.505
       0.364	  0.535
       0.368	  0.570
       0.372	  0.560
       0.376	  0.570
       0.380	  0.585
       0.384	  0.600
       0.388	  0.570
       0.392	  0.540
       0.396	  0.510
       0.400	  0.470
       0.404	  0.440
       0.408	  0.415
       0.412	  0.380
       0.416	  0.350
       0.420	  0.335
       0.424	  0.300
       0.428	  0.240
       0.432	  0.210
       0.436	  0.200
       0.440	  0.235
       0.444	  0.275
       0.448	  0.295
       0.452	  0.270
       0.456	  0.200
       0.460	  0.140
       0.464	  0.070
       0.468	  0.000
       0.472	 -0.085
       0.476	 -0.120
       0.480	 -0.130
       0.484	 -0.125
       0.488	 -0.150
       0.492	 -0.180
       0.496	 -0.205
       0.500	 -0.235
       0.504	 -0.260
       0.508	 -0.275
       0.512	 -0.285
       0.516	 -0.300
       0.520	 -0.320
       0.524	 -0.300
       0.528	 -0.260
       0.532	 -0.260
       0.536	 -0.245
       0.540	 -0.210
       0.544	 -0.205
       0.548	 -0.200
       0.552	 -0.140
       0.556	 -0.060
       0.560	 -0.020
       0.564	  0.070
       0.568	  0.145
       0.572	  0.190
       0.576	  0.250
       0.580	  0.330
       0.584	  0.390
       0.588	  0.420
       0.592	  0.470
       0.596	  0.505
       0.600	  0.545
       0.604	  0.590
       0.608	  0.645
       0.612	  0.715
       0.616	  0.765
       0.620	  0.780
       0.624	  0.795
       0.628	  0.790
       0.632	  0.745
       0.636	  0.695
       0.640	  0.655
       0.644	  0.610
       0.648	  0.580
       0.652	  0.540
       0.656	  0.465
       0.660	  0.415
       0.664	  0.370
       0.668	  0.315
       0.672	  0.265
       0.676	  0.250
       0.680	  0.225
       0.684	  0.210
       0.688	  0.185
       0.692	  0.165
       0.696	  0.120
       0.700	  0.075
       0.704	  0.030
       0.708	 -0.020
       0.712	 -0.075
       0.716	 -0.125
       0.720	 -0.190
       0.724	 -0.230
       0.728	 -0.280
       0.732	 -0.320
       0.736	 -0.350
       0.740	 -0.380
       0.744	 -0.410
       0.748	 -0.435
       0.752	 -0.465
       0.756	 -0.500
       0.760	 -0.525
       0.764	 -0.535
       0.768	 -0.535
       0.772	 -0.555
       0.776	 -0.560
       0.780	 -0.550
       0.784	 -0.530
       0.788	 -0.495
       0.792	 -0.440
       0.796	 -0.375
       0.800	 -0.320
       0.804	 -0.260
       0.808	 -0.170
       0.812	 -0.070
       0.816	  0.040
       0.820	  0.125
       0.824	  0.230
       0.828	  0.335
       0.832	  0.425
       0.836	  0.510
       0.840	  0.575
       0.844	  0.630
       0.848	  0.680
       0.852	  0.730
       0.856	  0.765
       0.860	  0.790
       0.864	  0.805
       0.868	  0.815
       0.872	  0.795
       0.876	  0.770
       0.880	  0.725
       0.884	  0.675
       0.888	  0.595
       0.892	  0.550
       0.896	  0.495
       0.900	  0.440
       0.904	  0.340
       0.908	  0.265
       0.912	  0.215
       0.916	  0.175
       0.920	  0.150
       0.924	  0.180
       0.928	  0.175
       0.932	  0.180
       0.936	  0.190
       0.940	  0.205
       0.944	  0.180
       0.948	  0.130
       0.952	  0.065
       0.956	  0.005
       0.960	 -0.065
       0.964	 -0.110
       0.968	 -0.155
       0.972	 -0.200
       0.976	 -0.240
       0.980	 -0.290
       0.984	 -0.340
       0.988	 -0.390
       0.992	 -0.445
       0.996	 -0.500
       1.000	 -0.535
       1.004	 -0.575
       1.008	 -0.605
       1.012	 -0.605
       1.016	 -0.605
       1.020	 -0.600
       1.024	 -0.585
       1.028	 -0.595
       1.032	 -0.605
       1.036	 -0.605
       1.040	 -0.585
       1.044	 -0.550
       1.048	 -0.520
       1.052	 -0.470
       1.056	 -0.410
       1.060	 -0.340
       1.064	 -0.265
       1.068	 -0.185
       1.072	 -0.115
       1.076	 -0.025
       1.080	  0.070
       1.084	  0.175
       1.088	  0.255
       1.092	  0.355
       1.096	  0.450
       1.100	  0.540
       1.104	  0.585
       1.108	  0.630
       1.112	  0.655
       1.116	  0.690
       1.120	  0.710
       1.124	  0.740
       1.128	  0.750
       1.132	  0.740
       1.136	  0.710
       1.140	  0.685
       1.144	  0.670
       1.148	  0.645
       1.152	  0.600
       1.156	  0.560
       1.160	  0.510
       1.164	  0.450
       1.168	  0.385
       1.172	  0.315
       1.176	  0.255
       1.180	  0.225
       1.184	  0.210
       1.188	  0.180
       1.192	  0.160
       1.196	  0.120
       1.200	  0.065
       1.204	  0.000
       1.208	 -0.095
       1.212	 -0.170
       1.216	 -0.220
       1.220	 -0.260
       1.224	 -0.265
       1.228	 -0.280
       1.232	 -0.310
       1.236	 -0.340
       1.240	 -0.380
       1.244	 -0.425
       1.248	 -0.470
       1.252	 -0.515
       1.256	 -0.540
       1.260	 -0.560
       1.264	 -0.575
       1.268	 -0.575
       1.272	 -0.570
       1.276	 -0.540
       1.280	 -0.510
       1.284	 -0.460
       1.288	 -0.430
       1.292	 -0.385
       1.296	 -0.345
       1.300	 -0.290
       1.304	 -0.260
       1.308	 -0.210
       1.312	 -0.175
       1.316	 -0.120
       1.320	 -0.080
       1.324	  0.000
       1.328	  0.055
       1.332	  0.115
       1.336	  0.160
       1.340	  0.230
       1.344	  0.295
       1.348	  0.345
       1.352	  0.395
       1.356	  0.440
       1.360	  0.460
       1.364	  0.475
       1.368	  0.490
       1.372	  0.495
       1.376	  0.500
       1.380	  0.495
       1.384	  0.485
       1.388	  0.460
       1.392	  0.430
       1.396	  0.405
       1.400	  0.380
       1.404	  0.350
       1.408	  0.340
       1.412	  0.325
       1.416	  0.300
       1.420	  0.280
       1.424	  0.300
       1.428	  0.315
       1.432	  0.340
       1.436	  0.340
       1.440	  0.305
       1.444	  0.240
       1.448	  0.165
       1.452	  0.090
       1.456	  0.030
       1.460	  0.000
       1.464	 -0.050
       1.468	 -0.100
       1.472	 -0.190
       1.476	 -0.240
       1.480	 -0.280
       1.484	 -0.320
       1.488	 -0.370
       1.492	 -0.395
       1.496	 -0.420
       1.500	 -0.420
       1.504	 -0.430
       1.508	 -0.430
       1.512	 -0.445
       1.516	 -0.445
       1.520	 -0.455
       1.524	 -0.445
       1.528	 -0.445
       1.532	 -0.435
       1.536	 -0.420
       1.540	 -0.385
       1.544	 -0.350
       1.548	 -0.295
       1.552	 -0.225
       1.556	 -0.160
       1.560	 -0.110
       1.564	 -0.070
       1.568	 -0.020
       1.572	  0.050
       1.576	  0.115
       1.580	  0.190
       1.584	  0.265
       1.588	  0.330
       1.592	  0.395
       1.596	  0.455
       1.600	  0.515
       1.604	  0.560
       1.608	  0.605
       1.612	  0.640
       1.616	  0.655
       1.620	  0.650
       1.624	  0.660
       1.628	  0.675
       1.632	  0.680
       1.636	  0.655
       1.640	  0.625
       1.644	  0.580
       1.648	  0.530
       1.652	  0.490
       1.656	  0.445
       1.660	  0.405
       1.664	  0.355
       1.668	  0.300
       1.672	  0.230
       1.676	  0.180
       1.680	  0.140
       1.684	  0.115
       1.688	  0.080
       1.692	  0.055
       1.696	  0.005
       1.700	 -0.035
       1.704	 -0.080
       1.708	 -0.120
       1.712	 -0.180
       1.716	 -0.240
       1.720	 -0.320
       1.724	 -0.365
       1.728	 -0.420
       1.732	 -0.460
       1.736	 -0.510
       1.740	 -0.540
       1.744	 -0.560
       1.748	 -0.570
       1.752	 -0.580
       1.756	 -0.560
       1.760	 -0.545
       1.764	 -0.525
       1.768	 -0.490
       1.772	 -0.460
       1.776	 -0.425
       1.780	 -0.380
       1.784	 -0.315
       1.788	 -0.255
       1.792	 -0.180
       1.796	 -0.100
       1.800	 -0.020
       1.804	  0.060
       1.808	  0.140
       1.812	  0.205
       1.816	  0.270
       1.820	  0.315
       1.824	  0.365
       1.828	  0.425
       1.832	  0.485
       1.836	  0.550
       1.840	  0.615
       1.844	  0.655
       1.848	  0.670
       1.852	  0.680
       1.856	  0.675
       1.860	  0.660
       1.864	  0.630
       1.868	  0.605
       1.872	  0.555
       1.876	  0.510
       1.880	  0.475
       1.884	  0.430
       1.888	  0.365
       1.892	  0.305
       1.896	  0.230
       1.900	  0.170
       1.904	  0.100
       1.908	  0.075
       1.912	  0.040
       1.916	  0.030
       1.920	  0.030
       1.924	  0.035
       1.928	  0.020
       1.932	  0.035
       1.936	  0.020
       1.940	 -0.020
       1.944	 -0.070
       1.948	 -0.150
       1.952	 -0.230
       1.956	 -0.305
       1.960	 -0.390
       1.964	 -0.450
       1.968	 -0.515
       1.972	 -0.555
       1.976	 -0.575
       1.980	 -0.590
       1.984	 -0.600
       1.988	 -0.620
       1.992	 -0.600
       1.996	 -0.565
       2.000	 -0.530
       2.004	 -0.505
       2.008	 -0.450
       2.012	 -0.410
       2.016	 -0.340
       2.020	 -0.280
       2.024	 -0.225
       2.028	 -0.155
       2.032	 -0.075
       2.036	  0.000
       2.040	  0.085
       2.044	  0.175
       2.048	  0.230
       2.052	  0.245
       2.056	  0.275
       2.060	  0.315
       2.064	  0.360
       2.068	  0.420
       2.072	  0.460
       2.076	  0.520
       2.080	  0.570
       2.084	  0.645
       2.088	  0.680
       2.092	  0.715
       2.096	  0.735
       2.100	  0.755
       2.104	  0.740
       2.108	  0.720
       2.112	  0.685
       2.116	  0.650
       2.120	  0.595
       2.124	  0.560
       2.128	  0.500
       2.132	  0.445
       2.136	  0.360
       2.140	  0.295
       2.144	  0.200
       2.148	  0.110
       2.152	  0.035
       2.156	 -0.020
       2.160	 -0.065
       2.164	 -0.100
       2.168	 -0.145
       2.172	 -0.190
       2.176	 -0.225
       2.180	 -0.260
       2.184	 -0.290
       2.188	 -0.320
       2.192	 -0.330
       2.196	 -0.355
       2.200	 -0.385
       2.204	 -0.455
       2.208	 -0.490
       2.212	 -0.515
       2.216	 -0.525
       2.220	 -0.535
       2.224	 -0.530
       2.228	 -0.525
       2.232	 -0.490
       2.236	 -0.455
       2.240	 -0.400
       2.244	 -0.325
       2.248	 -0.260
       2.252	 -0.215
       2.256	 -0.150
       2.260	 -0.105
       2.264	 -0.030
       2.268	  0.070
       2.272	  0.125
       2.276	  0.170
       2.280	  0.175
       2.284	  0.195
       2.288	  0.230
       2.292	  0.295
       2.296	  0.355
       2.300	  0.415
       2.304	  0.445
       2.308	  0.515
       2.312	  0.560
       2.316	  0.595
       2.320	  0.605
       2.324	  0.630
       2.328	  0.625
       2.332	  0.650
       2.336	  0.670
       2.340	  0.675
       2.344	  0.640
       2.348	  0.615
       2.352	  0.585
       2.356	  0.585
       2.360	  0.575
       2.364	  0.535
       2.368	  0.475
       2.372	  0.405
       2.376	  0.360
       2.380	  0.285
       2.384	  0.245
       2.388	  0.200
       2.392	  0.210
       2.396	  0.220
       2.400	  0.200
       2.404	  0.195
       2.408	  0.225
       2.412	  0.240
       2.416	  0.305
       2.420	  0.335
       2.424	  0.300
       2.428	  0.210
       2.432	  0.100
       2.436	 -0.065
       2.440	 -0.200
       2.444	 -0.255
       2.448	 -0.280
       2.452	 -0.310
       2.456	 -0.370
       2.460	 -0.385
       2.464	 -0.355
       2.468	 -0.305
       2.472	 -0.270
       2.476	 -0.225
       2.480	 -0.210
       2.484	 -0.190
       2.488	 -0.140
       2.492	 -0.080
       2.496	 -0.030
       2.500	  0.040
       2.504	  0.090
       2.508	  0.140
       2.512	  0.170
       2.516	  0.195
       2.520	  0.240
       2.524	  0.300
       2.528	  0.320
       2.532	  0.355
       2.536	  0.360
       2.540	  0.360
       2.544	  0.395
       2.548	  0.415
       2.552	  0.435
       2.556	  0.440
       2.560	  0.440
       2.564	  0.450
       2.568	  0.450
       2.572	  0.450
       2.576	  0.460
       2.580	  0.465
       2.584	  0.480
       2.588	  0.465
       2.592	  0.475
       2.596	  0.445
       2.600	  0.440
       2.604	  0.435
       2.608	  0.450
       2.612	  0.460
       2.616	  0.455
       2.620	  0.450
       2.624	  0.410
       2.628	  0.360
       2.632	  0.320
       2.636	  0.245
       2.640	  0.195
       2.644	  0.175
       2.648	  0.165
       2.652	  0.130
       2.656	  0.090
       2.660	  0.060
       2.664	 -0.025
       2.668	 -0.085
       2.672	 -0.165
       2.676	 -0.260
       2.680	 -0.350
       2.684	 -0.415
       2.688	 -0.470
       2.692	 -0.495
       2.696	 -0.465
       2.700	 -0.430
       2.704	 -0.390
       2.708	 -0.345
       2.712	 -0.280
       2.716	 -0.240
       2.720	 -0.220
       2.724	 -0.165
       2.728	 -0.140
       2.732	 -0.100
       2.736	 -0.045
       2.740	  0.010
       2.744	  0.045
       2.748	  0.100
       2.752	  0.115
       2.756	  0.160
       2.760	  0.205
       2.764	  0.240
       2.768	  0.255
       2.772	  0.260
       2.776	  0.300
       2.780	  0.330
       2.784	  0.365
       2.788	  0.365
       2.792	  0.385
       2.796	  0.380
       2.800	  0.385
       2.804	  0.375
       2.808	  0.360
       2.812	  0.350
       2.816	  0.330
       2.820	  0.315
       2.824	  0.305
       2.828	  0.295
       2.832	  0.280
       2.836	  0.275
       2.840	  0.265
       2.844	  0.245
       2.848	  0.215
       2.852	  0.175
       2.856	  0.120
       2.860	  0.075
       2.864	 -0.030
       2.868	 -0.070
       2.872	 -0.080
       2.876	 -0.125
       2.880	 -0.140
       2.884	 -0.125
       2.888	 -0.150
       2.892	 -0.140
       2.896	 -0.125
       2.900	 -0.140
       2.904	 -0.215
       2.908	 -0.290
       2.912	 -0.375
       2.916	 -0.410
       2.920	 -0.435
       2.924	 -0.390
       2.928	 -0.365
       2.932	 -0.325
       2.936	 -0.305
       2.940	 -0.260
       2.944	 -0.230
       2.948	 -0.190
       2.952	 -0.170
       2.956	 -0.145
       2.960	 -0.120
       2.964	 -0.070
       2.968	  0.005
       2.972	  0.070
       2.976	  0.130
       2.980	  0.190
       2.984	  0.220
       2.988	  0.270
       2.992	  0.310
       2.996	  0.330
       3.000	  0.360
       3.004	  0.385
       3.008	  0.435
       3.012	  0.495
       3.016	  0.565
       3.020	  0.560
       3.024	  0.575
       3.028	  0.575
       3.032	  0.560
       3.036	  0.535
       3.040	  0.515
       3.044	  0.495
       3.048	  0.465
       3.052	  0.420
       3.056	  0.405
       3.060	  0.405
       3.064	  0.380
       3.068	  0.365
       3.072	  0.350
       3.076	  0.330
       3.080	  0.295
       3.084	  0.265
       3.088	  0.215
       3.092	  0.165
       3.096	  0.120
       3.100	  0.085
       3.104	  0.020
       3.108	 -0.055
       3.112	 -0.130
       3.116	 -0.180
       3.120	 -0.240
       3.124	 -0.270
       3.128	 -0.300
       3.132	 -0.325
       3.136	 -0.355
       3.140	 -0.360
       3.144	 -0.355
       3.148	 -0.340
       3.152	 -0.320
       3.156	 -0.290
       3.160	 -0.250
       3.164	 -0.225
       3.168	 -0.185
       3.172	 -0.155
       3.176	 -0.110
       3.180	 -0.075
       3.184	 -0.050
       3.188	 -0.020
       3.192	  0.030
       3.196	  0.080
       3.200	  0.115
       3.204	  0.155
       3.208	  0.185
       3.212	  0.195
       3.216	  0.220
       3.220	  0.235
       3.224	  0.255
       3.228	  0.270
       3.232	  0.275
       3.236	  0.265
       3.240	  0.270
       3.244	  0.270
       3.248	  0.275
       3.252	  0.275
       3.256	  0.290
       3.260	  0.305
       3.264	  0.310
       3.268	  0.305
       3.272	  0.275
       3.276	  0.240
       3.280	  0.195
       3.284	  0.155
       3.288	  0.100
       3.292	  0.060
       3.296	  0.030
       3.300	  0.010
       3.304	 -0.040
       3.308	 -0.060
       3.312	 -0.090
       3.316	 -0.120
       3.320	 -0.155
       3.324	 -0.150
       3.328	 -0.145
       3.332	 -0.160
       3.336	 -0.180
       3.340	 -0.160
       3.344	 -0.145
       3.348	 -0.115
       3.352	 -0.090
       3.356	 -0.080
       3.360	 -0.080
       3.364	 -0.110
       3.368	 -0.125
       3.372	 -0.140
       3.376	 -0.145
       3.380	 -0.140
       3.384	 -0.120
       3.388	 -0.100
       3.392	 -0.075
       3.396	 -0.020
       3.400	  0.050
       3.404	  0.070
       3.408	  0.085
       3.412	  0.080
       3.416	  0.070
       3.420	  0.080
       3.424	  0.110
       3.428	  0.140
       3.432	  0.150
       3.436	  0.150
       3.440	  0.155
       3.444	  0.170
       3.448	  0.180
       3.452	  0.180
       3.456	  0.195
       3.460	  0.205
       3.464	  0.220
       3.468	  0.230
       3.472	  0.230
       3.476	  0.235
       3.480	  0.230
       3.484	  0.215
       3.488	  0.185
       3.492	  0.180
       3.496	  0.190
       3.500	  0.210
       3.504	  0.195
       3.508	  0.185
       3.512	  0.180
       3.516	  0.170
       3.520	  0.150
       3.524	  0.145
       3.528	  0.125
       3.532	  0.110
       3.536	  0.105
       3.540	  0.120
       3.544	  0.130
       3.548	  0.130
       3.552	  0.120
       3.556	  0.110
       3.560	  0.095
       3.564	  0.070
       3.568	  0.065
       3.572	  0.040
       3.576	  0.010
       3.580	 -0.030
       3.584	 -0.040
       3.588	 -0.065
       3.592	 -0.075
       3.596	 -0.090
       3.600	 -0.110
       3.604	 -0.120
       3.608	 -0.120
       3.612	 -0.115
       3.616	 -0.090
       3.620	 -0.080
       3.624	 -0.040
       3.628	  0.005
       3.632	  0.050
       3.636	  0.075
       3.640	  0.115
       3.644	  0.145
       3.648	  0.155
       3.652	  0.155
       3.656	  0.160
       3.660	  0.170
       3.664	  0.185
       3.668	  0.190
       3.672	  0.170
       3.676	  0.145
       3.680	  0.120
       3.684	  0.125
       3.688	  0.115
       3.692	  0.120
       3.696	  0.110
       3.700	  0.115
       3.704	  0.105
       3.708	  0.115
       3.712	  0.105
       3.716	  0.095
       3.720	  0.065
       3.724	  0.070
       3.728	  0.065
       3.732	  0.055
       3.736	  0.020
       3.740	  0.010
       3.744	  0.000
       3.748	  0.005
       3.752	  0.025
       3.756	  0.040
       3.760	  0.030
       3.764	  0.005
       3.768	 -0.030
       3.772	 -0.070
       3.776	 -0.095
       3.780	 -0.105
       3.784	 -0.080
       3.788	 -0.065
       3.792	 -0.055
       3.796	 -0.030
       3.800	  0.000
       3.804	  0.005
       3.808	  0.030
       3.812	  0.070
       3.816	  0.100
       3.820	  0.100
       3.824	  0.095
       3.828	  0.050
       3.832	  0.010
       3.836	 -0.040
       3.840	 -0.055
       3.844	 -0.020
       3.848	  0.015
       3.852	  0.040
       3.856	  0.085
       3.860	  0.140
       3.864	  0.185
       3.868	  0.210
       3.872	  0.235
       3.876	  0.260
       3.880	  0.295
       3.884	  0.290
       3.888	  0.280
       3.892	  0.280
       3.896	  0.285
       3.900	  0.300
       3.904	  0.290
       3.908	  0.295
       3.912	  0.270
       3.916	  0.255
       3.920	  0.250
       3.924	  0.270
       3.928	  0.260
       3.932	  0.240
       3.936	  0.225
       3.940	  0.225
       3.944	  0.210
       3.948	  0.195
       3.952	  0.160
       3.956	  0.155
       3.960	  0.165
       3.964	  0.165
       3.968	  0.170
       3.972	  0.160
       3.976	  0.155
       3.980	  0.140
       3.984	  0.130
       3.988	  0.100
       3.992	  0.065
       3.996	  0.040
       4.000	  0.010
       4.004	 -0.035
       4.008	 -0.060
       4.012	 -0.060
       4.016	 -0.055
       4.020	 -0.070
       4.024	 -0.075
       4.028	 -0.075
       4.032	 -0.085
       4.036	 -0.100
       4.040	 -0.080
       4.044	 -0.075
       4.048	 -0.070
       4.052	 -0.075
       4.056	 -0.065
       4.060	 -0.050
       4.064	 -0.020
       4.068	  0.035
       4.072	  0.085
       4.076	  0.155
       4.080	  0.210
       4.084	  0.265
       4.088	  0.305
       4.092	  0.350
       4.096	  0.365
       4.100	  0.390
       4.104	  0.400
       4.108	  0.435
       4.112	  0.465
       4.116	  0.485
       4.120	  0.485
       4.124	  0.500
       4.128	  0.510
       4.132	  0.530
       4.136	  0.540
       4.140	  0.525
       4.144	  0.475
       4.148	  0.440
       4.152	  0.395
       4.156	  0.355
       4.160	  0.325
       4.164	  0.300
       4.168	  0.255
       4.172	  0.195
       4.176	  0.145
       4.180	  0.075
       4.184	  0.025
       4.188	  0.000
       4.192	 -0.020
       4.196	 -0.020
       4.200	  0.000
       4.204	  0.000
       4.208	  0.010
       4.212	  0.005
       4.216	 -0.035
       4.220	 -0.060
       4.224	 -0.095
       4.228	 -0.130
       4.232	 -0.170
       4.236	 -0.210
       4.240	 -0.230
       4.244	 -0.245
       4.248	 -0.280
       4.252	 -0.320
       4.256	 -0.360
       4.260	 -0.375
       4.264	 -0.365
       4.268	 -0.330
       4.272	 -0.270
       4.276	 -0.210
       4.280	 -0.150
       4.284	 -0.060
       4.288	  0.040
       4.292	  0.140
       4.296	  0.225
       4.300	  0.365
       4.304	  0.465
       4.308	  0.525
       4.312	  0.610
       4.316	  0.660
       4.320	  0.670
       4.324	  0.710
       4.328	  0.730
       4.332	  0.760
       4.336	  0.785
       4.340	  0.830
       4.344	  0.905
       4.348	  0.965
       4.352	  0.995
       4.356	  1.000
       4.360	  1.015
       4.364	  1.000
       4.368	  0.970
       4.372	  0.935
       4.376	  0.915
       4.380	  0.865
       4.384	  0.825
       4.388	  0.760
       4.392	  0.690
       4.396	  0.620
       4.400	  0.525
       4.404	  0.425
       4.408	  0.340
       4.412	  0.255
       4.416	  0.170
       4.420	  0.100
       4.424	  0.050
       4.428	 -0.030
       4.432	 -0.095
       4.436	 -0.155
       4.440	 -0.180
       4.444	 -0.245
       4.448	 -0.290
       4.452	 -0.330
       4.456	 -0.365
       4.460	 -0.360
       4.464	 -0.360
       4.468	 -0.400
       4.472	 -0.420
       4.476	 -0.440
       4.480	 -0.450
       4.484	 -0.450
       4.488	 -0.460
       4.492	 -0.440
       4.496	 -0.420
       4.500	 -0.380
       4.504	 -0.355
       4.508	 -0.295
       4.512	 -0.245
       4.516	 -0.180
       4.520	 -0.120
       4.524	 -0.050
       4.528	  0.040
       4.532	  0.085
       4.536	  0.165
       4.540	  0.255
       4.544	  0.340
       4.548	  0.450
       4.552	  0.540
       4.556	  0.595
       4.560	  0.640
       4.564	  0.710
       4.568	  0.770
       4.572	  0.835
       4.576	  0.890
       4.580	  0.930
       4.584	  0.970
       4.588	  0.980
       4.592	  0.960
       4.596	  0.960
       4.600	  0.910
       4.604	  0.880
       4.608	  0.825
       4.612	  0.780
       4.616	  0.735
       4.620	  0.685
       4.624	  0.620
       4.628	  0.595
       4.632	  0.535
       4.636	  0.445
       4.640	  0.335
       4.644	  0.230
       4.648	  0.110
       4.652	  0.005
       4.656	 -0.085
       4.660	 -0.200
       4.664	 -0.285
       4.668	 -0.350
       4.672	 -0.425
       4.676	 -0.515
       4.680	 -0.545
       4.684	 -0.565
       4.688	 -0.585
       4.692	 -0.585
       4.696	 -0.580
       4.700	 -0.600
       4.704	 -0.610
       4.708	 -0.605
       4.712	 -0.610
       4.716	 -0.585
       4.720	 -0.580
       4.724	 -0.535
       4.728	 -0.490
       4.732	 -0.470
       4.736	 -0.455
       4.740	 -0.390
       4.744	 -0.385
       4.748	 -0.370
       4.752	 -0.350
       4.756	 -0.315
       4.760	 -0.215
       4.764	 -0.145
       4.768	 -0.065
       4.772	  0.025
       4.776	  0.090
       4.780	  0.155
       4.784	  0.230
       4.788	  0.310
       4.792	  0.390
       4.796	  0.475
       4.800	  0.550
       4.804	  0.600
       4.808	  0.660
       4.812	  0.710
       4.816	  0.790
       4.820	  0.825
       4.824	  0.850
       4.828	  0.870
       4.832	  0.870
       4.836	  0.830
       4.840	  0.810
       4.844	  0.790
       4.848	  0.765
       4.852	  0.720
       4.856	  0.675
       4.860	  0.605
       4.864	  0.540
       4.868	  0.460
       4.872	  0.390
       4.876	  0.300
       4.880	  0.185
       4.884	  0.105
       4.888	  0.030
       4.892	 -0.030
       4.896	 -0.060
       4.900	 -0.095
       4.904	 -0.175
       4.908	 -0.230
       4.912	 -0.285
       4.916	 -0.320
       4.920	 -0.360
       4.924	 -0.365
       4.928	 -0.370
       4.932	 -0.360
       4.936	 -0.370
       4.940	 -0.365
       4.944	 -0.340
       4.948	 -0.310
       4.952	 -0.260
       4.956	 -0.175
       4.960	 -0.130
       4.964	 -0.115
       4.968	 -0.125
       4.972	 -0.135
       4.976	 -0.140
       4.980	 -0.130
       4.984	 -0.110
       4.988	 -0.100
       4.992	 -0.080
       4.996	 -0.045
       5.000	  0.005
       5.004	  0.045
       5.008	  0.080
       5.012	  0.115
       5.016	  0.160
       5.020	  0.175
       5.024	  0.200
       5.028	  0.205
       5.032	  0.225
       5.036	  0.240
       5.040	  0.280
       5.044	  0.305
       5.048	  0.320
       5.052	  0.330
       5.056	  0.355
       5.060	  0.415
       5.064	  0.455
       5.068	  0.505
       5.072	  0.525
       5.076	  0.540
       5.080	  0.560
       5.084	  0.590
       5.088	  0.605
       5.092	  0.645
       5.096	  0.655
       5.100	  0.665
       5.104	  0.650
       5.108	  0.620
       5.112	  0.580
       5.116	  0.535
       5.120	  0.445
       5.124	  0.360
       5.128	  0.260
       5.132	  0.155
       5.136	  0.060
       5.140	  0.000
       5.144	 -0.065
       5.148	 -0.100
       5.152	 -0.140
       5.156	 -0.170
       5.160	 -0.200
       5.164	 -0.220
       5.168	 -0.240
       5.172	 -0.245
       5.176	 -0.250
       5.180	 -0.255
       5.184	 -0.250
       5.188	 -0.260
       5.192	 -0.270
       5.196	 -0.260
       5.200	 -0.250
       5.204	 -0.235
       5.208	 -0.205
       5.212	 -0.175
       5.216	 -0.155
       5.220	 -0.145
       5.224	 -0.115
       5.228	 -0.100
       5.232	 -0.085
       5.236	 -0.070
       5.240	 -0.050
       5.244	 -0.030
       5.248	  0.015
       5.252	  0.035
       5.256	  0.070
       5.260	  0.115
       5.264	  0.145
       5.268	  0.165
       5.272	  0.175
       5.276	  0.180
       5.280	  0.185
       5.284	  0.190
       5.288	  0.170
       5.292	  0.170
       5.296	  0.180
       5.300	  0.200
       5.304	  0.195
       5.308	  0.210
       5.312	  0.195
       5.316	  0.210
       5.320	  0.235
       5.324	  0.295
       5.328	  0.350
       5.332	  0.380
       5.336	  0.385
       5.340	  0.385
       5.344	  0.370
       5.348	  0.360
       5.352	  0.340
       5.356	  0.315
       5.360	  0.295
       5.364	  0.255
       5.368	  0.205
       5.372	  0.180
       5.376	  0.155
       5.380	  0.125
       5.384	  0.095
       5.388	  0.055
       5.392	  0.015
       5.396	 -0.025
       5.400	 -0.055
       5.404	 -0.090
       5.408	 -0.110
       5.412	 -0.120
       5.416	 -0.130
       5.420	 -0.150
       5.424	 -0.165
       5.428	 -0.180
       5.432	 -0.185
       5.436	 -0.190
       5.440	 -0.180
       5.444	 -0.185
       5.448	 -0.190
       5.452	 -0.180
       5.456	 -0.170
       5.460	 -0.160
       5.464	 -0.145
       5.468	 -0.125
       5.472	 -0.105
       5.476	 -0.065
       5.480	 -0.055
       5.484	 -0.020
       5.488	  0.020
       5.492	  0.050
       5.496	  0.070
       5.500	  0.080
       5.504	  0.065
       5.508	  0.065
       5.512	  0.070
       5.516	  0.085
       5.520	  0.060
       5.524	  0.065
       5.528	  0.045
       5.532	  0.050
       5.536	  0.045
       5.540	  0.060
       5.544	  0.110
       5.548	  0.155
       5.552	  0.155
       5.556	  0.175
       5.560	  0.175
       5.564	  0.160
       5.568	  0.165
       5.572	  0.180
       5.576	  0.220
       5.580	  0.260
       5.584	  0.310
       5.588	  0.345
       5.592	  0.355
       5.596	  0.355
       5.600	  0.340
       5.604	  0.320
       5.608	  0.320
       5.612	  0.330
       5.616	  0.340
       5.620	  0.330
       5.624	  0.300
       5.628	  0.265
       5.632	  0.245
       5.636	  0.210
       5.640	  0.195
       5.644	  0.155
       5.648	  0.105
       5.652	  0.060
       5.656	  0.050
       5.660	  0.050
       5.664	  0.030
       5.668	  0.020
       5.672	 -0.030
       5.676	 -0.045
       5.680	 -0.065
       5.684	 -0.070
       5.688	 -0.085
       5.692	 -0.080
       5.696	 -0.085
       5.700	 -0.065
       5.704	 -0.055
       5.708	 -0.025
       5.712	  0.005
       5.716	  0.035
       5.720	  0.030
       5.724	  0.035
       5.728	  0.015
       5.732	  0.010
       5.736	 -0.030
       5.740	 -0.040
       5.744	 -0.045
       5.748	 -0.080
       5.752	 -0.140
       5.756	 -0.165
       5.760	 -0.175
       5.764	 -0.170
       5.768	 -0.160
       5.772	 -0.150
       5.776	 -0.130
       5.780	 -0.110
       5.784	 -0.085
       5.788	 -0.075
       5.792	 -0.050
       5.796	 -0.020
       5.800	  0.025
       5.804	  0.040
       5.808	  0.060
       5.812	  0.085
       5.816	  0.125
       5.820	  0.165
       5.824	  0.225
       5.828	  0.285
       5.832	  0.325
       5.836	  0.325
       5.840	  0.355
       5.844	  0.360
       5.848	  0.340
       5.852	  0.330
       5.856	  0.315
       5.860	  0.295
       5.864	  0.270
       5.868	  0.270
       5.872	  0.245
       5.876	  0.210
       5.880	  0.165
       5.884	  0.125
       5.888	  0.075
       5.892	  0.040
       5.896	  0.025
       5.900	  0.035
       5.904	  0.035
       5.908	  0.050
       5.912	  0.065
       5.916	  0.080
       5.920	  0.055
       5.924	  0.060
       5.928	  0.020
       5.932	  0.005
       5.936	 -0.060
       5.940	 -0.080
       5.944	 -0.120
       5.948	 -0.155
       5.952	 -0.190
       5.956	 -0.195
       5.960	 -0.210
       5.964	 -0.230
       5.968	 -0.260
       5.972	 -0.285
       5.976	 -0.285
       5.980	 -0.280
       5.984	 -0.260
       5.988	 -0.255
       5.992	 -0.250
       5.996	 -0.225
       6.000	 -0.190
       6.004	 -0.125
       6.008	 -0.045
       6.012	  0.030
       6.016	  0.095
       6.020	  0.150
       6.024	  0.225
       6.028	  0.285
       6.032	  0.380
       6.036	  0.465
       6.040	  0.510
       6.044	  0.555
       6.048	  0.550
       6.052	  0.550
       6.056	  0.570
       6.060	  0.590
       6.064	  0.610
       6.068	  0.645
       6.072	  0.635
       6.076	  0.610
       6.080	  0.575
       6.084	  0.545
       6.088	  0.495
       6.092	  0.470
       6.096	  0.445
       6.100	  0.415
       6.104	  0.340
       6.108	  0.340
       6.112	  0.340
       6.116	  0.330
       6.120	  0.325
       6.124	  0.310
       6.128	  0.290
       6.132	  0.285
       6.136	  0.290
       6.140	  0.290
       6.144	  0.320
       6.148	  0.325
       6.152	  0.315
       6.156	  0.320
       6.160	  0.335
       6.164	  0.310
       6.168	  0.285
       6.172	  0.255
       6.176	  0.200
       6.180	  0.095
       6.184	  0.005
       6.188	 -0.060
       6.192	 -0.115
       6.196	 -0.125
       6.200	 -0.125
       6.204	 -0.170
       6.208	 -0.200
       6.212	 -0.210
       6.216	 -0.220
       6.220	 -0.225
       6.224	 -0.205
       6.228	 -0.225
       6.232	 -0.260
       6.236	 -0.295
       6.240	 -0.315
       6.244	 -0.305
       6.248	 -0.275
       6.252	 -0.225
       6.256	 -0.185
       6.260	 -0.135
       6.264	 -0.115
       6.268	 -0.085
       6.272	 -0.060
       6.276	 -0.020
       6.280	  0.070
       6.284	  0.160
       6.288	  0.205
       6.292	  0.280
       6.296	  0.360
       6.300	  0.480
       6.304	  0.545
       6.308	  0.565
       6.312	  0.565
       6.316	  0.590
       6.320	  0.605
       6.324	  0.630
       6.328	  0.630
       6.332	  0.625
       6.336	  0.620
       6.340	  0.640
       6.344	  0.615
       6.348	  0.575
       6.352	  0.525
       6.356	  0.520
       6.360	  0.495
       6.364	  0.465
       6.368	  0.440
       6.372	  0.430
       6.376	  0.460
       6.380	  0.485
       6.384	  0.460
       6.388	  0.435
       6.392	  0.420
       6.396	  0.445
       6.400	  0.430
       6.404	  0.415
       6.408	  0.385
       6.412	  0.340
       6.416	  0.340
       6.420	  0.280
       6.424	  0.240
       6.428	  0.200
       6.432	  0.135
       6.436	  0.050
       6.440	  0.005
       6.444	 -0.080
       6.448	 -0.145
       6.452	 -0.200
       6.456	 -0.240
       6.460	 -0.265
       6.464	 -0.320
       6.468	 -0.340
       6.472	 -0.365
       6.476	 -0.375
       6.480	 -0.365
       6.484	 -0.350
       6.488	 -0.330
       6.492	 -0.305
       6.496	 -0.260
       6.500	 -0.220
       6.504	 -0.205
       6.508	 -0.170
       6.512	 -0.120
       6.516	 -0.045
       6.520	  0.055
       6.524	  0.225
       6.528	  0.280
       6.532	  0.305
       6.536	  0.335
       6.540	  0.355
       6.544	  0.365
       6.548	  0.385
       6.552	  0.345
       6.556	  0.345
       6.560	  0.335
       6.564	  0.325
       6.568	  0.320
       6.572	  0.330
       6.576	  0.330
       6.580	  0.340
       6.584	  0.350
       6.588	  0.315
       6.592	  0.295
       6.596	  0.280
       6.600	  0.280
       6.604	  0.260
       6.608	  0.245
       6.612	  0.220
       6.616	  0.180
       6.620	  0.145
       6.624	  0.150
       6.628	  0.145
       6.632	  0.160
       6.636	  0.165
       6.640	  0.170
       6.644	  0.135
       6.648	  0.105
       6.652	  0.065
       6.656	  0.035
       6.660	  0.000
       6.664	 -0.035
       6.668	 -0.040
       6.672	 -0.080
       6.676	 -0.165
       6.680	 -0.265
       6.684	 -0.320
       6.688	 -0.385
       6.692	 -0.390
       6.696	 -0.390
       6.700	 -0.370
       6.704	 -0.385
       6.708	 -0.385
       6.712	 -0.365
       6.716	 -0.365
       6.720	 -0.360
       6.724	 -0.335
       6.728	 -0.325
       6.732	 -0.305
       6.736	 -0.310
       6.740	 -0.280
       6.744	 -0.240
       6.748	 -0.185
       6.752	 -0.155
       6.756	 -0.130
       6.760	 -0.105
       6.764	 -0.070
       6.768	 -0.020
       6.772	  0.045
       6.776	  0.110
       6.780	  0.150
       6.784	  0.180
       6.788	  0.205
       6.792	  0.260
       6.796	  0.350
       6.800	  0.435
       6.804	  0.510
       6.808	  0.600
       6.812	  0.680
       6.816	  0.760
       6.820	  0.855
       6.824	  0.940
       6.828	  0.995
       6.832	  1.045
       6.836	  1.035
       6.840	  0.975
       6.844	  0.885
       6.848	  0.790
       6.852	  0.675
       6.856	  0.555
       6.860	  0.430
       6.864	  0.310
       6.868	  0.220
       6.872	  0.180
       6.876	  0.130
       6.880	  0.065
       6.884	  0.015
       6.888	 -0.050
       6.892	 -0.070
       6.896	 -0.080
       6.900	 -0.110
       6.904	 -0.160
       6.908	 -0.180
       6.912	 -0.195
       6.916	 -0.210
       6.920	 -0.245
       6.924	 -0.260
       6.928	 -0.280
       6.932	 -0.310
       6.936	 -0.360
       6.940	 -0.400
       6.944	 -0.435
       6.948	 -0.440
       6.952	 -0.415
       6.956	 -0.360
       6.960	 -0.320
       6.964	 -0.275
       6.968	 -0.250
       6.972	 -0.220
       6.976	 -0.175
       6.980	 -0.125
       6.984	 -0.080
       6.988	 -0.040
       6.992	  0.015
       6.996	  0.070
       7.000	  0.135
       7.004	  0.190
       7.008	  0.240
       7.012	  0.270
       7.016	  0.300
       7.020	  0.315
       7.024	  0.340
       7.028	  0.360
       7.032	  0.385
       7.036	  0.415
       7.040	  0.475
       7.044	  0.510
       7.048	  0.510
       7.052	  0.515
       7.056	  0.525
       7.060	  0.520
       7.064	  0.510
       7.068	  0.485
       7.072	  0.470
       7.076	  0.440
       7.080	  0.400
       7.084	  0.365
       7.088	  0.295
       7.092	  0.220
       7.096	  0.155
       7.100	  0.090
       7.104	  0.000
       7.108	 -0.080
       7.112	 -0.140
       7.116	 -0.180
       7.120	 -0.235
       7.124	 -0.250
       7.128	 -0.270
       7.132	 -0.255
       7.136	 -0.230
       7.140	 -0.195
       7.144	 -0.170
       7.148	 -0.160
       7.152	 -0.145
       7.156	 -0.130
       7.160	 -0.140
       7.164	 -0.130
       7.168	 -0.135
       7.172	 -0.120
       7.176	 -0.125
       7.180	 -0.125
       7.184	 -0.140
       7.188	 -0.170
       7.192	 -0.170
       7.196	 -0.140
       7.200	 -0.220
       7.204	 -0.265
       7.208	 -0.235
       7.212	 -0.205
       7.216	 -0.275
       7.220	 -0.320
       7.224	 -0.330
       7.228	 -0.355
       7.232	 -0.330
       7.236	 -0.275
       7.240	 -0.205
       7.244	 -0.220
       7.248	 -0.205
       7.252	 -0.120
       7.256	 -0.080
       7.260	 -0.040
       7.264	  0.005
       7.268	  0.080
       7.272	  0.195
       7.276	  0.285
       7.280	  0.395
       7.284	  0.455
       7.288	  0.500
       7.292	  0.570
       7.296	  0.635
       7.300	  0.600
       7.304	  0.465
       7.308	  0.290
       7.312	  0.145
       7.316	  0.165
       7.320	  0.200
       7.324	  0.205
       7.328	  0.205
       7.332	  0.250
       7.336	  0.250
       7.340	  0.310
       7.344	  0.340
       7.348	  0.415
       7.352	  0.525
       7.356	  0.515
       7.360	  0.460
       7.364	  0.460
       7.368	  0.390
       7.372	  0.450
       7.376	  0.490
       7.380	  0.480
       7.384	  0.450
       7.388	  0.430
       7.392	  0.430
       7.396	  0.375
       7.400	  0.315
       7.404	  0.440
       7.408	  0.525
       7.412	  0.615
       7.416	  0.635
       7.420	  0.600
       7.424	  0.610
       7.428	  0.675
       7.432	  0.820
       7.436	  0.875
       7.440	  0.815
       7.444	  0.790
       7.448	  0.820
       7.452	  0.865
       7.456	  0.940
       7.460	  1.050
       7.464	  1.080
       7.468	  1.125
       7.472	  1.220
       7.476	  1.315
       7.480	  1.390
       7.484	  1.480
       7.488	  1.530
       7.492	  1.480
       7.496	  1.450
       7.500	  1.430
       7.504	  1.480
       7.508	  1.555
       7.512	  1.530
       7.516	  1.470
       7.520	  1.415
       7.524	  1.475
       7.528	  1.525
       7.532	  1.665
       7.536	  1.685
       7.540	  1.605
       7.544	  1.585
       7.548	  1.425
       7.552	  1.335
       7.556	  1.250
       7.560	  1.210
       7.564	  1.245
       7.568	  1.095
       7.572	  1.005
       7.576	  0.895
       7.580	  0.795
       7.584	  0.800
       7.588	  0.785
       7.592	  0.695
       7.596	  0.595
       7.600	  0.675
       7.604	  0.715
       7.608	  0.620
       7.612	  0.540
       7.616	  0.425
       7.620	  0.285
       7.624	  0.320
       7.628	  0.415
       7.632	  0.625
       7.636	  0.895
       7.640	  1.060
       7.644	  0.955
       7.648	  0.740
       7.652	  0.585
       7.656	  0.615
       7.660	  0.740
       7.664	  0.760
       7.668	  0.685
       7.672	  0.645
       7.676	  0.650
       7.680	  0.770
       7.684	  0.930
       7.688	  0.890
       7.692	  0.795
       7.696	  0.810
       7.700	  0.825
       7.704	  0.770
       7.708	  0.750
       7.712	  0.795
       7.716	  0.960
       7.720	  1.085
       7.724	  1.005
       7.728	  0.820
       7.732	  0.725
       7.736	  0.600
       7.740	  0.620
       7.744	  0.665
       7.748	  0.635
       7.752	  0.580
       7.756	  0.605
       7.760	  0.615
       7.764	  0.555
       7.768	  0.560
       7.772	  0.590
       7.776	  0.625
       7.780	  0.615
       7.784	  0.575
       7.788	  0.500
       7.792	  0.505
       7.796	  0.530
       7.800	  0.495
       7.804	  0.330
       7.808	  0.255
       7.812	  0.200
       7.816	  0.165
       7.820	  0.155
       7.824	  0.090
       7.828	  0.005
       7.832	 -0.065
       7.836	 -0.140
       7.840	 -0.195
       7.844	 -0.205
       7.848	 -0.175
       7.852	 -0.160
       7.856	 -0.135
       7.860	 -0.065
       7.864	  0.000
       7.868	  0.090
       7.872	  0.135
       7.876	  0.125
       7.880	  0.145
       7.884	  0.190
       7.888	  0.220
       7.892	  0.265
       7.896	  0.300
       7.900	  0.260
       7.904	  0.230
       7.908	  0.235
       7.912	  0.235
       7.916	  0.240
       7.920	  0.235
       7.924	  0.285
       7.928	  0.310
       7.932	  0.285
       7.936	  0.240
       7.940	  0.210
       7.944	  0.170
       7.948	  0.090
       7.952	  0.020
       7.956	  0.000
       7.960	 -0.055
       7.964	 -0.130
       7.968	 -0.195
       7.972	 -0.225
       7.976	 -0.245
       7.980	 -0.210
       7.984	 -0.170
       7.988	 -0.150
       7.992	 -0.115
       7.996	 -0.095
       8.000	 -0.090
       8.004	 -0.055
       8.008	 -0.020
       8.012	  0.085
       8.016	  0.195
       8.020	  0.225
       8.024	  0.230
       8.028	  0.255
       8.032	  0.280
       8.036	  0.280
       8.040	  0.245
       8.044	  0.255
       8.048	  0.260
       8.052	  0.260
       8.056	  0.275
       8.060	  0.265
       8.064	  0.195
       8.068	  0.140
       8.072	  0.100
       8.076	  0.055
       8.080	 -0.025
       8.084	 -0.090
       8.088	 -0.090
       8.092	 -0.070
       8.096	 -0.070
       8.100	 -0.035
       8.104	 -0.035
       8.108	 -0.050
       8.112	 -0.030
       8.116	  0.015
       8.120	 -0.025
       8.124	 -0.045
       8.128	 -0.060
       8.132	 -0.045
       8.136	 -0.040
       8.140	 -0.055
       8.144	 -0.065
       8.148	 -0.100
       8.152	 -0.150
       8.156	 -0.160
       8.160	 -0.180
       8.164	 -0.220
       8.168	 -0.260
       8.172	 -0.315
       8.176	 -0.360
       8.180	 -0.380
       8.184	 -0.415
       8.188	 -0.435
       8.192	 -0.410
       8.196	 -0.400
       8.200	 -0.415
       8.204	 -0.410
       8.208	 -0.395
       8.212	 -0.375
       8.216	 -0.350
       8.220	 -0.320
       8.224	 -0.265
       8.228	 -0.225
       8.232	 -0.190
       8.236	 -0.160
       8.240	 -0.130
       8.244	 -0.110
       8.248	 -0.080
       8.252	 -0.035
       8.256	  0.055
       8.260	  0.095
       8.264	  0.125
       8.268	  0.150
       8.272	  0.200
       8.276	  0.255
       8.280	  0.290
       8.284	  0.325
       8.288	  0.345
       8.292	  0.365
       8.296	  0.390
       8.300	  0.400
       8.304	  0.350
       8.308	  0.320
       8.312	  0.270
       8.316	  0.240
       8.320	  0.190
       8.324	  0.150
       8.328	  0.135
       8.332	  0.110
       8.336	  0.045
       8.340	  0.030
       8.344	  0.015
       8.348	  0.015
       8.352	  0.030
       8.356	  0.045
       8.360	  0.045
       8.364	  0.035
       8.368	  0.025
       8.372	  0.025
       8.376	 -0.030
       8.380	 -0.065
       8.384	 -0.090
       8.388	 -0.160
       8.392	 -0.235
       8.396	 -0.300
       8.400	 -0.335
       8.404	 -0.350
       8.408	 -0.360
       8.412	 -0.350
       8.416	 -0.350
       8.420	 -0.360
       8.424	 -0.340
       8.428	 -0.330
       8.432	 -0.315
       8.436	 -0.290
       8.440	 -0.285
       8.444	 -0.270
       8.448	 -0.235
       8.452	 -0.215
       8.456	 -0.185
       8.460	 -0.135
       8.464	 -0.095
       8.468	 -0.060
       8.472	 -0.025
       8.476	  0.040
       8.480	  0.075
       8.484	  0.110
       8.488	  0.140
       8.492	  0.190
       8.496	  0.220
       8.500	  0.250
       8.504	  0.275
       8.508	  0.320
       8.512	  0.365
       8.516	  0.410
       8.520	  0.425
       8.524	  0.445
       8.528	  0.435
       8.532	  0.435
       8.536	  0.445
       8.540	  0.420
       8.544	  0.365
       8.548	  0.310
       8.552	  0.245
       8.556	  0.210
       8.560	  0.160
       8.564	  0.075
       8.568	  0.000
       8.572	 -0.030
       8.576	 -0.030
       8.580	 -0.030
       8.584	 -0.045
       8.588	 -0.065
       8.592	 -0.100
       8.596	 -0.120
       8.600	 -0.135
       8.604	 -0.180
       8.608	 -0.210
       8.612	 -0.240
       8.616	 -0.250
       8.620	 -0.270
       8.624	 -0.285
       8.628	 -0.310
       8.632	 -0.335
       8.636	 -0.345
       8.640	 -0.345
       8.644	 -0.330
       8.648	 -0.285
       8.652	 -0.275
       8.656	 -0.260
       8.660	 -0.260
       8.664	 -0.240
       8.668	 -0.200
       8.672	 -0.160
       8.676	 -0.135
       8.680	 -0.105
       8.684	 -0.075
       8.688	 -0.045
       8.692	 -0.025
       8.696	  0.015
       8.700	  0.035
       8.704	  0.040
       8.708	  0.070
       8.712	  0.115
       8.716	  0.180
       8.720	  0.220
       8.724	  0.300
       8.728	  0.375
       8.732	  0.440
       8.736	  0.465
       8.740	  0.475
       8.744	  0.490
       8.748	  0.500
       8.752	  0.510
       8.756	  0.555
       8.760	  0.595
       8.764	  0.630
       8.768	  0.620
       8.772	  0.605
       8.776	  0.575
       8.780	  0.525
       8.784	  0.475
       8.788	  0.415
       8.792	  0.370
       8.796	  0.355
       8.800	  0.355
       8.804	  0.345
       8.808	  0.360
       8.812	  0.350
       8.816	  0.320
       8.820	  0.290
       8.824	  0.275
       8.828	  0.220
       8.832	  0.145
       8.836	  0.070
       8.840	  0.015
       8.844	 -0.040
       8.848	 -0.065
       8.852	 -0.060
       8.856	 -0.055
       8.860	 -0.045
       8.864	 -0.040
       8.868	 -0.040
       8.872	 -0.040
       8.876	 -0.045
       8.880	 -0.060
       8.884	 -0.055
       8.888	 -0.065
       8.892	 -0.085
       8.896	 -0.070
       8.900	 -0.040
       8.904	 -0.040
       8.908	  0.010
       8.912	  0.040
       8.916	  0.040
       8.920	  0.035
       8.924	  0.035
       8.928	  0.015
       8.932	  0.000
       8.936	 -0.040
       8.940	 -0.055
       8.944	 -0.055
       8.948	 -0.020
       8.952	  0.040
       8.956	  0.115
       8.960	  0.180
       8.964	  0.230
       8.968	  0.255
       8.972	  0.290
       8.976	  0.305
       8.980	  0.295
       8.984	  0.280
       8.988	  0.285
       8.992	  0.275
       8.996	  0.300
       9.000	  0.325
       9.004	  0.320
       9.008	  0.325
       9.012	  0.330
       9.016	  0.320
       9.020	  0.300
       9.024	  0.290
       9.028	  0.285
       9.032	  0.280
       9.036	  0.255
       9.040	  0.255
       9.044	  0.250
       9.048	  0.250
       9.052	  0.220
       9.056	  0.175
       9.060	  0.135
       9.064	  0.080
       9.068	  0.030
       9.072	 -0.030
       9.076	 -0.085
       9.080	 -0.145
       9.084	 -0.165
       9.088	 -0.175
       9.092	 -0.175
       9.096	 -0.185
       9.100	 -0.175
       9.104	 -0.175
       9.108	 -0.170
       9.112	 -0.175
       9.116	 -0.170
       9.120	 -0.170
       9.124	 -0.150
       9.128	 -0.145
       9.132	 -0.140
       9.136	 -0.150
       9.140	 -0.165
       9.144	 -0.175
       9.148	 -0.180
       9.152	 -0.175
       9.156	 -0.165
       9.160	 -0.170
       9.164	 -0.145
       9.168	 -0.130
       9.172	 -0.115
       9.176	 -0.085
       9.180	 -0.050
       9.184	  0.000
       9.188	  0.025
       9.192	  0.060
       9.196	  0.110
       9.200	  0.150
       9.204	  0.185
       9.208	  0.230
       9.212	  0.275
       9.216	  0.305
       9.220	  0.275
       9.224	  0.260
       9.228	  0.255
       9.232	  0.260
       9.236	  0.260
       9.240	  0.280
       9.244	  0.285
       9.248	  0.280
       9.252	  0.270
       9.256	  0.275
       9.260	  0.255
       9.264	  0.220
       9.268	  0.190
       9.272	  0.175
       9.276	  0.155
       9.280	  0.125
       9.284	  0.105
       9.288	  0.120
       9.292	  0.150
       9.296	  0.195
       9.300	  0.245
       9.304	  0.255
       9.308	  0.270
       9.312	  0.280
       9.316	  0.300
       9.320	  0.285
       9.324	  0.240
       9.328	  0.155
       9.332	  0.080
       9.336	  0.035
       9.340	  0.040
       9.344	  0.060
       9.348	  0.055
       9.352	  0.025
       9.356	  0.000
       9.360	 -0.015
       9.364	 -0.025
       9.368	 -0.040
       9.372	 -0.020
       9.376	  0.000
       9.380	  0.025
       9.384	  0.055
       9.388	  0.085
       9.392	  0.105
       9.396	  0.125
       9.400	  0.140
       9.404	  0.165
       9.408	  0.180
       9.412	  0.180
       9.416	  0.190
       9.420	  0.205
       9.424	  0.205
       9.428	  0.220
       9.432	  0.230
       9.436	  0.245
       9.440	  0.285
       9.444	  0.330
       9.448	  0.395
       9.452	  0.430
       9.456	  0.460
       9.460	  0.475
       9.464	  0.495
       9.468	  0.495
       9.472	  0.470
       9.476	  0.460
       9.480	  0.445
       9.484	  0.425
       9.488	  0.405
       9.492	  0.390
       9.496	  0.335
       9.500	  0.300
       9.504	  0.255
       9.508	  0.230
       9.512	  0.185
       9.516	  0.160
       9.520	  0.100
       9.524	  0.035
       9.528	 -0.035
       9.532	 -0.070
       9.536	 -0.090
       9.540	 -0.070
       9.544	 -0.050
       9.548	 -0.050
       9.552	 -0.065
       9.556	 -0.055
       9.560	 -0.065
       9.564	 -0.080
       9.568	 -0.125
       9.572	 -0.175
       9.576	 -0.185
       9.580	 -0.170
       9.584	 -0.165
       9.588	 -0.150
       9.592	 -0.130
       9.596	 -0.125
       9.600	 -0.095
       9.604	 -0.065
       9.608	 -0.035
       9.612	  0.000
       9.616	  0.035
       9.620	  0.060
       9.624	  0.110
       9.628	  0.120
       9.632	  0.095
       9.636	  0.085
       9.640	  0.090
       9.644	  0.105
       9.648	  0.110
       9.652	  0.110
       9.656	  0.130
       9.660	  0.150
       9.664	  0.175
       9.668	  0.205
       9.672	  0.260
       9.676	  0.320
       9.680	  0.380
       9.684	  0.425
       9.688	  0.485
       9.692	  0.530
       9.696	  0.570
       9.700	  0.590
       9.704	  0.600
       9.708	  0.590
       9.712	  0.570
       9.716	  0.540
       9.720	  0.480
       9.724	  0.415
       9.728	  0.360
       9.732	  0.345
       9.736	  0.310
       9.740	  0.290
       9.744	  0.245
       9.748	  0.235
       9.752	  0.195
       9.756	  0.180
       9.760	  0.150
       9.764	  0.115
       9.768	  0.115
       9.772	  0.115
       9.776	  0.110
       9.780	  0.125
       9.784	  0.135
       9.788	  0.150
       9.792	  0.140
       9.796	  0.155
       9.800	  0.170
       9.804	  0.200
       9.808	  0.225
       9.812	  0.220
       9.816	  0.220
       9.820	  0.195
       9.824	  0.195
       9.828	  0.200
       9.832	  0.220
       9.836	  0.200
       9.840	  0.160
       9.844	  0.110
       9.848	  0.045
       9.852	  0.015
       9.856	  0.000
       9.860	 -0.040
       9.864	 -0.060
       9.868	 -0.125
       9.872	 -0.140
       9.876	 -0.145
       9.880	 -0.155
       9.884	 -0.140
       9.888	 -0.150
       9.892	 -0.150
       9.896	 -0.120
       9.900	 -0.085
       9.904	 -0.075
       9.908	 -0.035
       9.912	 -0.025
       9.916	 -0.030
       9.920	 -0.045
       9.924	 -0.035
       9.928	  0.015
       9.932	  0.070
       9.936	  0.080
       9.940	  0.080
       9.944	  0.095
       9.948	  0.115
       9.952	  0.140
       9.956	  0.190
       9.960	  0.185
       9.964	  0.180
       9.968	  0.140
       9.972	  0.140
       9.976	  0.130
       9.980	  0.105
       9.984	  0.080
       9.988	  0.040
       9.992	  0.030
       9.996	  0.015
