Elapsed_time	ECG
       0.000	  0.035
       0.004	  0.120
       0.008	  0.205
       0.012	  0.265
       0.016	  0.315
       0.020	  0.400
       0.024	  0.485
       0.028	  0.540
       0.032	  0.585
       0.036	  0.665
       0.040	  0.740
       0.044	  0.780
       0.048	  0.775
       0.052	  0.795
       0.056	  0.815
       0.060	  0.795
       0.064	  0.750
       0.068	  0.700
       0.072	  0.670
       0.076	  0.630
       0.080	  0.595
       0.084	  0.605
       0.088	  0.675
       0.092	  0.735
       0.096	  0.785
       0.100	  0.820
       0.104	  0.850
       0.108	  0.820
       0.112	  0.740
       0.116	  0.630
       0.120	  0.570
       0.124	  0.520
       0.128	  0.460
       0.132	  0.385
       0.136	  0.340
       0.140	  0.290
       0.144	  0.225
       0.148	  0.135
       0.152	  0.100
       0.156	  0.085
       0.160	  0.050
       0.164	 -0.020
       0.168	 -0.045
       0.172	 -0.055
       0.176	 -0.080
       0.180	 -0.135
       0.184	 -0.180
       0.188	 -0.230
       0.192	 -0.315
       0.196	 -0.460
       0.200	 -0.580
       0.204	 -0.625
       0.208	 -0.630
       0.212	 -0.665
       0.216	 -0.690
       0.220	 -0.675
       0.224	 -0.665
       0.228	 -0.685
       0.232	 -0.720
       0.236	 -0.705
       0.240	 -0.680
       0.244	 -0.665
       0.248	 -0.640
       0.252	 -0.560
       0.256	 -0.445
       0.260	 -0.360
       0.264	 -0.300
       0.268	 -0.210
       0.272	 -0.100
       0.276	 -0.020
       0.280	  0.035
       0.284	  0.085
       0.288	  0.160
       0.292	  0.215
       0.296	  0.255
       0.300	  0.295
       0.304	  0.390
       0.308	  0.475
       0.312	  0.515
       0.316	  0.515
       0.320	  0.570
       0.324	  0.610
       0.328	  0.620
       0.332	  0.585
       0.336	  0.595
       0.340	  0.605
       0.344	  0.595
       0.348	  0.545
       0.352	  0.545
       0.356	  0.610
       0.360	  0.655
       0.364	  0.675
       0.368	  0.775
       0.372	  0.880
       0.376	  0.890
       0.380	  0.830
       0.384	  0.750
       0.388	  0.645
       0.392	  0.535
       0.396	  0.455
       0.400	  0.410
       0.404	  0.395
       0.408	  0.350
       0.412	  0.300
       0.416	  0.240
       0.420	  0.210
       0.424	  0.195
       0.428	  0.175
       0.432	  0.140
       0.436	  0.140
       0.440	  0.140
       0.444	  0.075
       0.448	  0.020
       0.452	  0.020
       0.456	  0.000
       0.460	 -0.145
       0.464	 -0.310
       0.468	 -0.425
       0.472	 -0.485
       0.476	 -0.525
       0.480	 -0.560
       0.484	 -0.560
       0.488	 -0.520
       0.492	 -0.480
       0.496	 -0.460
       0.500	 -0.455
       0.504	 -0.420
       0.508	 -0.380
       0.512	 -0.355
       0.516	 -0.325
       0.520	 -0.240
       0.524	 -0.155
       0.528	 -0.075
       0.532	  0.000
       0.536	  0.095
       0.540	  0.185
       0.544	  0.260
       0.548	  0.310
       0.552	  0.370
       0.556	  0.440
       0.560	  0.485
       0.564	  0.500
       0.568	  0.565
       0.572	  0.655
       0.576	  0.725
       0.580	  0.740
       0.584	  0.770
       0.588	  0.835
       0.592	  0.860
       0.596	  0.865
       0.600	  0.870
       0.604	  0.870
       0.608	  0.845
       0.612	  0.770
       0.616	  0.710
       0.620	  0.690
       0.624	  0.660
       0.628	  0.605
       0.632	  0.585
       0.636	  0.600
       0.640	  0.610
       0.644	  0.590
       0.648	  0.535
       0.652	  0.500
       0.656	  0.435
       0.660	  0.315
       0.664	  0.175
       0.668	  0.095
       0.672	  0.095
       0.676	  0.115
       0.680	  0.090
       0.684	  0.040
       0.688	  0.015
       0.692	 -0.035
       0.696	 -0.080
       0.700	 -0.130
       0.704	 -0.140
       0.708	 -0.185
       0.712	 -0.260
       0.716	 -0.340
       0.720	 -0.365
       0.724	 -0.400
       0.728	 -0.450
       0.732	 -0.530
       0.736	 -0.550
       0.740	 -0.560
       0.744	 -0.585
       0.748	 -0.610
       0.752	 -0.575
       0.756	 -0.550
       0.760	 -0.540
       0.764	 -0.545
       0.768	 -0.515
       0.772	 -0.450
       0.776	 -0.395
       0.780	 -0.355
       0.784	 -0.270
       0.788	 -0.165
       0.792	 -0.075
       0.796	  0.000
       0.800	  0.075
       0.804	  0.175
       0.808	  0.255
       0.812	  0.305
       0.816	  0.330
       0.820	  0.380
       0.824	  0.455
       0.828	  0.515
       0.832	  0.540
       0.836	  0.615
       0.840	  0.700
       0.844	  0.745
       0.848	  0.765
       0.852	  0.835
       0.856	  0.865
       0.860	  0.840
       0.864	  0.785
       0.868	  0.755
       0.872	  0.715
       0.876	  0.650
       0.880	  0.575
       0.884	  0.535
       0.888	  0.515
       0.892	  0.430
       0.896	  0.370
       0.900	  0.365
       0.904	  0.400
       0.908	  0.480
       0.912	  0.520
       0.916	  0.485
       0.920	  0.445
       0.924	  0.340
       0.928	  0.220
       0.932	  0.100
       0.936	  0.045
       0.940	  0.030
       0.944	 -0.025
       0.948	 -0.095
       0.952	 -0.110
       0.956	 -0.120
       0.960	 -0.195
       0.964	 -0.305
       0.968	 -0.370
       0.972	 -0.385
       0.976	 -0.420
       0.980	 -0.495
       0.984	 -0.520
       0.988	 -0.495
       0.992	 -0.490
       0.996	 -0.510
       1.000	 -0.505
       1.004	 -0.490
       1.008	 -0.470
       1.012	 -0.450
       1.016	 -0.440
       1.020	 -0.395
       1.024	 -0.330
       1.028	 -0.280
       1.032	 -0.230
       1.036	 -0.140
       1.040	 -0.045
       1.044	  0.035
       1.048	  0.100
       1.052	  0.205
       1.056	  0.315
       1.060	  0.385
       1.064	  0.430
       1.068	  0.495
       1.072	  0.575
       1.076	  0.630
       1.080	  0.670
       1.084	  0.725
       1.088	  0.805
       1.092	  0.865
       1.096	  0.900
       1.100	  0.930
       1.104	  0.995
       1.108	  1.055
       1.112	  1.075
       1.116	  1.060
       1.120	  1.095
       1.124	  1.110
       1.128	  1.040
       1.132	  0.940
       1.136	  0.875
       1.140	  0.805
       1.144	  0.710
       1.148	  0.605
       1.152	  0.525
       1.156	  0.420
       1.160	  0.335
       1.164	  0.245
       1.168	  0.205
       1.172	  0.190
       1.176	  0.185
       1.180	  0.140
       1.184	  0.120
       1.188	  0.100
       1.192	  0.010
       1.196	 -0.135
       1.200	 -0.240
       1.204	 -0.320
       1.208	 -0.405
       1.212	 -0.480
       1.216	 -0.530
       1.220	 -0.530
       1.224	 -0.525
       1.228	 -0.575
       1.232	 -0.655
       1.236	 -0.655
       1.240	 -0.620
       1.244	 -0.600
       1.248	 -0.600
       1.252	 -0.570
       1.256	 -0.535
       1.260	 -0.520
       1.264	 -0.525
       1.268	 -0.485
       1.272	 -0.420
       1.276	 -0.365
       1.280	 -0.325
       1.284	 -0.260
       1.288	 -0.175
       1.292	 -0.110
       1.296	 -0.070
       1.300	 -0.025
       1.304	  0.080
       1.308	  0.175
       1.312	  0.250
       1.316	  0.300
       1.320	  0.380
       1.324	  0.445
       1.328	  0.485
       1.332	  0.530
       1.336	  0.630
       1.340	  0.725
       1.344	  0.790
       1.348	  0.830
       1.352	  0.915
       1.356	  0.995
       1.360	  1.050
       1.364	  1.065
       1.368	  1.120
       1.372	  1.180
       1.376	  1.180
       1.380	  1.155
       1.384	  1.145
       1.388	  1.120
       1.392	  1.040
       1.396	  0.910
       1.400	  0.780
       1.404	  0.670
       1.408	  0.575
       1.412	  0.440
       1.416	  0.300
       1.420	  0.200
       1.424	  0.135
       1.428	  0.040
       1.432	 -0.040
       1.436	 -0.035
       1.440	 -0.055
       1.444	 -0.095
       1.448	 -0.145
       1.452	 -0.130
       1.456	 -0.160
       1.460	 -0.265
       1.464	 -0.400
       1.468	 -0.520
       1.472	 -0.595
       1.476	 -0.660
       1.480	 -0.705
       1.484	 -0.720
       1.488	 -0.705
       1.492	 -0.710
       1.496	 -0.725
       1.500	 -0.740
       1.504	 -0.710
       1.508	 -0.670
       1.512	 -0.640
       1.516	 -0.615
       1.520	 -0.540
       1.524	 -0.460
       1.528	 -0.400
       1.532	 -0.360
       1.536	 -0.265
       1.540	 -0.185
       1.544	 -0.135
       1.548	 -0.105
       1.552	  0.000
       1.556	  0.105
       1.560	  0.175
       1.564	  0.210
       1.568	  0.280
       1.572	  0.360
       1.576	  0.420
       1.580	  0.450
       1.584	  0.510
       1.588	  0.600
       1.592	  0.675
       1.596	  0.750
       1.600	  0.835
       1.604	  0.950
       1.608	  1.040
       1.612	  1.100
       1.616	  1.155
       1.620	  1.220
       1.624	  1.275
       1.628	  1.290
       1.632	  1.295
       1.636	  1.350
       1.640	  1.415
       1.644	  1.435
       1.648	  1.405
       1.652	  1.410
       1.656	  1.375
       1.660	  1.260
       1.664	  1.085
       1.668	  0.975
       1.672	  0.880
       1.676	  0.780
       1.680	  0.655
       1.684	  0.535
       1.688	  0.435
       1.692	  0.325
       1.696	  0.210
       1.700	  0.125
       1.704	  0.075
       1.708	 -0.020
       1.712	 -0.130
       1.716	 -0.240
       1.720	 -0.280
       1.724	 -0.340
       1.728	 -0.445
       1.732	 -0.570
       1.736	 -0.655
       1.740	 -0.740
       1.744	 -0.810
       1.748	 -0.870
       1.752	 -0.875
       1.756	 -0.870
       1.760	 -0.885
       1.764	 -0.935
       1.768	 -0.930
       1.772	 -0.890
       1.776	 -0.865
       1.780	 -0.860
       1.784	 -0.800
       1.788	 -0.715
       1.792	 -0.640
       1.796	 -0.580
       1.800	 -0.505
       1.804	 -0.430
       1.808	 -0.365
       1.812	 -0.330
       1.816	 -0.275
       1.820	 -0.185
       1.824	 -0.090
       1.828	 -0.030
       1.832	  0.035
       1.836	  0.110
       1.840	  0.195
       1.844	  0.260
       1.848	  0.320
       1.852	  0.405
       1.856	  0.520
       1.860	  0.615
       1.864	  0.685
       1.868	  0.820
       1.872	  0.960
       1.876	  1.060
       1.880	  1.125
       1.884	  1.180
       1.888	  1.235
       1.892	  1.250
       1.896	  1.240
       1.900	  1.230
       1.904	  1.215
       1.908	  1.180
       1.912	  1.145
       1.916	  1.095
       1.920	  1.085
       1.924	  1.035
       1.928	  0.900
       1.932	  0.720
       1.936	  0.595
       1.940	  0.435
       1.944	  0.240
       1.948	  0.030
       1.952	 -0.105
       1.956	 -0.225
       1.960	 -0.365
       1.964	 -0.490
       1.968	 -0.510
       1.972	 -0.480
       1.976	 -0.395
       1.980	 -0.275
       1.984	 -0.170
       1.988	 -0.095
       1.992	 -0.100
       1.996	 -0.190
       2.000	 -0.300
       2.004	 -0.395
       2.008	 -0.475
       2.012	 -0.555
       2.016	 -0.640
       2.020	 -0.690
       2.024	 -0.735
       2.028	 -0.810
       2.032	 -0.865
       2.036	 -0.840
       2.040	 -0.800
       2.044	 -0.780
       2.048	 -0.765
       2.052	 -0.705
       2.056	 -0.625
       2.060	 -0.580
       2.064	 -0.560
       2.068	 -0.480
       2.072	 -0.390
       2.076	 -0.315
       2.080	 -0.265
       2.084	 -0.205
       2.088	 -0.120
       2.092	 -0.065
       2.096	 -0.015
       2.100	  0.060
       2.104	  0.170
       2.108	  0.260
       2.112	  0.325
       2.116	  0.370
       2.120	  0.465
       2.124	  0.560
       2.128	  0.660
       2.132	  0.760
       2.136	  0.920
       2.140	  1.040
       2.144	  1.120
       2.148	  1.165
       2.152	  1.260
       2.156	  1.340
       2.160	  1.400
       2.164	  1.405
       2.168	  1.455
       2.172	  1.505
       2.176	  1.510
       2.180	  1.460
       2.184	  1.425
       2.188	  1.400
       2.192	  1.335
       2.196	  1.245
       2.200	  1.150
       2.204	  1.055
       2.208	  0.965
       2.212	  0.845
       2.216	  0.680
       2.220	  0.550
       2.224	  0.410
       2.228	  0.245
       2.232	  0.100
       2.236	 -0.025
       2.240	 -0.130
       2.244	 -0.200
       2.248	 -0.260
       2.252	 -0.295
       2.256	 -0.315
       2.260	 -0.430
       2.264	 -0.565
       2.268	 -0.565
       2.272	 -0.515
       2.276	 -0.485
       2.280	 -0.495
       2.284	 -0.480
       2.288	 -0.480
       2.292	 -0.540
       2.296	 -0.600
       2.300	 -0.645
       2.304	 -0.675
       2.308	 -0.700
       2.312	 -0.715
       2.316	 -0.735
       2.320	 -0.705
       2.324	 -0.665
       2.328	 -0.655
       2.332	 -0.660
       2.336	 -0.615
       2.340	 -0.570
       2.344	 -0.535
       2.348	 -0.505
       2.352	 -0.430
       2.356	 -0.355
       2.360	 -0.295
       2.364	 -0.260
       2.368	 -0.180
       2.372	 -0.080
       2.376	  0.010
       2.380	  0.055
       2.384	  0.145
       2.388	  0.255
       2.392	  0.345
       2.396	  0.390
       2.400	  0.460
       2.404	  0.565
       2.408	  0.655
       2.412	  0.730
       2.416	  0.790
       2.420	  0.875
       2.424	  0.945
       2.428	  0.975
       2.432	  0.975
       2.436	  1.035
       2.440	  1.100
       2.444	  1.130
       2.448	  1.120
       2.452	  1.120
       2.456	  1.110
       2.460	  1.040
       2.464	  0.960
       2.468	  0.900
       2.472	  0.825
       2.476	  0.755
       2.480	  0.690
       2.484	  0.680
       2.488	  0.655
       2.492	  0.570
       2.496	  0.445
       2.500	  0.330
       2.504	  0.315
       2.508	  0.325
       2.512	  0.305
       2.516	  0.275
       2.520	  0.280
       2.524	  0.235
       2.528	  0.170
       2.532	  0.055
       2.536	 -0.070
       2.540	 -0.160
       2.544	 -0.220
       2.548	 -0.285
       2.552	 -0.320
       2.556	 -0.370
       2.560	 -0.460
       2.564	 -0.550
       2.568	 -0.565
       2.572	 -0.550
       2.576	 -0.580
       2.580	 -0.645
       2.584	 -0.650
       2.588	 -0.625
       2.592	 -0.630
       2.596	 -0.665
       2.600	 -0.660
       2.604	 -0.610
       2.608	 -0.575
       2.612	 -0.560
       2.616	 -0.540
       2.620	 -0.480
       2.624	 -0.405
       2.628	 -0.360
       2.632	 -0.320
       2.636	 -0.220
       2.640	 -0.130
       2.644	 -0.065
       2.648	  0.000
       2.652	  0.085
       2.656	  0.175
       2.660	  0.235
       2.664	  0.280
       2.668	  0.370
       2.672	  0.475
       2.676	  0.550
       2.680	  0.580
       2.684	  0.665
       2.688	  0.765
       2.692	  0.820
       2.696	  0.845
       2.700	  0.895
       2.704	  0.970
       2.708	  1.005
       2.712	  1.030
       2.716	  1.035
       2.720	  1.055
       2.724	  1.055
       2.728	  1.035
       2.732	  0.990
       2.736	  0.970
       2.740	  0.935
       2.744	  0.875
       2.748	  0.820
       2.752	  0.830
       2.756	  0.830
       2.760	  0.775
       2.764	  0.680
       2.768	  0.620
       2.772	  0.590
       2.776	  0.525
       2.780	  0.420
       2.784	  0.335
       2.788	  0.260
       2.792	  0.150
       2.796	  0.000
       2.800	 -0.175
       2.804	 -0.305
       2.808	 -0.405
       2.812	 -0.475
       2.816	 -0.525
       2.820	 -0.550
       2.824	 -0.590
       2.828	 -0.660
       2.832	 -0.715
       2.836	 -0.720
       2.840	 -0.740
       2.844	 -0.785
       2.848	 -0.820
       2.852	 -0.800
       2.856	 -0.770
       2.860	 -0.755
       2.864	 -0.760
       2.868	 -0.720
       2.872	 -0.680
       2.876	 -0.665
       2.880	 -0.645
       2.884	 -0.585
       2.888	 -0.480
       2.892	 -0.425
       2.896	 -0.385
       2.900	 -0.315
       2.904	 -0.220
       2.908	 -0.130
       2.912	 -0.065
       2.916	  0.010
       2.920	  0.125
       2.924	  0.220
       2.928	  0.275
       2.932	  0.315
       2.936	  0.410
       2.940	  0.505
       2.944	  0.585
       2.948	  0.640
       2.952	  0.730
       2.956	  0.815
       2.960	  0.855
       2.964	  0.865
       2.968	  0.895
       2.972	  0.945
       2.976	  0.945
       2.980	  0.925
       2.984	  0.950
       2.988	  0.980
       2.992	  0.990
       2.996	  0.960
       3.000	  0.935
       3.004	  0.900
       3.008	  0.825
       3.012	  0.770
       3.016	  0.750
       3.020	  0.730
       3.024	  0.680
       3.028	  0.555
       3.032	  0.395
       3.036	  0.255
       3.040	  0.180
       3.044	  0.110
       3.048	  0.005
       3.052	 -0.105
       3.056	 -0.225
       3.060	 -0.325
       3.064	 -0.405
       3.068	 -0.430
       3.072	 -0.475
       3.076	 -0.550
       3.080	 -0.665
       3.084	 -0.705
       3.088	 -0.685
       3.092	 -0.710
       3.096	 -0.750
       3.100	 -0.760
       3.104	 -0.720
       3.108	 -0.710
       3.112	 -0.710
       3.116	 -0.715
       3.120	 -0.665
       3.124	 -0.620
       3.128	 -0.610
       3.132	 -0.600
       3.136	 -0.540
       3.140	 -0.490
       3.144	 -0.450
       3.148	 -0.420
       3.152	 -0.335
       3.156	 -0.250
       3.160	 -0.180
       3.164	 -0.135
       3.168	 -0.030
       3.172	  0.085
       3.176	  0.165
       3.180	  0.220
       3.184	  0.325
       3.188	  0.455
       3.192	  0.565
       3.196	  0.645
       3.200	  0.740
       3.204	  0.860
       3.208	  0.950
       3.212	  1.010
       3.216	  1.075
       3.220	  1.170
       3.224	  1.255
       3.228	  1.290
       3.232	  1.310
       3.236	  1.350
       3.240	  1.370
       3.244	  1.350
       3.248	  1.320
       3.252	  1.320
       3.256	  1.320
       3.260	  1.285
       3.264	  1.245
       3.268	  1.205
       3.272	  1.175
       3.276	  1.105
       3.280	  0.965
       3.284	  0.815
       3.288	  0.650
       3.292	  0.455
       3.296	  0.235
       3.300	  0.030
       3.304	 -0.125
       3.308	 -0.265
       3.312	 -0.385
       3.316	 -0.540
       3.320	 -0.615
       3.324	 -0.690
       3.328	 -0.775
       3.332	 -0.850
       3.336	 -0.880
       3.340	 -0.920
       3.344	 -0.980
       3.348	 -1.010
       3.352	 -0.960
       3.356	 -0.925
       3.360	 -0.905
       3.364	 -0.920
       3.368	 -0.880
       3.372	 -0.835
       3.376	 -0.820
       3.380	 -0.835
       3.384	 -0.795
       3.388	 -0.740
       3.392	 -0.710
       3.396	 -0.705
       3.400	 -0.650
       3.404	 -0.570
       3.408	 -0.505
       3.412	 -0.450
       3.416	 -0.400
       3.420	 -0.290
       3.424	 -0.175
       3.428	 -0.100
       3.432	 -0.040
       3.436	  0.080
       3.440	  0.190
       3.444	  0.275
       3.448	  0.365
       3.452	  0.505
       3.456	  0.635
       3.460	  0.740
       3.464	  0.835
       3.468	  0.925
       3.472	  1.030
       3.476	  1.120
       3.480	  1.175
       3.484	  1.270
       3.488	  1.375
       3.492	  1.435
       3.496	  1.430
       3.500	  1.395
       3.504	  1.385
       3.508	  1.335
       3.512	  1.285
       3.516	  1.210
       3.520	  1.130
       3.524	  0.995
       3.528	  0.835
       3.532	  0.660
       3.536	  0.520
       3.540	  0.360
       3.544	  0.180
       3.548	  0.010
       3.552	 -0.130
       3.556	 -0.270
       3.560	 -0.410
       3.564	 -0.560
       3.568	 -0.680
       3.572	 -0.795
       3.576	 -0.905
       3.580	 -1.010
       3.584	 -1.075
       3.588	 -1.065
       3.592	 -1.070
       3.596	 -1.085
       3.600	 -1.040
       3.604	 -0.975
       3.608	 -0.955
       3.612	 -0.970
       3.616	 -0.935
       3.620	 -0.840
       3.624	 -0.770
       3.628	 -0.720
       3.632	 -0.705
       3.636	 -0.660
       3.640	 -0.620
       3.644	 -0.590
       3.648	 -0.575
       3.652	 -0.500
       3.656	 -0.415
       3.660	 -0.360
       3.664	 -0.295
       3.668	 -0.225
       3.672	 -0.135
       3.676	 -0.060
       3.680	  0.010
       3.684	  0.110
       3.688	  0.240
       3.692	  0.350
       3.696	  0.445
       3.700	  0.555
       3.704	  0.705
       3.708	  0.835
       3.712	  0.945
       3.716	  1.065
       3.720	  1.220
       3.724	  1.345
       3.728	  1.430
       3.732	  1.480
       3.736	  1.580
       3.740	  1.660
       3.744	  1.715
       3.748	  1.740
       3.752	  1.770
       3.756	  1.760
       3.760	  1.695
       3.764	  1.605
       3.768	  1.540
       3.772	  1.460
       3.776	  1.315
       3.780	  1.140
       3.784	  0.985
       3.788	  0.850
       3.792	  0.705
       3.796	  0.495
       3.800	  0.300
       3.804	  0.130
       3.808	 -0.065
       3.812	 -0.335
       3.816	 -0.680
       3.820	 -0.950
       3.824	 -1.185
       3.828	 -1.395
       3.832	 -1.485
       3.836	 -1.480
       3.840	 -1.445
       3.844	 -1.385
       3.848	 -1.300
       3.852	 -1.160
       3.856	 -1.030
       3.860	 -0.970
       3.864	 -0.955
       3.868	 -0.920
       3.872	 -0.885
       3.876	 -0.865
       3.880	 -0.850
       3.884	 -0.800
       3.888	 -0.740
       3.892	 -0.715
       3.896	 -0.700
       3.900	 -0.635
       3.904	 -0.525
       3.908	 -0.440
       3.912	 -0.380
       3.916	 -0.315
       3.920	 -0.210
       3.924	 -0.110
       3.928	 -0.035
       3.932	  0.035
       3.936	  0.145
       3.940	  0.255
       3.944	  0.325
       3.948	  0.385
       3.952	  0.495
       3.956	  0.605
       3.960	  0.690
       3.964	  0.765
       3.968	  0.895
       3.972	  1.020
       3.976	  1.115
       3.980	  1.180
       3.984	  1.290
       3.988	  1.390
       3.992	  1.435
       3.996	  1.435
       4.000	  1.450
       4.004	  1.490
       4.008	  1.485
       4.012	  1.430
       4.016	  1.370
       4.020	  1.310
       4.024	  1.215
       4.028	  1.080
       4.032	  0.930
       4.036	  0.800
       4.040	  0.625
       4.044	  0.390
       4.048	  0.145
       4.052	 -0.085
       4.056	 -0.340
       4.060	 -0.595
       4.064	 -0.890
       4.068	 -1.155
       4.072	 -1.315
       4.076	 -1.425
       4.080	 -1.470
       4.084	 -1.415
       4.088	 -1.330
       4.092	 -1.300
       4.096	 -1.285
       4.100	 -1.230
       4.104	 -1.110
       4.108	 -1.000
       4.112	 -0.905
       4.116	 -0.805
       4.120	 -0.710
       4.124	 -0.650
       4.128	 -0.595
       4.132	 -0.545
       4.136	 -0.460
       4.140	 -0.395
       4.144	 -0.345
       4.148	 -0.305
       4.152	 -0.230
       4.156	 -0.185
       4.160	 -0.160
       4.164	 -0.145
       4.168	 -0.060
       4.172	  0.050
       4.176	  0.120
       4.180	  0.175
       4.184	  0.285
       4.188	  0.415
       4.192	  0.530
       4.196	  0.600
       4.200	  0.700
       4.204	  0.810
       4.208	  0.910
       4.212	  1.005
       4.216	  1.115
       4.220	  1.240
       4.224	  1.335
       4.228	  1.380
       4.232	  1.435
       4.236	  1.515
       4.240	  1.565
       4.244	  1.575
       4.248	  1.565
       4.252	  1.590
       4.256	  1.600
       4.260	  1.590
       4.264	  1.555
       4.268	  1.525
       4.272	  1.460
       4.276	  1.330
       4.280	  1.175
       4.284	  1.040
       4.288	  0.910
       4.292	  0.725
       4.296	  0.440
       4.300	  0.125
       4.304	 -0.170
       4.308	 -0.465
       4.312	 -0.800
       4.316	 -1.105
       4.320	 -1.310
       4.324	 -1.425
       4.328	 -1.460
       4.332	 -1.470
       4.336	 -1.430
       4.340	 -1.420
       4.344	 -1.410
       4.348	 -1.385
       4.352	 -1.315
       4.356	 -1.245
       4.360	 -1.180
       4.364	 -1.120
       4.368	 -0.990
       4.372	 -0.855
       4.376	 -0.775
       4.380	 -0.730
       4.384	 -0.640
       4.388	 -0.560
       4.392	 -0.505
       4.396	 -0.465
       4.400	 -0.395
       4.404	 -0.290
       4.408	 -0.215
       4.412	 -0.180
       4.416	 -0.125
       4.420	 -0.050
       4.424	  0.015
       4.428	  0.055
       4.432	  0.120
       4.436	  0.240
       4.440	  0.355
       4.444	  0.440
       4.448	  0.505
       4.452	  0.620
       4.456	  0.745
       4.460	  0.850
       4.464	  0.950
       4.468	  1.100
       4.472	  1.220
       4.476	  1.290
       4.480	  1.330
       4.484	  1.400
       4.488	  1.470
       4.492	  1.510
       4.496	  1.530
       4.500	  1.550
       4.504	  1.560
       4.508	  1.525
       4.512	  1.425
       4.516	  1.315
       4.520	  1.240
       4.524	  1.145
       4.528	  1.025
       4.532	  0.880
       4.536	  0.740
       4.540	  0.550
       4.544	  0.260
       4.548	 -0.110
       4.552	 -0.395
       4.556	 -0.660
       4.560	 -0.925
       4.564	 -1.180
       4.568	 -1.315
       4.572	 -1.345
       4.576	 -1.335
       4.580	 -1.330
       4.584	 -1.270
       4.588	 -1.180
       4.592	 -1.110
       4.596	 -1.095
       4.600	 -1.060
       4.604	 -1.030
       4.608	 -1.010
       4.612	 -0.980
       4.616	 -0.905
       4.620	 -0.835
       4.624	 -0.775
       4.628	 -0.710
       4.632	 -0.630
       4.636	 -0.520
       4.640	 -0.415
       4.644	 -0.335
       4.648	 -0.250
       4.652	 -0.125
       4.656	 -0.030
       4.660	  0.040
       4.664	  0.080
       4.668	  0.175
       4.672	  0.265
       4.676	  0.320
       4.680	  0.355
       4.684	  0.420
       4.688	  0.505
       4.692	  0.585
       4.696	  0.650
       4.700	  0.765
       4.704	  0.905
       4.708	  1.025
       4.712	  1.135
       4.716	  1.240
       4.720	  1.355
       4.724	  1.430
       4.728	  1.480
       4.732	  1.505
       4.736	  1.580
       4.740	  1.635
       4.744	  1.640
       4.748	  1.620
       4.752	  1.645
       4.756	  1.630
       4.760	  1.540
       4.764	  1.405
       4.768	  1.320
       4.772	  1.240
       4.776	  1.125
       4.780	  0.970
       4.784	  0.835
       4.788	  0.665
       4.792	  0.445
       4.796	  0.155
       4.800	 -0.145
       4.804	 -0.445
       4.808	 -0.765
       4.812	 -1.040
       4.816	 -1.180
       4.820	 -1.225
       4.824	 -1.265
       4.828	 -1.300
       4.832	 -1.335
       4.836	 -1.310
       4.840	 -1.270
       4.844	 -1.230
       4.848	 -1.200
       4.852	 -1.125
       4.856	 -1.055
       4.860	 -1.005
       4.864	 -0.975
       4.868	 -0.915
       4.872	 -0.850
       4.876	 -0.805
       4.880	 -0.780
       4.884	 -0.660
       4.888	 -0.515
       4.892	 -0.400
       4.896	 -0.305
       4.900	 -0.200
       4.904	 -0.105
       4.908	 -0.020
       4.912	  0.045
       4.916	  0.120
       4.920	  0.220
       4.924	  0.285
       4.928	  0.330
       4.932	  0.375
       4.936	  0.460
       4.940	  0.530
       4.944	  0.595
       4.948	  0.670
       4.952	  0.800
       4.956	  0.925
       4.960	  0.990
       4.964	  1.015
       4.968	  1.090
       4.972	  1.160
       4.976	  1.220
       4.980	  1.255
       4.984	  1.300
       4.988	  1.340
       4.992	  1.365
       4.996	  1.345
       5.000	  1.310
       5.004	  1.235
       5.008	  1.125
       5.012	  0.990
       5.016	  0.880
       5.020	  0.795
       5.024	  0.685
       5.028	  0.495
       5.032	  0.285
       5.036	  0.110
       5.040	 -0.100
       5.044	 -0.390
       5.048	 -0.695
       5.052	 -0.900
       5.056	 -1.065
       5.060	 -1.165
       5.064	 -1.240
       5.068	 -1.230
       5.072	 -1.210
       5.076	 -1.220
       5.080	 -1.230
       5.084	 -1.150
       5.088	 -1.060
       5.092	 -1.020
       5.096	 -1.005
       5.100	 -0.955
       5.104	 -0.860
       5.108	 -0.795
       5.112	 -0.740
       5.116	 -0.680
       5.120	 -0.610
       5.124	 -0.545
       5.128	 -0.450
       5.132	 -0.340
       5.136	 -0.190
       5.140	 -0.060
       5.144	  0.045
       5.148	  0.115
       5.152	  0.225
       5.156	  0.330
       5.160	  0.430
       5.164	  0.510
       5.168	  0.625
       5.172	  0.725
       5.176	  0.795
       5.180	  0.840
       5.184	  0.935
       5.188	  1.030
       5.192	  1.105
       5.196	  1.155
       5.200	  1.230
       5.204	  1.310
       5.208	  1.360
       5.212	  1.385
       5.216	  1.420
       5.220	  1.480
       5.224	  1.520
       5.228	  1.520
       5.232	  1.510
       5.236	  1.530
       5.240	  1.510
       5.244	  1.435
       5.248	  1.325
       5.252	  1.245
       5.256	  1.150
       5.260	  1.035
       5.264	  0.910
       5.268	  0.790
       5.272	  0.660
       5.276	  0.480
       5.280	  0.255
       5.284	  0.010
       5.288	 -0.280
       5.292	 -0.585
       5.296	 -0.900
       5.300	 -1.070
       5.304	 -1.140
       5.308	 -1.180
       5.312	 -1.220
       5.316	 -1.250
       5.320	 -1.285
       5.324	 -1.300
       5.328	 -1.315
       5.332	 -1.330
       5.336	 -1.275
       5.340	 -1.210
       5.344	 -1.150
       5.348	 -1.090
       5.352	 -1.000
       5.356	 -0.910
       5.360	 -0.850
       5.364	 -0.820
       5.368	 -0.735
       5.372	 -0.635
       5.376	 -0.550
       5.380	 -0.475
       5.384	 -0.330
       5.388	 -0.190
       5.392	 -0.080
       5.396	  0.000
       5.400	  0.100
       5.404	  0.225
       5.408	  0.340
       5.412	  0.425
       5.416	  0.530
       5.420	  0.660
       5.424	  0.780
       5.428	  0.890
       5.432	  0.995
       5.436	  1.125
       5.440	  1.240
       5.444	  1.275
       5.448	  1.300
       5.452	  1.400
       5.456	  1.480
       5.460	  1.525
       5.464	  1.545
       5.468	  1.560
       5.472	  1.525
       5.476	  1.450
       5.480	  1.355
       5.484	  1.305
       5.488	  1.255
       5.492	  1.145
       5.496	  1.005
       5.500	  0.885
       5.504	  0.770
       5.508	  0.630
       5.512	  0.455
       5.516	  0.275
       5.520	  0.120
       5.524	 -0.105
       5.528	 -0.385
       5.532	 -0.680
       5.536	 -0.940
       5.540	 -1.180
       5.544	 -1.300
       5.548	 -1.330
       5.552	 -1.300
       5.556	 -1.305
       5.560	 -1.325
       5.564	 -1.350
       5.568	 -1.330
       5.572	 -1.265
       5.576	 -1.185
       5.580	 -1.125
       5.584	 -1.040
       5.588	 -0.960
       5.592	 -0.915
       5.596	 -0.910
       5.600	 -0.860
       5.604	 -0.775
       5.608	 -0.685
       5.612	 -0.635
       5.616	 -0.565
       5.620	 -0.460
       5.624	 -0.355
       5.628	 -0.255
       5.632	 -0.160
       5.636	  0.010
       5.640	  0.170
       5.644	  0.280
       5.648	  0.365
       5.652	  0.495
       5.656	  0.620
       5.660	  0.710
       5.664	  0.785
       5.668	  0.920
       5.672	  1.075
       5.676	  1.205
       5.680	  1.320
       5.684	  1.465
       5.688	  1.595
       5.692	  1.650
       5.696	  1.660
       5.700	  1.690
       5.704	  1.745
       5.708	  1.750
       5.712	  1.680
       5.716	  1.595
       5.720	  1.530
       5.724	  1.455
       5.728	  1.370
       5.732	  1.280
       5.736	  1.215
       5.740	  1.120
       5.744	  1.015
       5.748	  0.895
       5.752	  0.795
       5.756	  0.630
       5.760	  0.415
       5.764	  0.165
       5.768	 -0.065
       5.772	 -0.290
       5.776	 -0.550
       5.780	 -0.800
       5.784	 -0.975
       5.788	 -1.060
       5.792	 -1.120
       5.796	 -1.205
       5.800	 -1.235
       5.804	 -1.255
       5.808	 -1.280
       5.812	 -1.310
       5.816	 -1.295
       5.820	 -1.250
       5.824	 -1.225
       5.828	 -1.210
       5.832	 -1.185
       5.836	 -1.125
       5.840	 -1.055
       5.844	 -0.995
       5.848	 -0.925
       5.852	 -0.790
       5.856	 -0.665
       5.860	 -0.570
       5.864	 -0.500
       5.868	 -0.400
       5.872	 -0.295
       5.876	 -0.210
       5.880	 -0.130
       5.884	  0.000
       5.888	  0.170
       5.892	  0.305
       5.896	  0.430
       5.900	  0.580
       5.904	  0.735
       5.908	  0.860
       5.912	  0.950
       5.916	  1.080
       5.920	  1.250
       5.924	  1.395
       5.928	  1.505
       5.932	  1.575
       5.936	  1.660
       5.940	  1.710
       5.944	  1.700
       5.948	  1.630
       5.952	  1.595
       5.956	  1.540
       5.960	  1.435
       5.964	  1.310
       5.968	  1.260
       5.972	  1.180
       5.976	  1.080
       5.980	  0.980
       5.984	  0.900
       5.988	  0.795
       5.992	  0.650
       5.996	  0.465
       6.000	  0.315
       6.004	  0.155
       6.008	 -0.050
       6.012	 -0.280
       6.016	 -0.500
       6.020	 -0.700
       6.024	 -0.885
       6.028	 -1.045
       6.032	 -1.125
       6.036	 -1.125
       6.040	 -1.135
       6.044	 -1.165
       6.048	 -1.165
       6.052	 -1.120
       6.056	 -1.060
       6.060	 -1.005
       6.064	 -0.950
       6.068	 -0.855
       6.072	 -0.820
       6.076	 -0.835
       6.080	 -0.870
       6.084	 -0.855
       6.088	 -0.790
       6.092	 -0.700
       6.096	 -0.625
       6.100	 -0.530
       6.104	 -0.420
       6.108	 -0.335
       6.112	 -0.280
       6.116	 -0.200
       6.120	 -0.080
       6.124	  0.035
       6.128	  0.135
       6.132	  0.230
       6.136	  0.390
       6.140	  0.540
       6.144	  0.695
       6.148	  0.825
       6.152	  0.990
       6.156	  1.140
       6.160	  1.275
       6.164	  1.370
       6.168	  1.505
       6.172	  1.615
       6.176	  1.670
       6.180	  1.655
       6.184	  1.650
       6.188	  1.630
       6.192	  1.575
       6.196	  1.475
       6.200	  1.380
       6.204	  1.275
       6.208	  1.135
       6.212	  1.010
       6.216	  0.950
       6.220	  0.930
       6.224	  0.865
       6.228	  0.740
       6.232	  0.605
       6.236	  0.485
       6.240	  0.355
       6.244	  0.170
       6.248	 -0.045
       6.252	 -0.205
       6.256	 -0.365
       6.260	 -0.560
       6.264	 -0.730
       6.268	 -0.815
       6.272	 -0.875
       6.276	 -0.925
       6.280	 -0.990
       6.284	 -1.005
       6.288	 -1.000
       6.292	 -0.990
       6.296	 -0.985
       6.300	 -0.950
       6.304	 -0.905
       6.308	 -0.895
       6.312	 -0.905
       6.316	 -0.885
       6.320	 -0.835
       6.324	 -0.805
       6.328	 -0.785
       6.332	 -0.735
       6.336	 -0.630
       6.340	 -0.530
       6.344	 -0.440
       6.348	 -0.360
       6.352	 -0.245
       6.356	 -0.130
       6.360	 -0.030
       6.364	  0.055
       6.368	  0.185
       6.372	  0.320
       6.376	  0.420
       6.380	  0.510
       6.384	  0.645
       6.388	  0.810
       6.392	  0.960
       6.396	  1.105
       6.400	  1.285
       6.404	  1.455
       6.408	  1.540
       6.412	  1.545
       6.416	  1.550
       6.420	  1.575
       6.424	  1.570
       6.428	  1.530
       6.432	  1.480
       6.436	  1.435
       6.440	  1.380
       6.444	  1.295
       6.448	  1.215
       6.452	  1.170
       6.456	  1.105
       6.460	  1.010
       6.464	  0.900
       6.468	  0.825
       6.472	  0.745
       6.476	  0.600
       6.480	  0.420
       6.484	  0.275
       6.488	  0.135
       6.492	 -0.050
       6.496	 -0.245
       6.500	 -0.410
       6.504	 -0.540
       6.508	 -0.660
       6.512	 -0.770
       6.516	 -0.840
       6.520	 -0.835
       6.524	 -0.820
       6.528	 -0.800
       6.532	 -0.785
       6.536	 -0.730
       6.540	 -0.675
       6.544	 -0.635
       6.548	 -0.585
       6.552	 -0.495
       6.556	 -0.430
       6.560	 -0.425
       6.564	 -0.460
       6.568	 -0.435
       6.572	 -0.410
       6.576	 -0.400
       6.580	 -0.385
       6.584	 -0.315
       6.588	 -0.240
       6.592	 -0.160
       6.596	 -0.080
       6.600	  0.055
       6.604	  0.180
       6.608	  0.265
       6.612	  0.330
       6.616	  0.445
       6.620	  0.580
       6.624	  0.690
       6.628	  0.790
       6.632	  0.920
       6.636	  1.085
       6.640	  1.250
       6.644	  1.370
       6.648	  1.480
       6.652	  1.595
       6.656	  1.630
       6.660	  1.610
       6.664	  1.555
       6.668	  1.540
       6.672	  1.525
       6.676	  1.475
       6.680	  1.405
       6.684	  1.400
       6.688	  1.375
       6.692	  1.320
       6.696	  1.230
       6.700	  1.130
       6.704	  1.030
       6.708	  0.890
       6.712	  0.750
       6.716	  0.610
       6.720	  0.480
       6.724	  0.320
       6.728	  0.105
       6.732	 -0.100
       6.736	 -0.210
       6.740	 -0.305
       6.744	 -0.405
       6.748	 -0.510
       6.752	 -0.550
       6.756	 -0.575
       6.760	 -0.610
       6.764	 -0.650
       6.768	 -0.640
       6.772	 -0.630
       6.776	 -0.635
       6.780	 -0.650
       6.784	 -0.625
       6.788	 -0.600
       6.792	 -0.595
       6.796	 -0.605
       6.800	 -0.570
       6.804	 -0.525
       6.808	 -0.495
       6.812	 -0.485
       6.816	 -0.450
       6.820	 -0.385
       6.824	 -0.335
       6.828	 -0.300
       6.832	 -0.235
       6.836	 -0.120
       6.840	  0.005
       6.844	  0.105
       6.848	  0.200
       6.852	  0.340
       6.856	  0.470
       6.860	  0.575
       6.864	  0.670
       6.868	  0.810
       6.872	  0.950
       6.876	  1.065
       6.880	  1.145
       6.884	  1.260
       6.888	  1.355
       6.892	  1.365
       6.896	  1.335
       6.900	  1.315
       6.904	  1.280
       6.908	  1.205
       6.912	  1.110
       6.916	  1.055
       6.920	  1.030
       6.924	  0.980
       6.928	  0.915
       6.932	  0.820
       6.936	  0.740
       6.940	  0.630
       6.944	  0.495
       6.948	  0.355
       6.952	  0.260
       6.956	  0.140
       6.960	 -0.025
       6.964	 -0.205
       6.968	 -0.365
       6.972	 -0.520
       6.976	 -0.650
       6.980	 -0.770
       6.984	 -0.820
       6.988	 -0.840
       6.992	 -0.880
       6.996	 -0.925
       7.000	 -0.920
       7.004	 -0.895
       7.008	 -0.880
       7.012	 -0.900
       7.016	 -0.890
       7.020	 -0.855
       7.024	 -0.840
       7.028	 -0.860
       7.032	 -0.850
       7.036	 -0.815
       7.040	 -0.795
       7.044	 -0.800
       7.048	 -0.815
       7.052	 -0.785
       7.056	 -0.770
       7.060	 -0.750
       7.064	 -0.710
       7.068	 -0.605
       7.072	 -0.515
       7.076	 -0.445
       7.080	 -0.365
       7.084	 -0.250
       7.088	 -0.095
       7.092	  0.075
       7.096	  0.220
       7.100	  0.390
       7.104	  0.545
       7.108	  0.665
       7.112	  0.740
       7.116	  0.830
       7.120	  0.955
       7.124	  1.025
       7.128	  1.040
       7.132	  1.055
       7.136	  1.095
       7.140	  1.120
       7.144	  1.100
       7.148	  1.045
       7.152	  1.020
       7.156	  0.980
       7.160	  0.900
       7.164	  0.810
       7.168	  0.750
       7.172	  0.675
       7.176	  0.580
       7.180	  0.445
       7.184	  0.365
       7.188	  0.260
       7.192	  0.105
       7.196	 -0.070
       7.200	 -0.195
       7.204	 -0.330
       7.208	 -0.470
       7.212	 -0.605
       7.216	 -0.690
       7.220	 -0.725
       7.224	 -0.760
       7.228	 -0.805
       7.232	 -0.815
       7.236	 -0.790
       7.240	 -0.765
       7.244	 -0.760
       7.248	 -0.765
       7.252	 -0.720
       7.256	 -0.685
       7.260	 -0.675
       7.264	 -0.670
       7.268	 -0.625
       7.272	 -0.575
       7.276	 -0.550
       7.280	 -0.535
       7.284	 -0.475
       7.288	 -0.415
       7.292	 -0.375
       7.296	 -0.345
       7.300	 -0.280
       7.304	 -0.200
       7.308	 -0.145
       7.312	 -0.110
       7.316	 -0.045
       7.320	  0.060
       7.324	  0.155
       7.328	  0.240
       7.332	  0.360
       7.336	  0.525
       7.340	  0.670
       7.344	  0.800
       7.348	  0.930
       7.352	  1.080
       7.356	  1.205
       7.360	  1.280
       7.364	  1.335
       7.368	  1.405
       7.372	  1.460
       7.376	  1.470
       7.380	  1.455
       7.384	  1.470
       7.388	  1.500
       7.392	  1.500
       7.396	  1.440
       7.400	  1.415
       7.404	  1.400
       7.408	  1.385
       7.412	  1.335
       7.416	  1.325
       7.420	  1.340
       7.424	  1.310
       7.428	  1.215
       7.432	  1.120
       7.436	  0.995
       7.440	  0.825
       7.444	  0.630
       7.448	  0.445
       7.452	  0.315
       7.456	  0.180
       7.460	  0.030
       7.464	 -0.125
       7.468	 -0.205
       7.472	 -0.285
       7.476	 -0.355
       7.480	 -0.410
       7.484	 -0.385
       7.488	 -0.335
       7.492	 -0.290
       7.496	 -0.270
       7.500	 -0.205
       7.504	 -0.115
       7.508	 -0.045
       7.512	  0.025
       7.516	  0.095
       7.520	  0.190
       7.524	  0.270
       7.528	  0.335
       7.532	  0.400
       7.536	  0.510
       7.540	  0.595
       7.544	  0.665
       7.548	  0.735
       7.552	  0.845
       7.556	  0.955
       7.560	  1.025
       7.564	  1.070
       7.568	  1.165
       7.572	  1.255
       7.576	  1.315
       7.580	  1.355
       7.584	  1.460
       7.588	  1.575
       7.592	  1.650
       7.596	  1.690
       7.600	  1.750
       7.604	  1.790
       7.608	  1.800
       7.612	  1.760
       7.616	  1.740
       7.620	  1.760
       7.624	  1.800
       7.628	  1.835
       7.632	  1.870
       7.636	  1.920
       7.640	  1.895
       7.644	  1.850
       7.648	  1.805
       7.652	  1.820
       7.656	  1.805
       7.660	  1.700
       7.664	  1.545
       7.668	  1.415
       7.672	  1.270
       7.676	  1.090
       7.680	  0.935
       7.684	  0.825
       7.688	  0.730
       7.692	  0.635
       7.696	  0.550
       7.700	  0.515
       7.704	  0.505
       7.708	  0.475
       7.712	  0.435
       7.716	  0.425
       7.720	  0.445
       7.724	  0.435
       7.728	  0.420
       7.732	  0.440
       7.736	  0.485
       7.740	  0.490
       7.744	  0.500
       7.748	  0.505
       7.752	  0.540
       7.756	  0.580
       7.760	  0.590
       7.764	  0.585
       7.768	  0.635
       7.772	  0.675
       7.776	  0.690
       7.780	  0.690
       7.784	  0.735
       7.788	  0.760
       7.792	  0.755
       7.796	  0.725
       7.800	  0.745
       7.804	  0.770
       7.808	  0.785
       7.812	  0.775
       7.816	  0.800
       7.820	  0.840
       7.824	  0.870
       7.828	  0.860
       7.832	  0.855
       7.836	  0.875
       7.840	  0.910
       7.844	  0.920
       7.848	  0.910
       7.852	  0.925
       7.856	  0.930
       7.860	  0.900
       7.864	  0.865
       7.868	  0.840
       7.872	  0.785
       7.876	  0.700
       7.880	  0.590
       7.884	  0.545
       7.888	  0.495
       7.892	  0.405
       7.896	  0.280
       7.900	  0.185
       7.904	  0.095
       7.908	 -0.050
       7.912	 -0.200
       7.916	 -0.305
       7.920	 -0.395
       7.924	 -0.495
       7.928	 -0.625
       7.932	 -0.720
       7.936	 -0.770
       7.940	 -0.835
       7.944	 -0.905
       7.948	 -0.950
       7.952	 -0.945
       7.956	 -0.945
       7.960	 -0.960
       7.964	 -0.975
       7.968	 -0.930
       7.972	 -0.890
       7.976	 -0.845
       7.980	 -0.830
       7.984	 -0.765
       7.988	 -0.705
       7.992	 -0.665
       7.996	 -0.655
       8.000	 -0.595
       8.004	 -0.525
       8.008	 -0.465
       8.012	 -0.425
       8.016	 -0.340
       8.020	 -0.240
       8.024	 -0.155
       8.028	 -0.100
       8.032	 -0.035
       8.036	  0.060
       8.040	  0.135
       8.044	  0.195
       8.048	  0.245
       8.052	  0.330
       8.056	  0.410
       8.060	  0.445
       8.064	  0.460
       8.068	  0.490
       8.072	  0.490
       8.076	  0.450
       8.080	  0.400
       8.084	  0.380
       8.088	  0.365
       8.092	  0.340
       8.096	  0.315
       8.100	  0.340
       8.104	  0.390
       8.108	  0.385
       8.112	  0.330
       8.116	  0.295
       8.120	  0.265
       8.124	  0.220
       8.128	  0.170
       8.132	  0.115
       8.136	  0.100
       8.140	  0.075
       8.144	  0.010
       8.148	 -0.080
       8.152	 -0.125
       8.156	 -0.165
       8.160	 -0.225
       8.164	 -0.290
       8.168	 -0.305
       8.172	 -0.320
       8.176	 -0.360
       8.180	 -0.430
       8.184	 -0.480
       8.188	 -0.530
       8.192	 -0.600
       8.196	 -0.680
       8.200	 -0.675
       8.204	 -0.655
       8.208	 -0.665
       8.212	 -0.690
       8.216	 -0.665
       8.220	 -0.625
       8.224	 -0.605
       8.228	 -0.605
       8.232	 -0.575
       8.236	 -0.500
       8.240	 -0.435
       8.244	 -0.375
       8.248	 -0.290
       8.252	 -0.160
       8.256	 -0.040
       8.260	  0.090
       8.264	  0.215
       8.268	  0.390
       8.272	  0.575
       8.276	  0.725
       8.280	  1.355
       8.284	  4.340
       8.288	  4.735
       8.292	  4.480
       8.296	  4.015
       8.300	  3.155
       8.304	  2.700
       8.308	  2.840
       8.312	  2.755
       8.316	  2.200
       8.320	  1.730
       8.324	  1.660
       8.328	  1.580
       8.332	  1.235
       8.336	  0.940
       8.340	  0.935
       8.344	  1.020
       8.348	  0.900
       8.352	  0.690
       8.356	  0.595
       8.360	  0.570
       8.364	  0.430
       8.368	  0.220
       8.372	  0.075
       8.376	  0.025
       8.380	 -0.100
       8.384	 -0.240
       8.388	 -0.340
       8.392	 -0.360
       8.396	 -0.410
       8.400	 -0.465
       8.404	 -0.505
       8.408	 -0.515
       8.412	 -0.535
       8.416	 -0.560
       8.420	 -0.565
       8.424	 -0.565
       8.428	 -0.580
       8.432	 -0.600
       8.436	 -0.575
       8.440	 -0.580
       8.444	 -0.620
       8.448	 -0.700
       8.452	 -0.740
       8.456	 -0.710
       8.460	 -0.650
       8.464	 -0.600
       8.468	 -0.515
       8.472	 -0.420
       8.476	 -0.335
       8.480	 -0.265
       8.484	 -0.160
       8.488	 -0.070
       8.492	  0.010
       8.496	  0.070
       8.500	  0.160
       8.504	  0.270
       8.508	  0.355
       8.512	  0.445
       8.516	  0.580
       8.520	  0.730
       8.524	  0.835
       8.528	  0.910
       8.532	  0.990
       8.536	  1.105
       8.540	  1.210
       8.544	  1.275
       8.548	  1.310
       8.552	  1.370
       8.556	  1.400
       8.560	  1.380
       8.564	  1.315
       8.568	  1.305
       8.572	  1.275
       8.576	  1.230
       8.580	  1.170
       8.584	  1.155
       8.588	  1.130
       8.592	  1.090
       8.596	  1.040
       8.600	  1.030
       8.604	  0.985
       8.608	  0.890
       8.612	  0.780
       8.616	  0.700
       8.620	  0.605
       8.624	  0.495
       8.628	  0.350
       8.632	  0.235
       8.636	  0.180
       8.640	  0.135
       8.644	  0.085
       8.648	  0.015
       8.652	 -0.040
       8.656	 -0.085
       8.660	 -0.140
       8.664	 -0.180
       8.668	 -0.185
       8.672	 -0.185
       8.676	 -0.210
       8.680	 -0.275
       8.684	 -0.270
       8.688	 -0.240
       8.692	 -0.210
       8.696	 -0.155
       8.700	 -0.065
       8.704	  0.060
       8.708	  0.150
       8.712	  0.215
       8.716	  0.315
       8.720	  0.430
       8.724	  0.525
       8.728	  0.600
       8.732	  0.710
       8.736	  0.835
       8.740	  0.930
       8.744	  0.985
       8.748	  1.040
       8.752	  1.130
       8.756	  1.205
       8.760	  1.270
       8.764	  1.330
       8.768	  1.440
       8.772	  1.535
       8.776	  1.585
       8.780	  1.580
       8.784	  1.615
       8.788	  1.630
       8.792	  1.610
       8.796	  1.555
       8.800	  1.520
       8.804	  1.500
       8.808	  1.460
       8.812	  1.385
       8.816	  1.340
       8.820	  1.285
       8.824	  1.235
       8.828	  1.170
       8.832	  1.135
       8.836	  1.125
       8.840	  1.110
       8.844	  1.065
       8.848	  1.000
       8.852	  0.970
       8.856	  0.905
       8.860	  0.805
       8.864	  0.710
       8.868	  0.670
       8.872	  0.630
       8.876	  0.565
       8.880	  0.500
       8.884	  0.485
       8.888	  0.450
       8.892	  0.395
       8.896	  0.305
       8.900	  0.230
       8.904	  0.155
       8.908	  0.060
       8.912	 -0.040
       8.916	 -0.080
       8.920	 -0.100
       8.924	 -0.145
