Elapsed_time	ECG
       0.000	  0.853
       0.004	  0.882
       0.008	  0.897
       0.012	  0.905
       0.016	  0.907
       0.020	  0.895
       0.024	  0.818
       0.028	  0.665
       0.032	  0.450
       0.036	  0.223
       0.040	 -0.010
       0.044	 -0.235
       0.048	 -0.455
       0.052	 -0.645
       0.056	 -0.807
       0.060	 -0.948
       0.064	 -1.060
       0.068	 -1.160
       0.072	 -1.252
       0.076	 -1.312
       0.080	 -1.325
       0.084	 -1.323
       0.088	 -1.280
       0.092	 -1.220
       0.096	 -1.160
       0.100	 -1.123
       0.104	 -1.100
       0.108	 -1.080
       0.112	 -1.048
       0.116	 -1.015
       0.120	 -0.953
       0.124	 -0.877
       0.128	 -0.797
       0.132	 -0.728
       0.136	 -0.657
       0.140	 -0.588
       0.144	 -0.502
       0.148	 -0.410
       0.152	 -0.318
       0.156	 -0.245
       0.160	 -0.195
       0.164	 -0.150
       0.168	 -0.107
       0.172	 -0.060
       0.176	 -0.020
       0.180	  0.025
       0.184	  0.045
       0.188	  0.065
       0.192	  0.083
       0.196	  0.110
       0.200	  0.147
       0.204	  0.203
       0.208	  0.268
       0.212	  0.340
       0.216	  0.425
       0.220	  0.530
       0.224	  0.645
       0.228	  0.755
       0.232	  0.840
       0.236	  0.920
       0.240	  0.980
       0.244	  1.012
       0.248	  1.022
       0.252	  1.018
       0.256	  0.998
       0.260	  0.958
       0.264	  0.920
       0.268	  0.892
       0.272	  0.880
       0.276	  0.873
       0.280	  0.873
       0.284	  0.865
       0.288	  0.845
       0.292	  0.805
       0.296	  0.750
       0.300	  0.685
       0.304	  0.635
       0.308	  0.598
       0.312	  0.573
       0.316	  0.542
       0.320	  0.500
       0.324	  0.448
       0.328	  0.403
       0.332	  0.365
       0.336	  0.343
       0.340	  0.330
       0.344	  0.312
       0.348	  0.285
       0.352	  0.253
       0.356	  0.200
       0.360	  0.140
       0.364	  0.092
       0.368	  0.065
       0.372	  0.050
       0.376	  0.045
       0.380	  0.045
       0.384	  0.028
       0.388	 -0.010
       0.392	 -0.037
       0.396	 -0.068
       0.400	 -0.100
       0.404	 -0.120
       0.408	 -0.140
       0.412	 -0.147
       0.416	 -0.160
       0.420	 -0.163
       0.424	 -0.165
       0.428	 -0.168
       0.432	 -0.175
       0.436	 -0.172
       0.440	 -0.180
       0.444	 -0.188
       0.448	 -0.205
       0.452	 -0.228
       0.456	 -0.245
       0.460	 -0.255
       0.464	 -0.263
       0.468	 -0.255
       0.472	 -0.237
       0.476	 -0.225
       0.480	 -0.220
       0.484	 -0.228
       0.488	 -0.240
       0.492	 -0.247
       0.496	 -0.247
       0.500	 -0.253
       0.504	 -0.255
       0.508	 -0.253
       0.512	 -0.240
       0.516	 -0.223
       0.520	 -0.195
       0.524	 -0.177
       0.528	 -0.168
       0.532	 -0.172
       0.536	 -0.188
       0.540	 -0.220
       0.544	 -0.245
       0.548	 -0.265
       0.552	 -0.265
       0.556	 -0.253
       0.560	 -0.245
       0.564	 -0.237
       0.568	 -0.230
       0.572	 -0.217
       0.576	 -0.207
       0.580	 -0.200
       0.584	 -0.200
       0.588	 -0.193
       0.592	 -0.182
       0.596	 -0.168
       0.600	 -0.163
       0.604	 -0.160
       0.608	 -0.163
       0.612	 -0.170
       0.616	 -0.180
       0.620	 -0.180
       0.624	 -0.175
       0.628	 -0.163
       0.632	 -0.155
       0.636	 -0.142
       0.640	 -0.133
       0.644	 -0.130
       0.648	 -0.128
       0.652	 -0.122
       0.656	 -0.117
       0.660	 -0.113
       0.664	 -0.110
       0.668	 -0.098
       0.672	 -0.090
       0.676	 -0.087
       0.680	 -0.083
       0.684	 -0.080
       0.688	 -0.077
       0.692	 -0.075
       0.696	 -0.072
       0.700	 -0.072
       0.704	 -0.072
       0.708	 -0.072
       0.712	 -0.065
       0.716	 -0.065
       0.720	 -0.060
       0.724	 -0.052
       0.728	 -0.048
       0.732	 -0.048
       0.736	 -0.045
       0.740	 -0.043
       0.744	 -0.037
       0.748	 -0.037
       0.752	 -0.037
       0.756	 -0.037
       0.760	 -0.043
       0.764	 -0.050
       0.768	 -0.052
       0.772	 -0.055
       0.776	 -0.060
       0.780	 -0.065
       0.784	 -0.072
       0.788	 -0.072
       0.792	 -0.080
       0.796	 -0.077
       0.800	 -0.083
       0.804	 -0.080
       0.808	 -0.083
       0.812	 -0.085
       0.816	 -0.092
       0.820	 -0.098
       0.824	 -0.105
       0.828	 -0.107
       0.832	 -0.115
       0.836	 -0.117
       0.840	 -0.117
       0.844	 -0.122
       0.848	 -0.130
       0.852	 -0.133
       0.856	 -0.138
       0.860	 -0.140
       0.864	 -0.147
       0.868	 -0.150
       0.872	 -0.152
       0.876	 -0.165
       0.880	 -0.172
       0.884	 -0.177
       0.888	 -0.180
       0.892	 -0.175
       0.896	 -0.168
       0.900	 -0.163
       0.904	 -0.155
       0.908	 -0.155
       0.912	 -0.150
       0.916	 -0.145
       0.920	 -0.138
       0.924	 -0.120
       0.928	 -0.087
       0.932	 -0.040
       0.936	  0.022
       0.940	  0.090
       0.944	  0.152
       0.948	  0.210
       0.952	  0.275
       0.956	  0.350
       0.960	  0.435
       0.964	  0.532
       0.968	  0.637
       0.972	  0.733
       0.976	  0.795
       0.980	  0.802
       0.984	  0.723
       0.988	  0.552
       0.992	  0.295
       0.996	  0.003
       1.000	 -0.295
       1.004	 -0.537
       1.008	 -0.718
       1.012	 -0.843
       1.016	 -0.910
       1.020	 -0.927
       1.024	 -0.907
       1.028	 -0.850
       1.032	 -0.785
       1.036	 -0.708
       1.040	 -0.647
       1.044	 -0.598
       1.048	 -0.562
       1.052	 -0.530
       1.056	 -0.507
       1.060	 -0.492
       1.064	 -0.487
       1.068	 -0.485
       1.072	 -0.480
       1.076	 -0.475
       1.080	 -0.463
       1.084	 -0.435
       1.088	 -0.388
       1.092	 -0.318
       1.096	 -0.223
       1.100	 -0.115
       1.104	  0.022
       1.108	  0.168
       1.112	  0.312
       1.116	  0.440
       1.120	  0.547
       1.124	  0.635
       1.128	  0.703
       1.132	  0.750
       1.136	  0.790
       1.140	  0.810
       1.144	  0.823
       1.148	  0.823
       1.152	  0.818
       1.156	  0.815
       1.160	  0.815
       1.164	  0.815
       1.168	  0.823
       1.172	  0.825
       1.176	  0.820
       1.180	  0.810
       1.184	  0.795
       1.188	  0.785
       1.192	  0.770
       1.196	  0.762
       1.200	  0.752
       1.204	  0.748
       1.208	  0.740
       1.212	  0.735
       1.216	  0.725
       1.220	  0.723
       1.224	  0.713
       1.228	  0.710
       1.232	  0.703
       1.236	  0.698
       1.240	  0.690
       1.244	  0.680
       1.248	  0.665
       1.252	  0.650
       1.256	  0.632
       1.260	  0.610
       1.264	  0.583
       1.268	  0.555
       1.272	  0.532
       1.276	  0.510
       1.280	  0.490
       1.284	  0.472
       1.288	  0.450
       1.292	  0.422
       1.296	  0.390
       1.300	  0.350
       1.304	  0.312
       1.308	  0.280
       1.312	  0.253
       1.316	  0.237
       1.320	  0.237
       1.324	  0.245
       1.328	  0.260
       1.332	  0.275
       1.336	  0.290
       1.340	  0.312
       1.344	  0.345
       1.348	  0.388
       1.352	  0.438
       1.356	  0.495
       1.360	  0.552
       1.364	  0.600
       1.368	  0.637
       1.372	  0.650
       1.376	  0.610
       1.380	  0.502
       1.384	  0.335
       1.388	  0.135
       1.392	 -0.068
       1.396	 -0.237
       1.400	 -0.388
       1.404	 -0.510
       1.408	 -0.620
       1.412	 -0.710
       1.416	 -0.795
       1.420	 -0.873
       1.424	 -0.950
       1.428	 -1.025
       1.432	 -1.105
       1.436	 -1.175
       1.440	 -1.235
       1.444	 -1.270
       1.448	 -1.278
       1.452	 -1.255
       1.456	 -1.220
       1.460	 -1.180
       1.464	 -1.135
       1.468	 -1.075
       1.472	 -1.008
       1.476	 -0.940
       1.480	 -0.868
       1.484	 -0.792
       1.488	 -0.718
       1.492	 -0.642
       1.496	 -0.565
       1.500	 -0.487
       1.504	 -0.407
       1.508	 -0.325
       1.512	 -0.235
       1.516	 -0.152
       1.520	 -0.058
       1.524	  0.043
       1.528	  0.130
       1.532	  0.215
       1.536	  0.297
       1.540	  0.372
       1.544	  0.438
       1.548	  0.487
       1.552	  0.532
       1.556	  0.570
       1.560	  0.605
       1.564	  0.627
       1.568	  0.650
       1.572	  0.677
       1.576	  0.703
       1.580	  0.725
       1.584	  0.748
       1.588	  0.770
       1.592	  0.785
       1.596	  0.805
       1.600	  0.810
       1.604	  0.818
       1.608	  0.835
       1.612	  0.858
       1.616	  0.875
       1.620	  0.900
       1.624	  0.917
       1.628	  0.935
       1.632	  0.953
       1.636	  0.975
       1.640	  0.995
       1.644	  1.012
       1.648	  1.022
       1.652	  1.032
       1.656	  1.040
       1.660	  1.040
       1.664	  1.025
       1.668	  0.988
       1.672	  0.925
       1.676	  0.823
       1.680	  0.685
       1.684	  0.515
       1.688	  0.340
       1.692	  0.170
       1.696	  0.025
       1.700	 -0.102
       1.704	 -0.200
       1.708	 -0.302
       1.712	 -0.425
       1.716	 -0.570
       1.720	 -0.718
       1.724	 -0.855
       1.728	 -0.970
       1.732	 -1.062
       1.736	 -1.115
       1.740	 -1.150
       1.744	 -1.175
       1.748	 -1.185
       1.752	 -1.173
       1.756	 -1.140
       1.760	 -1.100
       1.764	 -1.062
       1.768	 -1.018
       1.772	 -0.968
       1.776	 -0.917
       1.780	 -0.840
       1.784	 -0.760
       1.788	 -0.682
       1.792	 -0.610
       1.796	 -0.537
       1.800	 -0.480
       1.804	 -0.417
       1.808	 -0.365
       1.812	 -0.312
       1.816	 -0.265
       1.820	 -0.207
       1.824	 -0.147
       1.828	 -0.068
       1.832	  0.003
       1.836	  0.087
       1.840	  0.170
       1.844	  0.255
       1.848	  0.330
       1.852	  0.398
       1.856	  0.458
       1.860	  0.507
       1.864	  0.552
       1.868	  0.595
       1.872	  0.637
       1.876	  0.682
       1.880	  0.733
       1.884	  0.777
       1.888	  0.828
       1.892	  0.873
       1.896	  0.920
       1.900	  0.963
       1.904	  1.010
       1.908	  1.052
       1.912	  1.093
       1.916	  1.123
       1.920	  1.160
       1.924	  1.195
       1.928	  1.222
       1.932	  1.238
       1.936	  1.242
       1.940	  1.222
       1.944	  1.198
       1.948	  1.163
       1.952	  1.130
       1.956	  1.100
       1.960	  1.070
       1.964	  1.040
       1.968	  1.002
       1.972	  0.965
       1.976	  0.920
       1.980	  0.865
       1.984	  0.805
       1.988	  0.723
       1.992	  0.590
       1.996	  0.403
       2.000	  0.165
       2.004	 -0.083
       2.008	 -0.310
       2.012	 -0.500
       2.016	 -0.672
       2.020	 -0.823
       2.024	 -0.955
       2.028	 -1.060
       2.032	 -1.145
       2.036	 -1.205
       2.040	 -1.242
       2.044	 -1.258
       2.048	 -1.268
       2.052	 -1.262
       2.056	 -1.250
       2.060	 -1.228
       2.064	 -1.198
       2.068	 -1.160
       2.072	 -1.115
       2.076	 -1.077
       2.080	 -1.042
       2.084	 -1.012
       2.088	 -0.980
       2.092	 -0.950
       2.096	 -0.905
       2.100	 -0.850
       2.104	 -0.785
       2.108	 -0.710
       2.112	 -0.635
       2.116	 -0.573
       2.120	 -0.512
       2.124	 -0.460
       2.128	 -0.410
       2.132	 -0.367
       2.136	 -0.325
       2.140	 -0.282
       2.144	 -0.242
       2.148	 -0.195
       2.152	 -0.130
       2.156	 -0.050
       2.160	  0.043
       2.164	  0.135
       2.168	  0.233
       2.172	  0.328
       2.176	  0.417
       2.180	  0.507
       2.184	  0.598
       2.188	  0.695
       2.192	  0.782
       2.196	  0.865
       2.200	  0.930
       2.204	  0.988
       2.208	  1.035
       2.212	  1.077
       2.216	  1.107
       2.220	  1.125
       2.224	  1.125
       2.228	  1.117
       2.232	  1.103
       2.236	  1.093
       2.240	  1.077
       2.244	  1.065
       2.248	  1.038
       2.252	  1.005
       2.256	  0.978
       2.260	  0.960
       2.264	  0.953
       2.268	  0.958
       2.272	  0.960
       2.276	  0.953
       2.280	  0.910
       2.284	  0.815
       2.288	  0.665
       2.292	  0.485
       2.296	  0.297
       2.300	  0.122
       2.304	 -0.028
       2.308	 -0.150
       2.312	 -0.253
       2.316	 -0.350
       2.320	 -0.440
       2.324	 -0.520
       2.328	 -0.590
       2.332	 -0.652
       2.336	 -0.698
       2.340	 -0.735
       2.344	 -0.772
       2.348	 -0.815
       2.352	 -0.848
       2.356	 -0.873
       2.360	 -0.890
       2.364	 -0.902
       2.368	 -0.907
       2.372	 -0.915
       2.376	 -0.922
       2.380	 -0.927
       2.384	 -0.925
       2.388	 -0.897
       2.392	 -0.860
       2.396	 -0.802
       2.400	 -0.740
       2.404	 -0.665
       2.408	 -0.583
       2.412	 -0.495
       2.416	 -0.417
       2.420	 -0.343
       2.424	 -0.273
       2.428	 -0.195
       2.432	 -0.125
       2.436	 -0.050
       2.440	  0.020
       2.444	  0.080
       2.448	  0.133
       2.452	  0.195
       2.456	  0.268
       2.460	  0.343
       2.464	  0.412
       2.468	  0.487
       2.472	  0.560
       2.476	  0.635
       2.480	  0.705
       2.484	  0.772
       2.488	  0.830
       2.492	  0.868
       2.496	  0.892
       2.500	  0.912
       2.504	  0.935
       2.508	  0.958
       2.512	  0.965
       2.516	  0.963
       2.520	  0.960
       2.524	  0.958
       2.528	  0.950
       2.532	  0.945
       2.536	  0.935
       2.540	  0.910
       2.544	  0.858
       2.548	  0.772
       2.552	  0.657
       2.556	  0.512
       2.560	  0.352
       2.564	  0.170
       2.568	 -0.022
       2.572	 -0.207
       2.576	 -0.375
       2.580	 -0.527
       2.584	 -0.635
       2.588	 -0.715
       2.592	 -0.792
       2.596	 -0.848
       2.600	 -0.895
       2.604	 -0.935
       2.608	 -0.963
       2.612	 -0.970
       2.616	 -0.978
       2.620	 -0.965
       2.624	 -0.958
       2.628	 -0.943
       2.632	 -0.940
       2.636	 -0.927
       2.640	 -0.912
       2.644	 -0.887
       2.648	 -0.863
       2.652	 -0.830
       2.656	 -0.792
       2.660	 -0.740
       2.664	 -0.682
       2.668	 -0.613
       2.672	 -0.542
       2.676	 -0.472
       2.680	 -0.407
       2.684	 -0.338
       2.688	 -0.275
       2.692	 -0.215
       2.696	 -0.152
       2.700	 -0.083
       2.704	 -0.013
       2.708	  0.058
       2.712	  0.122
       2.716	  0.180
       2.720	  0.237
       2.724	  0.290
       2.728	  0.345
       2.732	  0.390
       2.736	  0.438
       2.740	  0.477
       2.744	  0.507
       2.748	  0.545
       2.752	  0.598
       2.756	  0.657
       2.760	  0.720
       2.764	  0.777
       2.768	  0.835
       2.772	  0.882
       2.776	  0.920
       2.780	  0.943
       2.784	  0.955
       2.788	  0.963
       2.792	  0.973
       2.796	  0.973
       2.800	  0.950
       2.804	  0.900
       2.808	  0.828
       2.812	  0.733
       2.816	  0.598
       2.820	  0.450
       2.824	  0.280
       2.828	  0.138
       2.832	  0.022
       2.836	 -0.102
       2.840	 -0.215
       2.844	 -0.312
       2.848	 -0.417
       2.852	 -0.470
       2.856	 -0.507
       2.860	 -0.530
       2.864	 -0.555
       2.868	 -0.568
       2.872	 -0.568
       2.876	 -0.560
       2.880	 -0.547
       2.884	 -0.530
       2.888	 -0.517
       2.892	 -0.510
       2.896	 -0.500
       2.900	 -0.482
       2.904	 -0.472
       2.908	 -0.475
       2.912	 -0.470
       2.916	 -0.460
       2.920	 -0.425
       2.924	 -0.380
       2.928	 -0.330
       2.932	 -0.282
       2.936	 -0.235
       2.940	 -0.203
       2.944	 -0.182
       2.948	 -0.175
       2.952	 -0.150
       2.956	 -0.110
       2.960	 -0.065
       2.964	 -0.022
       2.968	  0.022
       2.972	  0.062
       2.976	  0.102
       2.980	  0.140
       2.984	  0.177
       2.988	  0.217
       2.992	  0.260
       2.996	  0.305
       3.000	  0.347
       3.004	  0.385
       3.008	  0.415
       3.012	  0.445
       3.016	  0.468
       3.020	  0.487
       3.024	  0.495
       3.028	  0.502
       3.032	  0.510
       3.036	  0.537
       3.040	  0.583
       3.044	  0.642
       3.048	  0.698
       3.052	  0.748
       3.056	  0.777
       3.060	  0.785
       3.064	  0.755
       3.068	  0.685
       3.072	  0.578
       3.076	  0.463
       3.080	  0.347
       3.084	  0.245
       3.088	  0.152
       3.092	  0.062
       3.096	 -0.028
       3.100	 -0.113
       3.104	 -0.190
       3.108	 -0.255
       3.112	 -0.310
       3.116	 -0.347
       3.120	 -0.360
       3.124	 -0.360
       3.128	 -0.357
       3.132	 -0.360
       3.136	 -0.365
       3.140	 -0.367
       3.144	 -0.365
       3.148	 -0.357
       3.152	 -0.345
       3.156	 -0.335
       3.160	 -0.328
       3.164	 -0.325
       3.168	 -0.320
       3.172	 -0.320
       3.176	 -0.323
       3.180	 -0.330
       3.184	 -0.335
       3.188	 -0.328
       3.192	 -0.318
       3.196	 -0.292
       3.200	 -0.265
       3.204	 -0.230
       3.208	 -0.207
       3.212	 -0.188
       3.216	 -0.175
       3.220	 -0.152
       3.224	 -0.125
       3.228	 -0.095
       3.232	 -0.070
       3.236	 -0.035
       3.240	  0.010
       3.244	  0.058
       3.248	  0.098
       3.252	  0.147
       3.256	  0.190
       3.260	  0.223
       3.264	  0.250
       3.268	  0.280
       3.272	  0.307
       3.276	  0.338
       3.280	  0.360
       3.284	  0.367
       3.288	  0.352
       3.292	  0.312
       3.296	  0.265
       3.300	  0.215
       3.304	  0.170
       3.308	  0.142
       3.312	  0.140
       3.316	  0.172
       3.320	  0.242
       3.324	  0.310
       3.328	  0.357
       3.332	  0.372
       3.336	  0.352
       3.340	  0.295
       3.344	  0.207
       3.348	  0.092
       3.352	 -0.037
       3.356	 -0.160
       3.360	 -0.263
       3.364	 -0.350
       3.368	 -0.420
       3.372	 -0.477
       3.376	 -0.522
       3.380	 -0.562
       3.384	 -0.583
       3.388	 -0.583
       3.392	 -0.570
       3.396	 -0.550
       3.400	 -0.527
       3.404	 -0.507
       3.408	 -0.487
       3.412	 -0.470
       3.416	 -0.455
       3.420	 -0.425
       3.424	 -0.400
       3.428	 -0.372
       3.432	 -0.352
       3.436	 -0.335
       3.440	 -0.325
       3.444	 -0.312
       3.448	 -0.307
       3.452	 -0.297
       3.456	 -0.285
       3.460	 -0.263
       3.464	 -0.240
       3.468	 -0.210
       3.472	 -0.180
       3.476	 -0.150
       3.480	 -0.120
       3.484	 -0.080
       3.488	 -0.037
       3.492	  0.015
       3.496	  0.068
       3.500	  0.128
       3.504	  0.190
       3.508	  0.247
       3.512	  0.302
       3.516	  0.345
       3.520	  0.383
       3.524	  0.415
       3.528	  0.443
       3.532	  0.465
       3.536	  0.487
       3.540	  0.512
       3.544	  0.537
       3.548	  0.557
       3.552	  0.575
       3.556	  0.590
       3.560	  0.605
       3.564	  0.610
       3.568	  0.613
       3.572	  0.610
       3.576	  0.598
       3.580	  0.580
       3.584	  0.573
       3.588	  0.575
       3.592	  0.583
       3.596	  0.605
       3.600	  0.620
       3.604	  0.627
       3.608	  0.613
       3.612	  0.578
       3.616	  0.505
       3.620	  0.403
       3.624	  0.285
       3.628	  0.177
       3.632	  0.070
       3.636	 -0.020
       3.640	 -0.098
       3.644	 -0.175
       3.648	 -0.258
       3.652	 -0.335
       3.656	 -0.425
       3.660	 -0.502
       3.664	 -0.575
       3.668	 -0.630
       3.672	 -0.667
       3.676	 -0.695
       3.680	 -0.715
       3.684	 -0.718
       3.688	 -0.713
       3.692	 -0.703
       3.696	 -0.698
       3.700	 -0.695
       3.704	 -0.688
       3.708	 -0.680
       3.712	 -0.655
       3.716	 -0.620
       3.720	 -0.580
       3.724	 -0.535
       3.728	 -0.477
       3.732	 -0.415
       3.736	 -0.347
       3.740	 -0.280
       3.744	 -0.223
       3.748	 -0.177
       3.752	 -0.128
       3.756	 -0.087
       3.760	 -0.043
       3.764	  0.010
       3.768	  0.065
       3.772	  0.120
       3.776	  0.193
       3.780	  0.268
       3.784	  0.338
       3.788	  0.410
       3.792	  0.465
       3.796	  0.505
       3.800	  0.537
       3.804	  0.565
       3.808	  0.583
       3.812	  0.605
       3.816	  0.625
       3.820	  0.645
       3.824	  0.675
       3.828	  0.708
       3.832	  0.725
       3.836	  0.748
       3.840	  0.752
       3.844	  0.748
       3.848	  0.730
       3.852	  0.698
       3.856	  0.642
       3.860	  0.573
       3.864	  0.492
       3.868	  0.417
       3.872	  0.320
       3.876	  0.210
       3.880	  0.085
       3.884	 -0.043
       3.888	 -0.158
       3.892	 -0.260
       3.896	 -0.343
       3.900	 -0.400
       3.904	 -0.440
       3.908	 -0.470
       3.912	 -0.492
       3.916	 -0.520
       3.920	 -0.537
       3.924	 -0.537
       3.928	 -0.517
       3.932	 -0.487
       3.936	 -0.453
       3.940	 -0.415
       3.944	 -0.375
       3.948	 -0.338
       3.952	 -0.297
       3.956	 -0.247
       3.960	 -0.195
       3.964	 -0.147
       3.968	 -0.095
       3.972	 -0.050
       3.976	 -0.007
       3.980	  0.035
       3.984	  0.080
       3.988	  0.133
       3.992	  0.180
       3.996	  0.230
       4.000	  0.273
       4.004	  0.307
       4.008	  0.333
       4.012	  0.357
       4.016	  0.383
       4.020	  0.417
       4.024	  0.448
       4.028	  0.482
       4.032	  0.505
       4.036	  0.527
       4.040	  0.540
       4.044	  0.552
       4.048	  0.562
       4.052	  0.583
       4.056	  0.598
       4.060	  0.613
       4.064	  0.627
       4.068	  0.642
       4.072	  0.657
       4.076	  0.667
       4.080	  0.672
       4.084	  0.680
       4.088	  0.682
       4.092	  0.685
       4.096	  0.680
       4.100	  0.677
       4.104	  0.670
       4.108	  0.655
       4.112	  0.635
       4.116	  0.603
       4.120	  0.552
       4.124	  0.487
       4.128	  0.405
       4.132	  0.297
       4.136	  0.180
       4.140	  0.060
       4.144	 -0.070
       4.148	 -0.195
       4.152	 -0.318
       4.156	 -0.440
       4.160	 -0.547
       4.164	 -0.640
       4.168	 -0.703
       4.172	 -0.735
       4.176	 -0.743
       4.180	 -0.740
       4.184	 -0.725
       4.188	 -0.703
       4.192	 -0.680
       4.196	 -0.650
       4.200	 -0.618
       4.204	 -0.583
       4.208	 -0.552
       4.212	 -0.522
       4.216	 -0.500
       4.220	 -0.475
       4.224	 -0.448
       4.228	 -0.412
       4.232	 -0.380
       4.236	 -0.343
       4.240	 -0.295
       4.244	 -0.233
       4.248	 -0.163
       4.252	 -0.085
       4.256	 -0.013
       4.260	  0.052
       4.264	  0.092
       4.268	  0.128
       4.272	  0.158
       4.276	  0.185
       4.280	  0.212
       4.284	  0.250
       4.288	  0.285
       4.292	  0.323
       4.296	  0.357
       4.300	  0.398
       4.304	  0.443
       4.308	  0.492
       4.312	  0.552
       4.316	  0.608
       4.320	  0.657
       4.324	  0.700
       4.328	  0.733
       4.332	  0.757
       4.336	  0.777
       4.340	  0.792
       4.344	  0.800
       4.348	  0.792
       4.352	  0.775
       4.356	  0.748
       4.360	  0.723
       4.364	  0.695
       4.368	  0.667
       4.372	  0.635
       4.376	  0.590
       4.380	  0.537
       4.384	  0.470
       4.388	  0.388
       4.392	  0.292
       4.396	  0.195
       4.400	  0.098
       4.404	  0.000
       4.408	 -0.113
       4.412	 -0.215
       4.416	 -0.312
       4.420	 -0.393
       4.424	 -0.463
       4.428	 -0.515
       4.432	 -0.555
       4.436	 -0.562
       4.440	 -0.552
       4.444	 -0.530
       4.448	 -0.510
       4.452	 -0.492
       4.456	 -0.480
       4.460	 -0.468
       4.464	 -0.458
       4.468	 -0.445
       4.472	 -0.435
       4.476	 -0.432
       4.480	 -0.432
       4.484	 -0.425
       4.488	 -0.412
       4.492	 -0.398
       4.496	 -0.383
       4.500	 -0.370
       4.504	 -0.355
       4.508	 -0.338
       4.512	 -0.320
       4.516	 -0.305
       4.520	 -0.285
       4.524	 -0.260
       4.528	 -0.230
       4.532	 -0.203
       4.536	 -0.170
       4.540	 -0.133
       4.544	 -0.083
       4.548	 -0.035
       4.552	  0.020
       4.556	  0.065
       4.560	  0.113
       4.564	  0.155
       4.568	  0.195
       4.572	  0.237
       4.576	  0.275
       4.580	  0.312
       4.584	  0.360
       4.588	  0.407
       4.592	  0.443
       4.596	  0.470
       4.600	  0.485
       4.604	  0.492
       4.608	  0.495
       4.612	  0.505
       4.616	  0.512
       4.620	  0.525
       4.624	  0.540
       4.628	  0.565
       4.632	  0.585
       4.636	  0.615
       4.640	  0.645
       4.644	  0.677
       4.648	  0.703
       4.652	  0.728
       4.656	  0.748
       4.660	  0.762
       4.664	  0.755
       4.668	  0.738
       4.672	  0.700
       4.676	  0.650
       4.680	  0.583
       4.684	  0.507
       4.688	  0.425
       4.692	  0.340
       4.696	  0.237
       4.700	  0.110
       4.704	 -0.052
       4.708	 -0.240
       4.712	 -0.422
       4.716	 -0.580
       4.720	 -0.705
       4.724	 -0.792
       4.728	 -0.845
       4.732	 -0.882
       4.736	 -0.902
       4.740	 -0.900
       4.744	 -0.873
       4.748	 -0.835
       4.752	 -0.785
       4.756	 -0.733
       4.760	 -0.680
       4.764	 -0.630
       4.768	 -0.583
       4.772	 -0.545
       4.776	 -0.525
       4.780	 -0.525
       4.784	 -0.520
       4.788	 -0.500
       4.792	 -0.472
       4.796	 -0.432
       4.800	 -0.385
       4.804	 -0.333
       4.808	 -0.297
       4.812	 -0.260
       4.816	 -0.223
       4.820	 -0.188
       4.824	 -0.152
       4.828	 -0.110
       4.832	 -0.068
       4.836	 -0.018
       4.840	  0.040
       4.844	  0.102
       4.848	  0.165
       4.852	  0.237
       4.856	  0.300
       4.860	  0.357
       4.864	  0.398
       4.868	  0.438
       4.872	  0.472
       4.876	  0.510
       4.880	  0.545
       4.884	  0.575
       4.888	  0.610
       4.892	  0.635
       4.896	  0.647
       4.900	  0.657
       4.904	  0.657
       4.908	  0.650
       4.912	  0.640
       4.916	  0.627
       4.920	  0.613
       4.924	  0.598
       4.928	  0.583
       4.932	  0.565
       4.936	  0.552
       4.940	  0.542
       4.944	  0.525
       4.948	  0.495
       4.952	  0.468
       4.956	  0.427
       4.960	  0.390
       4.964	  0.357
       4.968	  0.333
       4.972	  0.320
       4.976	  0.320
       4.980	  0.320
       4.984	  0.320
       4.988	  0.320
       4.992	  0.335
       4.996	  0.367
       5.000	  0.410
       5.004	  0.455
       5.008	  0.477
       5.012	  0.477
       5.016	  0.463
       5.020	  0.445
       5.024	  0.412
       5.028	  0.355
       5.032	  0.255
       5.036	  0.133
       5.040	 -0.013
       5.044	 -0.140
       5.048	 -0.263
       5.052	 -0.390
       5.056	 -0.527
       5.060	 -0.662
       5.064	 -0.777
       5.068	 -0.858
       5.072	 -0.905
       5.076	 -0.930
       5.080	 -0.943
       5.084	 -0.932
       5.088	 -0.917
       5.092	 -0.900
       5.096	 -0.882
       5.100	 -0.868
       5.104	 -0.868
       5.108	 -0.880
       5.112	 -0.885
       5.116	 -0.870
       5.120	 -0.823
       5.124	 -0.757
       5.128	 -0.693
       5.132	 -0.642
       5.136	 -0.600
       5.140	 -0.555
       5.144	 -0.507
       5.148	 -0.455
       5.152	 -0.407
       5.156	 -0.362
       5.160	 -0.307
       5.164	 -0.245
       5.168	 -0.163
       5.172	 -0.070
       5.176	  0.035
       5.180	  0.138
       5.184	  0.247
       5.188	  0.350
       5.192	  0.432
       5.196	  0.505
       5.200	  0.570
       5.204	  0.630
       5.208	  0.680
       5.212	  0.718
       5.216	  0.745
       5.220	  0.770
       5.224	  0.790
       5.228	  0.807
       5.232	  0.800
       5.236	  0.780
       5.240	  0.750
       5.244	  0.718
       5.248	  0.682
       5.252	  0.650
       5.256	  0.618
       5.260	  0.590
       5.264	  0.552
       5.268	  0.522
       5.272	  0.487
       5.276	  0.458
       5.280	  0.427
       5.284	  0.403
       5.288	  0.375
       5.292	  0.347
       5.296	  0.310
       5.300	  0.273
       5.304	  0.230
       5.308	  0.172
       5.312	  0.110
       5.316	  0.043
       5.320	 -0.030
       5.324	 -0.087
       5.328	 -0.133
       5.332	 -0.163
       5.336	 -0.168
       5.340	 -0.165
       5.344	 -0.163
       5.348	 -0.170
       5.352	 -0.177
       5.356	 -0.185
       5.360	 -0.172
       5.364	 -0.142
       5.368	 -0.095
       5.372	 -0.043
       5.376	  0.005
       5.380	  0.028
       5.384	  0.035
       5.388	  0.025
       5.392	  0.010
       5.396	 -0.010
       5.400	 -0.010
       5.404	  0.003
       5.408	  0.020
       5.412	  0.048
       5.416	  0.072
       5.420	  0.087
       5.424	  0.072
       5.428	  0.035
       5.432	 -0.025
       5.436	 -0.080
       5.440	 -0.135
       5.444	 -0.177
       5.448	 -0.220
       5.452	 -0.247
       5.456	 -0.275
       5.460	 -0.295
       5.464	 -0.318
       5.468	 -0.335
       5.472	 -0.343
       5.476	 -0.335
       5.480	 -0.305
       5.484	 -0.253
       5.488	 -0.193
       5.492	 -0.128
       5.496	 -0.058
       5.500	  0.022
       5.504	  0.098
       5.508	  0.163
       5.512	  0.217
       5.516	  0.263
       5.520	  0.300
       5.524	  0.328
       5.528	  0.352
       5.532	  0.370
       5.536	  0.388
       5.540	  0.405
       5.544	  0.420
       5.548	  0.430
       5.552	  0.438
       5.556	  0.443
       5.560	  0.448
       5.564	  0.448
       5.568	  0.448
       5.572	  0.448
       5.576	  0.443
       5.580	  0.435
       5.584	  0.420
       5.588	  0.403
       5.592	  0.380
       5.596	  0.350
       5.600	  0.310
       5.604	  0.253
       5.608	  0.163
       5.612	  0.052
       5.616	 -0.072
       5.620	 -0.185
       5.624	 -0.282
       5.628	 -0.355
       5.632	 -0.425
       5.636	 -0.480
       5.640	 -0.527
       5.644	 -0.565
       5.648	 -0.593
       5.652	 -0.600
       5.656	 -0.595
       5.660	 -0.575
       5.664	 -0.560
       5.668	 -0.530
       5.672	 -0.500
       5.676	 -0.463
       5.680	 -0.407
       5.684	 -0.343
       5.688	 -0.290
       5.692	 -0.240
       5.696	 -0.198
       5.700	 -0.145
       5.704	 -0.087
       5.708	 -0.028
       5.712	  0.037
       5.716	  0.098
       5.720	  0.147
       5.724	  0.193
       5.728	  0.223
       5.732	  0.228
       5.736	  0.217
       5.740	  0.200
       5.744	  0.177
       5.748	  0.155
       5.752	  0.138
       5.756	  0.122
       5.760	  0.117
       5.764	  0.115
       5.768	  0.117
       5.772	  0.117
       5.776	  0.115
       5.780	  0.115
       5.784	  0.125
       5.788	  0.145
       5.792	  0.170
       5.796	  0.205
       5.800	  0.250
       5.804	  0.302
       5.808	  0.350
       5.812	  0.390
       5.816	  0.427
       5.820	  0.463
       5.824	  0.477
       5.828	  0.495
       5.832	  0.500
       5.836	  0.500
       5.840	  0.492
       5.844	  0.485
       5.848	  0.472
       5.852	  0.458
       5.856	  0.440
       5.860	  0.425
       5.864	  0.407
       5.868	  0.398
       5.872	  0.388
       5.876	  0.372
       5.880	  0.350
       5.884	  0.330
       5.888	  0.305
       5.892	  0.270
       5.896	  0.217
       5.900	  0.160
       5.904	  0.102
       5.908	  0.043
       5.912	 -0.020
       5.916	 -0.083
       5.920	 -0.163
       5.924	 -0.255
       5.928	 -0.350
       5.932	 -0.440
       5.936	 -0.505
       5.940	 -0.552
       5.944	 -0.573
       5.948	 -0.583
       5.952	 -0.575
       5.956	 -0.550
       5.960	 -0.507
       5.964	 -0.465
       5.968	 -0.417
       5.972	 -0.388
       5.976	 -0.365
       5.980	 -0.352
       5.984	 -0.335
       5.988	 -0.318
       5.992	 -0.297
       5.996	 -0.273
       6.000	 -0.237
       6.004	 -0.198
       6.008	 -0.163
       6.012	 -0.130
       6.016	 -0.100
       6.020	 -0.065
       6.024	 -0.037
       6.028	  0.000
       6.032	  0.018
       6.036	  0.035
       6.040	  0.040
       6.044	  0.048
       6.048	  0.048
       6.052	  0.050
       6.056	  0.045
       6.060	  0.048
       6.064	  0.040
       6.068	  0.037
       6.072	  0.037
       6.076	  0.035
       6.080	  0.028
       6.084	  0.022
       6.088	  0.020
       6.092	  0.035
       6.096	  0.058
       6.100	  0.098
       6.104	  0.147
       6.108	  0.200
       6.112	  0.253
       6.116	  0.305
       6.120	  0.343
       6.124	  0.370
       6.128	  0.388
       6.132	  0.400
       6.136	  0.410
       6.140	  0.417
       6.144	  0.425
       6.148	  0.425
       6.152	  0.425
       6.156	  0.417
       6.160	  0.407
       6.164	  0.383
       6.168	  0.357
       6.172	  0.328
       6.176	  0.297
       6.180	  0.268
       6.184	  0.240
       6.188	  0.200
       6.192	  0.147
       6.196	  0.077
       6.200	  0.005
       6.204	 -0.077
       6.208	 -0.163
       6.212	 -0.253
       6.216	 -0.340
       6.220	 -0.417
       6.224	 -0.480
       6.228	 -0.520
       6.232	 -0.550
       6.236	 -0.560
       6.240	 -0.555
       6.244	 -0.535
       6.248	 -0.502
       6.252	 -0.458
       6.256	 -0.407
       6.260	 -0.357
       6.264	 -0.318
       6.268	 -0.280
       6.272	 -0.253
       6.276	 -0.225
       6.280	 -0.198
       6.284	 -0.168
       6.288	 -0.135
       6.292	 -0.107
       6.296	 -0.085
       6.300	 -0.058
       6.304	 -0.033
       6.308	  0.000
       6.312	  0.028
       6.316	  0.052
       6.320	  0.077
       6.324	  0.095
       6.328	  0.113
       6.332	  0.133
       6.336	  0.150
       6.340	  0.165
       6.344	  0.177
       6.348	  0.175
       6.352	  0.165
       6.356	  0.147
       6.360	  0.122
       6.364	  0.090
       6.368	  0.058
       6.372	  0.030
       6.376	  0.013
       6.380	 -0.010
       6.384	 -0.022
       6.388	 -0.040
       6.392	 -0.050
       6.396	 -0.058
       6.400	 -0.045
       6.404	 -0.025
       6.408	  0.013
       6.412	  0.050
       6.416	  0.098
       6.420	  0.155
       6.424	  0.207
       6.428	  0.253
       6.432	  0.287
       6.436	  0.318
       6.440	  0.343
       6.444	  0.362
       6.448	  0.372
       6.452	  0.380
       6.456	  0.383
       6.460	  0.388
       6.464	  0.380
       6.468	  0.383
       6.472	  0.378
       6.476	  0.367
       6.480	  0.355
       6.484	  0.343
       6.488	  0.320
       6.492	  0.287
       6.496	  0.237
       6.500	  0.180
       6.504	  0.110
       6.508	  0.035
       6.512	 -0.040
       6.516	 -0.100
       6.520	 -0.145
       6.524	 -0.177
       6.528	 -0.205
       6.532	 -0.223
       6.536	 -0.228
       6.540	 -0.220
       6.544	 -0.200
       6.548	 -0.182
       6.552	 -0.163
       6.556	 -0.147
       6.560	 -0.133
       6.564	 -0.128
       6.568	 -0.120
       6.572	 -0.113
       6.576	 -0.092
       6.580	 -0.070
       6.584	 -0.040
       6.588	 -0.013
       6.592	  0.013
       6.596	  0.025
       6.600	  0.037
       6.604	  0.052
       6.608	  0.068
       6.612	  0.083
       6.616	  0.098
       6.620	  0.110
       6.624	  0.110
       6.628	  0.110
       6.632	  0.110
       6.636	  0.117
       6.640	  0.117
       6.644	  0.128
       6.648	  0.130
       6.652	  0.133
       6.656	  0.138
       6.660	  0.142
       6.664	  0.135
       6.668	  0.122
       6.672	  0.098
       6.676	  0.075
       6.680	  0.055
       6.684	  0.043
       6.688	  0.033
       6.692	  0.020
       6.696	  0.007
       6.700	 -0.005
       6.704	 -0.013
       6.708	 -0.015
       6.712	 -0.015
       6.716	 -0.007
       6.720	  0.013
       6.724	  0.030
       6.728	  0.052
       6.732	  0.072
       6.736	  0.095
       6.740	  0.117
       6.744	  0.140
       6.748	  0.155
       6.752	  0.177
       6.756	  0.198
       6.760	  0.223
       6.764	  0.237
       6.768	  0.245
       6.772	  0.247
       6.776	  0.253
       6.780	  0.250
       6.784	  0.247
       6.788	  0.242
       6.792	  0.228
       6.796	  0.200
       6.800	  0.155
       6.804	  0.100
       6.808	  0.028
       6.812	 -0.058
       6.816	 -0.130
       6.820	 -0.190
       6.824	 -0.233
       6.828	 -0.247
       6.832	 -0.245
       6.836	 -0.230
       6.840	 -0.210
       6.844	 -0.180
       6.848	 -0.150
       6.852	 -0.113
       6.856	 -0.080
       6.860	 -0.050
       6.864	 -0.035
       6.868	 -0.022
       6.872	 -0.028
       6.876	 -0.033
       6.880	 -0.037
       6.884	 -0.030
       6.888	 -0.007
       6.892	  0.030
       6.896	  0.070
       6.900	  0.110
       6.904	  0.138
       6.908	  0.155
       6.912	  0.170
       6.916	  0.180
       6.920	  0.193
       6.924	  0.203
       6.928	  0.207
       6.932	  0.207
       6.936	  0.200
       6.940	  0.193
       6.944	  0.180
       6.948	  0.168
       6.952	  0.158
       6.956	  0.150
       6.960	  0.147
       6.964	  0.140
       6.968	  0.135
       6.972	  0.125
       6.976	  0.113
       6.980	  0.092
       6.984	  0.080
       6.988	  0.072
       6.992	  0.060
       6.996	  0.043
       7.000	  0.028
       7.004	  0.013
       7.008	  0.000
       7.012	 -0.013
       7.016	 -0.007
       7.020	  0.013
       7.024	  0.030
       7.028	  0.062
       7.032	  0.102
       7.036	  0.142
       7.040	  0.180
       7.044	  0.220
       7.048	  0.245
       7.052	  0.270
       7.056	  0.292
       7.060	  0.320
       7.064	  0.338
       7.068	  0.357
       7.072	  0.362
       7.076	  0.360
       7.080	  0.343
       7.084	  0.328
       7.088	  0.310
       7.092	  0.302
       7.096	  0.295
       7.100	  0.290
       7.104	  0.275
       7.108	  0.255
       7.112	  0.220
       7.116	  0.172
       7.120	  0.110
       7.124	  0.028
       7.128	 -0.065
       7.132	 -0.150
       7.136	 -0.223
       7.140	 -0.285
       7.144	 -0.328
       7.148	 -0.355
       7.152	 -0.362
       7.156	 -0.352
       7.160	 -0.323
       7.164	 -0.280
       7.168	 -0.223
       7.172	 -0.168
       7.176	 -0.125
       7.180	 -0.105
       7.184	 -0.098
       7.188	 -0.102
       7.192	 -0.117
       7.196	 -0.140
       7.200	 -0.165
       7.204	 -0.185
       7.208	 -0.195
       7.212	 -0.200
       7.216	 -0.193
       7.220	 -0.185
       7.224	 -0.188
       7.228	 -0.188
       7.232	 -0.185
       7.236	 -0.172
       7.240	 -0.160
       7.244	 -0.133
       7.248	 -0.115
       7.252	 -0.098
       7.256	 -0.090
       7.260	 -0.087
       7.264	 -0.095
       7.268	 -0.102
       7.272	 -0.117
       7.276	 -0.130
       7.280	 -0.142
       7.284	 -0.147
       7.288	 -0.147
       7.292	 -0.150
       7.296	 -0.163
       7.300	 -0.172
       7.304	 -0.182
       7.308	 -0.190
       7.312	 -0.193
       7.316	 -0.177
       7.320	 -0.155
       7.324	 -0.125
       7.328	 -0.087
       7.332	 -0.050
       7.336	  0.005
       7.340	  0.055
       7.344	  0.110
       7.348	  0.163
       7.352	  0.212
       7.356	  0.260
       7.360	  0.302
       7.364	  0.333
       7.368	  0.350
       7.372	  0.360
       7.376	  0.378
       7.380	  0.388
       7.384	  0.388
       7.388	  0.380
       7.392	  0.360
       7.396	  0.330
       7.400	  0.312
       7.404	  0.312
       7.408	  0.318
       7.412	  0.320
       7.416	  0.318
       7.420	  0.297
       7.424	  0.253
       7.428	  0.203
       7.432	  0.150
       7.436	  0.102
       7.440	  0.045
       7.444	 -0.022
       7.448	 -0.098
       7.452	 -0.163
       7.456	 -0.212
       7.460	 -0.240
       7.464	 -0.250
       7.468	 -0.230
       7.472	 -0.195
       7.476	 -0.147
       7.480	 -0.105
       7.484	 -0.058
       7.488	 -0.018
       7.492	  0.020
       7.496	  0.037
       7.500	  0.043
       7.504	  0.035
       7.508	  0.020
       7.512	  0.000
       7.516	 -0.018
       7.520	 -0.022
       7.524	 -0.022
       7.528	 -0.020
       7.532	 -0.018
       7.536	 -0.020
       7.540	 -0.025
       7.544	 -0.025
       7.548	 -0.020
       7.552	 -0.013
       7.556	 -0.013
       7.560	 -0.020
       7.564	 -0.045
       7.568	 -0.065
       7.572	 -0.077
       7.576	 -0.080
       7.580	 -0.087
       7.584	 -0.095
       7.588	 -0.110
       7.592	 -0.125
       7.596	 -0.133
       7.600	 -0.135
       7.604	 -0.135
       7.608	 -0.133
       7.612	 -0.133
       7.616	 -0.130
       7.620	 -0.117
       7.624	 -0.102
       7.628	 -0.080
       7.632	 -0.058
       7.636	 -0.037
       7.640	 -0.018
       7.644	  0.020
       7.648	  0.065
       7.652	  0.125
       7.656	  0.185
       7.660	  0.240
       7.664	  0.275
       7.668	  0.302
       7.672	  0.318
       7.676	  0.335
       7.680	  0.347
       7.684	  0.360
       7.688	  0.357
       7.692	  0.357
       7.696	  0.355
       7.700	  0.350
       7.704	  0.343
       7.708	  0.343
       7.712	  0.345
       7.716	  0.345
       7.720	  0.345
       7.724	  0.338
       7.728	  0.318
       7.732	  0.280
       7.736	  0.228
       7.740	  0.163
       7.744	  0.092
       7.748	  0.013
       7.752	 -0.065
       7.756	 -0.125
       7.760	 -0.168
       7.764	 -0.200
       7.768	 -0.223
       7.772	 -0.245
       7.776	 -0.255
       7.780	 -0.250
       7.784	 -0.220
       7.788	 -0.182
       7.792	 -0.147
       7.796	 -0.133
       7.800	 -0.133
       7.804	 -0.147
       7.808	 -0.182
       7.812	 -0.223
       7.816	 -0.245
       7.820	 -0.250
       7.824	 -0.240
       7.828	 -0.223
       7.832	 -0.200
       7.836	 -0.170
       7.840	 -0.147
       7.844	 -0.125
       7.848	 -0.115
       7.852	 -0.102
       7.856	 -0.087
       7.860	 -0.072
       7.864	 -0.065
       7.868	 -0.058
       7.872	 -0.058
       7.876	 -0.060
       7.880	 -0.072
       7.884	 -0.075
       7.888	 -0.075
       7.892	 -0.072
       7.896	 -0.068
       7.900	 -0.060
       7.904	 -0.058
       7.908	 -0.060
       7.912	 -0.065
       7.916	 -0.065
       7.920	 -0.060
       7.924	 -0.050
       7.928	 -0.035
       7.932	 -0.015
       7.936	  0.013
       7.940	  0.035
       7.944	  0.065
       7.948	  0.092
       7.952	  0.125
       7.956	  0.160
       7.960	  0.195
       7.964	  0.230
       7.968	  0.268
       7.972	  0.302
       7.976	  0.333
       7.980	  0.350
       7.984	  0.357
       7.988	  0.357
       7.992	  0.343
       7.996	  0.325
       8.000	  0.305
       8.004	  0.285
       8.008	  0.263
       8.012	  0.242
       8.016	  0.228
       8.020	  0.223
       8.024	  0.217
       8.028	  0.217
       8.032	  0.210
       8.036	  0.198
       8.040	  0.170
       8.044	  0.130
       8.048	  0.072
       8.052	  0.013
       8.056	 -0.055
       8.060	 -0.113
       8.064	 -0.177
       8.068	 -0.225
       8.072	 -0.260
       8.076	 -0.273
       8.080	 -0.268
       8.084	 -0.242
       8.088	 -0.207
       8.092	 -0.163
       8.096	 -0.125
       8.100	 -0.087
       8.104	 -0.060
       8.108	 -0.048
       8.112	 -0.048
       8.116	 -0.052
       8.120	 -0.060
       8.124	 -0.062
       8.128	 -0.058
       8.132	 -0.045
       8.136	 -0.030
       8.140	 -0.018
       8.144	  0.003
       8.148	  0.013
       8.152	  0.030
       8.156	  0.043
       8.160	  0.052
       8.164	  0.048
       8.168	  0.040
       8.172	  0.025
       8.176	  0.005
       8.180	 -0.025
       8.184	 -0.052
       8.188	 -0.085
       8.192	 -0.120
       8.196	 -0.158
       8.200	 -0.188
       8.204	 -0.212
       8.208	 -0.237
       8.212	 -0.255
       8.216	 -0.268
       8.220	 -0.268
       8.224	 -0.268
       8.228	 -0.255
       8.232	 -0.235
       8.236	 -0.203
       8.240	 -0.168
       8.244	 -0.120
       8.248	 -0.075
       8.252	 -0.022
       8.256	  0.035
       8.260	  0.087
       8.264	  0.133
       8.268	  0.177
       8.272	  0.215
       8.276	  0.253
       8.280	  0.285
       8.284	  0.320
       8.288	  0.343
       8.292	  0.357
       8.296	  0.355
       8.300	  0.355
       8.304	  0.350
       8.308	  0.350
       8.312	  0.350
       8.316	  0.352
       8.320	  0.350
       8.324	  0.343
       8.328	  0.330
       8.332	  0.320
       8.336	  0.310
       8.340	  0.290
       8.344	  0.275
       8.348	  0.247
       8.352	  0.215
       8.356	  0.172
       8.360	  0.122
       8.364	  0.058
       8.368	 -0.010
       8.372	 -0.070
       8.376	 -0.122
       8.380	 -0.172
       8.384	 -0.210
       8.388	 -0.235
       8.392	 -0.250
       8.396	 -0.253
       8.400	 -0.240
       8.404	 -0.225
       8.408	 -0.207
       8.412	 -0.188
       8.416	 -0.170
       8.420	 -0.163
       8.424	 -0.170
       8.428	 -0.188
       8.432	 -0.207
       8.436	 -0.215
       8.440	 -0.215
       8.444	 -0.205
       8.448	 -0.193
       8.452	 -0.170
       8.456	 -0.140
       8.460	 -0.105
       8.464	 -0.080
       8.468	 -0.052
       8.472	 -0.033
       8.476	 -0.015
       8.480	  0.000
       8.484	  0.013
       8.488	  0.022
       8.492	  0.028
       8.496	  0.020
       8.500	  0.013
       8.504	 -0.013
       8.508	 -0.035
       8.512	 -0.060
       8.516	 -0.085
       8.520	 -0.110
       8.524	 -0.138
       8.528	 -0.155
       8.532	 -0.168
       8.536	 -0.168
       8.540	 -0.158
       8.544	 -0.135
       8.548	 -0.105
       8.552	 -0.065
       8.556	 -0.020
       8.560	  0.035
       8.564	  0.072
       8.568	  0.115
       8.572	  0.152
       8.576	  0.193
       8.580	  0.228
       8.584	  0.260
       8.588	  0.278
       8.592	  0.285
       8.596	  0.278
       8.600	  0.260
       8.604	  0.245
       8.608	  0.230
       8.612	  0.223
       8.616	  0.223
       8.620	  0.230
       8.624	  0.225
       8.628	  0.217
       8.632	  0.207
       8.636	  0.198
       8.640	  0.180
       8.644	  0.172
       8.648	  0.150
       8.652	  0.133
       8.656	  0.110
       8.660	  0.080
       8.664	  0.035
       8.668	 -0.013
       8.672	 -0.062
       8.676	 -0.105
       8.680	 -0.152
       8.684	 -0.193
       8.688	 -0.228
       8.692	 -0.247
       8.696	 -0.258
       8.700	 -0.245
       8.704	 -0.215
       8.708	 -0.177
       8.712	 -0.133
       8.716	 -0.087
       8.720	 -0.050
       8.724	 -0.022
       8.728	  0.003
       8.732	  0.020
       8.736	  0.030
       8.740	  0.043
       8.744	  0.052
       8.748	  0.065
       8.752	  0.080
       8.756	  0.095
       8.760	  0.110
       8.764	  0.117
       8.768	  0.130
       8.772	  0.147
       8.776	  0.163
       8.780	  0.175
       8.784	  0.180
       8.788	  0.177
       8.792	  0.172
       8.796	  0.155
       8.800	  0.138
       8.804	  0.115
       8.808	  0.087
       8.812	  0.060
       8.816	  0.035
       8.820	  0.013
       8.824	 -0.022
       8.828	 -0.045
       8.832	 -0.058
       8.836	 -0.060
       8.840	 -0.060
       8.844	 -0.045
       8.848	 -0.022
       8.852	  0.013
       8.856	  0.052
       8.860	  0.102
       8.864	  0.147
       8.868	  0.200
       8.872	  0.247
       8.876	  0.285
       8.880	  0.312
       8.884	  0.343
       8.888	  0.367
       8.892	  0.398
       8.896	  0.420
       8.900	  0.443
       8.904	  0.458
       8.908	  0.463
       8.912	  0.460
       8.916	  0.458
       8.920	  0.455
       8.924	  0.453
       8.928	  0.448
       8.932	  0.443
       8.936	  0.438
       8.940	  0.427
       8.944	  0.422
       8.948	  0.415
       8.952	  0.403
       8.956	  0.380
       8.960	  0.362
       8.964	  0.330
       8.968	  0.297
       8.972	  0.253
       8.976	  0.200
       8.980	  0.140
       8.984	  0.083
       8.988	  0.022
       8.992	 -0.043
       8.996	 -0.100
       9.000	 -0.160
       9.004	 -0.217
       9.008	 -0.263
       9.012	 -0.295
       9.016	 -0.305
       9.020	 -0.300
       9.024	 -0.282
       9.028	 -0.255
       9.032	 -0.230
       9.036	 -0.207
       9.040	 -0.207
       9.044	 -0.215
       9.048	 -0.235
       9.052	 -0.253
       9.056	 -0.265
       9.060	 -0.273
       9.064	 -0.285
       9.068	 -0.285
       9.072	 -0.280
       9.076	 -0.260
       9.080	 -0.240
       9.084	 -0.210
       9.088	 -0.185
       9.092	 -0.158
       9.096	 -0.135
       9.100	 -0.107
       9.104	 -0.080
       9.108	 -0.060
       9.112	 -0.048
       9.116	 -0.025
       9.120	  0.000
       9.124	  0.013
       9.128	  0.013
       9.132	  0.005
       9.136	  0.003
       9.140	  0.003
       9.144	  0.007
       9.148	  0.018
       9.152	  0.030
       9.156	  0.048
       9.160	  0.070
       9.164	  0.090
       9.168	  0.113
       9.172	  0.135
       9.176	  0.163
       9.180	  0.185
       9.184	  0.207
       9.188	  0.228
       9.192	  0.245
       9.196	  0.253
       9.200	  0.258
       9.204	  0.253
       9.208	  0.237
       9.212	  0.215
       9.216	  0.193
       9.220	  0.170
       9.224	  0.147
       9.228	  0.122
       9.232	  0.105
       9.236	  0.100
       9.240	  0.090
       9.244	  0.085
       9.248	  0.072
       9.252	  0.068
       9.256	  0.060
       9.260	  0.058
       9.264	  0.043
       9.268	  0.035
       9.272	  0.020
       9.276	  0.013
       9.280	 -0.020
       9.284	 -0.048
       9.288	 -0.080
       9.292	 -0.110
       9.296	 -0.135
       9.300	 -0.155
       9.304	 -0.170
       9.308	 -0.182
       9.312	 -0.185
       9.316	 -0.168
       9.320	 -0.130
       9.324	 -0.072
       9.328	  0.000
       9.332	  0.077
       9.336	  0.155
       9.340	  0.217
       9.344	  0.260
       9.348	  0.282
       9.352	  0.290
       9.356	  0.282
       9.360	  0.268
       9.364	  0.247
       9.368	  0.233
       9.372	  0.215
       9.376	  0.207
       9.380	  0.193
       9.384	  0.177
       9.388	  0.155
       9.392	  0.125
       9.396	  0.072
       9.400	  0.013
       9.404	 -0.058
       9.408	 -0.120
       9.412	 -0.177
       9.416	 -0.223
       9.420	 -0.263
       9.424	 -0.305
       9.428	 -0.338
       9.432	 -0.365
       9.436	 -0.390
       9.440	 -0.410
       9.444	 -0.420
       9.448	 -0.425
       9.452	 -0.430
       9.456	 -0.432
       9.460	 -0.427
       9.464	 -0.422
       9.468	 -0.398
       9.472	 -0.370
       9.476	 -0.333
       9.480	 -0.295
       9.484	 -0.245
       9.488	 -0.193
       9.492	 -0.133
       9.496	 -0.085
       9.500	 -0.030
       9.504	  0.020
       9.508	  0.060
       9.512	  0.087
       9.516	  0.117
       9.520	  0.133
       9.524	  0.142
       9.528	  0.145
       9.532	  0.142
       9.536	  0.140
       9.540	  0.140
       9.544	  0.155
       9.548	  0.170
       9.552	  0.177
       9.556	  0.185
       9.560	  0.193
       9.564	  0.200
       9.568	  0.210
       9.572	  0.207
       9.576	  0.195
       9.580	  0.172
       9.584	  0.158
       9.588	  0.150
       9.592	  0.147
       9.596	  0.140
       9.600	  0.125
       9.604	  0.110
       9.608	  0.092
       9.612	  0.075
       9.616	  0.065
       9.620	  0.062
       9.624	  0.070
       9.628	  0.087
       9.632	  0.115
       9.636	  0.163
       9.640	  0.207
       9.644	  0.250
       9.648	  0.268
       9.652	  0.258
       9.656	  0.225
       9.660	  0.195
       9.664	  0.165
       9.668	  0.147
       9.672	  0.133
       9.676	  0.117
       9.680	  0.102
       9.684	  0.080
       9.688	  0.052
       9.692	  0.028
       9.696	 -0.015
       9.700	 -0.070
       9.704	 -0.138
       9.708	 -0.205
       9.712	 -0.268
       9.716	 -0.305
       9.720	 -0.335
       9.724	 -0.370
       9.728	 -0.417
       9.732	 -0.463
       9.736	 -0.495
       9.740	 -0.517
       9.744	 -0.530
       9.748	 -0.545
       9.752	 -0.568
       9.756	 -0.590
       9.760	 -0.605
       9.764	 -0.620
       9.768	 -0.620
       9.772	 -0.595
       9.776	 -0.552
       9.780	 -0.507
       9.784	 -0.463
       9.788	 -0.425
       9.792	 -0.388
       9.796	 -0.360
       9.800	 -0.320
       9.804	 -0.270
       9.808	 -0.225
       9.812	 -0.185
       9.816	 -0.140
       9.820	 -0.098
       9.824	 -0.060
       9.828	 -0.040
       9.832	 -0.040
       9.836	 -0.050
       9.840	 -0.072
       9.844	 -0.080
       9.848	 -0.077
       9.852	 -0.065
       9.856	 -0.055
       9.860	 -0.045
       9.864	 -0.048
       9.868	 -0.040
       9.872	 -0.025
       9.876	  0.005
       9.880	  0.030
       9.884	  0.065
       9.888	  0.090
       9.892	  0.110
       9.896	  0.105
       9.900	  0.083
       9.904	  0.048
       9.908	  0.010
       9.912	 -0.018
       9.916	  0.005
       9.920	  0.050
       9.924	  0.098
       9.928	  0.138
       9.932	  0.177
       9.936	  0.217
       9.940	  0.253
       9.944	  0.280
       9.948	  0.292
       9.952	  0.305
       9.956	  0.305
       9.960	  0.300
       9.964	  0.287
       9.968	  0.280
       9.972	  0.263
       9.976	  0.240
       9.980	  0.203
       9.984	  0.170
       9.988	  0.142
       9.992	  0.125
       9.996	  0.110
