   Elapsed_time	ECG
       0.000	 -0.510
       0.004	 -0.520
       0.008	 -0.515
       0.012	 -0.530
       0.016	 -0.540
       0.020	 -0.545
       0.024	 -0.545
       0.028	 -0.565
       0.032	 -0.565
       0.036	 -0.545
       0.040	 -0.545
       0.044	 -0.530
       0.048	 -0.525
       0.052	 -0.540
       0.056	 -0.540
       0.060	 -0.495
       0.064	 -0.490
       0.068	 -0.520
       0.072	 -0.540
       0.076	 -0.560
       0.080	 -0.570
       0.084	 -0.565
       0.088	 -0.605
       0.092	 -0.690
       0.096	 -0.790
       0.100	 -0.815
       0.104	 -0.855
       0.108	 -0.885
       0.112	 -0.890
       0.116	 -0.870
       0.120	 -0.875
       0.124	 -0.955
       0.128	 -1.120
       0.132	 -1.280
       0.136	 -1.365
       0.140	 -1.440
       0.144	 -1.625
       0.148	 -1.905
       0.152	 -2.195
       0.156	 -2.360
       0.160	 -2.395
       0.164	 -2.335
       0.168	 -2.315
       0.172	 -2.325
       0.176	 -2.195
       0.180	 -2.000
       0.184	 -1.830
       0.188	 -1.690
       0.192	 -1.550
       0.196	 -1.435
       0.200	 -1.310
       0.204	 -1.175
       0.208	 -1.050
       0.212	 -0.960
       0.216	 -0.860
       0.220	 -0.760
       0.224	 -0.665
       0.228	 -0.600
       0.232	 -0.545
       0.236	 -0.490
       0.240	 -0.435
       0.244	 -0.410
       0.248	 -0.400
       0.252	 -0.385
       0.256	 -0.345
       0.260	 -0.320
       0.264	 -0.320
       0.268	 -0.290
       0.272	 -0.260
       0.276	 -0.255
       0.280	 -0.235
       0.284	 -0.210
       0.288	 -0.200
       0.292	 -0.190
       0.296	 -0.190
       0.300	 -0.185
       0.304	 -0.185
       0.308	 -0.180
       0.312	 -0.180
       0.316	 -0.180
       0.320	 -0.185
       0.324	 -0.210
       0.328	 -0.220
       0.332	 -0.210
       0.336	 -0.205
       0.340	 -0.240
       0.344	 -0.250
       0.348	 -0.250
       0.352	 -0.260
       0.356	 -0.285
       0.360	 -0.290
       0.364	 -0.335
       0.368	 -0.365
       0.372	 -0.385
       0.376	 -0.390
       0.380	 -0.425
       0.384	 -0.455
       0.388	 -0.470
       0.392	 -0.455
       0.396	 -0.475
       0.400	 -0.495
       0.404	 -0.530
       0.408	 -0.545
       0.412	 -0.530
       0.416	 -0.470
       0.420	 -0.440
       0.424	 -0.430
       0.428	 -0.420
       0.432	 -0.380
       0.436	 -0.385
       0.440	 -0.395
       0.444	 -0.400
       0.448	 -0.435
       0.452	 -0.465
       0.456	 -0.465
       0.460	 -0.465
       0.464	 -0.510
       0.468	 -0.585
       0.472	 -0.655
       0.476	 -0.685
       0.480	 -0.730
       0.484	 -0.765
       0.488	 -0.810
       0.492	 -0.895
       0.496	 -0.970
       0.500	 -1.015
       0.504	 -1.040
       0.508	 -1.060
       0.512	 -1.080
       0.516	 -1.085
       0.520	 -1.100
       0.524	 -1.115
       0.528	 -1.130
       0.532	 -1.150
       0.536	 -1.155
       0.540	 -1.165
       0.544	 -1.165
       0.548	 -1.175
       0.552	 -1.180
       0.556	 -1.180
       0.560	 -1.175
       0.564	 -1.200
       0.568	 -1.220
       0.572	 -1.230
       0.576	 -1.195
       0.580	 -1.195
       0.584	 -1.215
       0.588	 -1.225
       0.592	 -1.240
       0.596	 -1.255
       0.600	 -1.235
       0.604	 -1.290
       0.608	 -1.325
       0.612	 -1.360
       0.616	 -1.375
       0.620	 -1.410
       0.624	 -1.480
       0.628	 -1.610
       0.632	 -1.695
       0.636	 -1.720
       0.640	 -1.755
       0.644	 -1.785
       0.648	 -1.790
       0.652	 -1.765
       0.656	 -1.770
       0.660	 -1.860
       0.664	 -2.065
       0.668	 -2.255
       0.672	 -2.380
       0.676	 -2.445
       0.680	 -2.635
       0.684	 -2.920
       0.688	 -3.190
       0.692	 -3.335
       0.696	 -3.340
       0.700	 -3.215
       0.704	 -3.155
       0.708	 -3.110
       0.712	 -2.970
       0.716	 -2.760
       0.720	 -2.570
       0.724	 -2.410
       0.728	 -2.260
       0.732	 -2.140
       0.736	 -2.020
       0.740	 -1.905
       0.744	 -1.800
       0.748	 -1.710
       0.752	 -1.610
       0.756	 -1.505
       0.760	 -1.400
       0.764	 -1.340
       0.768	 -1.280
       0.772	 -1.235
       0.776	 -1.175
       0.780	 -1.140
       0.784	 -1.115
       0.788	 -1.090
       0.792	 -1.045
       0.796	 -1.025
       0.800	 -1.000
       0.804	 -0.970
       0.808	 -0.935
       0.812	 -0.915
       0.816	 -0.890
       0.820	 -0.865
       0.824	 -0.835
       0.828	 -0.815
       0.832	 -0.800
       0.836	 -0.800
       0.840	 -0.765
       0.844	 -0.720
       0.848	 -0.710
       0.852	 -0.710
       0.856	 -0.710
       0.860	 -0.700
       0.864	 -0.690
       0.868	 -0.680
       0.872	 -0.680
       0.876	 -0.670
       0.880	 -0.690
       0.884	 -0.705
       0.888	 -0.705
       0.892	 -0.700
       0.896	 -0.705
       0.900	 -0.710
       0.904	 -0.730
       0.908	 -0.745
       0.912	 -0.750
       0.916	 -0.760
       0.920	 -0.760
       0.924	 -0.750
       0.928	 -0.745
       0.932	 -0.745
       0.936	 -0.740
       0.940	 -0.765
       0.944	 -0.765
       0.948	 -0.765
       0.952	 -0.720
       0.956	 -0.640
       0.960	 -0.600
       0.964	 -0.600
       0.968	 -0.570
       0.972	 -0.555
       0.976	 -0.550
       0.980	 -0.570
       0.984	 -0.575
       0.988	 -0.580
       0.992	 -0.580
       0.996	 -0.615
       1.000	 -0.635
       1.004	 -0.710
       1.008	 -0.780
       1.012	 -0.810
       1.016	 -0.835
       1.020	 -0.870
       1.024	 -0.905
       1.028	 -0.990
       1.032	 -1.025
       1.036	 -1.070
       1.040	 -1.125
       1.044	 -1.140
       1.048	 -1.140
       1.052	 -1.160
       1.056	 -1.170
       1.060	 -1.170
       1.064	 -1.200
       1.068	 -1.200
       1.072	 -1.180
       1.076	 -1.160
       1.080	 -1.170
       1.084	 -1.195
       1.088	 -1.200
       1.092	 -1.200
       1.096	 -1.195
       1.100	 -1.185
       1.104	 -1.195
       1.108	 -1.210
       1.112	 -1.210
       1.116	 -1.190
       1.120	 -1.190
       1.124	 -1.165
       1.128	 -1.140
       1.132	 -1.125
       1.136	 -1.115
       1.140	 -1.155
       1.144	 -1.160
       1.148	 -1.165
       1.152	 -1.165
       1.156	 -1.190
       1.160	 -1.245
       1.164	 -1.325
       1.168	 -1.400
       1.172	 -1.415
       1.176	 -1.440
       1.180	 -1.470
       1.184	 -1.460
       1.188	 -1.415
       1.192	 -1.380
       1.196	 -1.445
       1.200	 -1.585
       1.204	 -1.795
       1.208	 -1.890
       1.212	 -1.945
       1.216	 -2.080
       1.220	 -2.305
       1.224	 -2.510
       1.228	 -2.610
       1.232	 -2.565
       1.236	 -2.390
       1.240	 -2.250
       1.244	 -2.145
       1.248	 -1.965
       1.252	 -1.770
       1.256	 -1.585
       1.260	 -1.415
       1.264	 -1.285
       1.268	 -1.150
       1.272	 -1.045
       1.276	 -0.910
       1.280	 -0.785
       1.284	 -0.675
       1.288	 -0.565
       1.292	 -0.445
       1.296	 -0.350
       1.300	 -0.275
       1.304	 -0.190
       1.308	 -0.110
       1.312	 -0.065
       1.316	 -0.020
       1.320	  0.035
       1.324	  0.075
       1.328	  0.115
       1.332	  0.150
       1.336	  0.170
       1.340	  0.190
       1.344	  0.255
       1.348	  0.295
       1.352	  0.335
       1.356	  0.370
       1.360	  0.395
       1.364	  0.395
       1.368	  0.430
       1.372	  0.455
       1.376	  0.490
       1.380	  0.500
       1.384	  0.510
       1.388	  0.520
       1.392	  0.545
       1.396	  0.530
       1.400	  0.530
       1.404	  0.550
       1.408	  0.580
       1.412	  0.580
       1.416	  0.600
       1.420	  0.590
       1.424	  0.565
       1.428	  0.565
       1.432	  0.580
       1.436	  0.580
       1.440	  0.575
       1.444	  0.560
       1.448	  0.545
       1.452	  0.545
       1.456	  0.550
       1.460	  0.575
       1.464	  0.585
       1.468	  0.590
       1.472	  0.570
       1.476	  0.575
       1.480	  0.600
       1.484	  0.605
       1.488	  0.645
       1.492	  0.715
       1.496	  0.735
       1.500	  0.775
       1.504	  0.820
       1.508	  0.845
       1.512	  0.835
       1.516	  0.835
       1.520	  0.825
       1.524	  0.810
       1.528	  0.795
       1.532	  0.790
       1.536	  0.755
       1.540	  0.700
       1.544	  0.640
       1.548	  0.605
       1.552	  0.560
       1.556	  0.520
       1.560	  0.515
       1.564	  0.435
       1.568	  0.360
       1.572	  0.310
       1.576	  0.280
       1.580	  0.245
       1.584	  0.235
       1.588	  0.215
       1.592	  0.220
       1.596	  0.205
       1.600	  0.200
       1.604	  0.195
       1.608	  0.200
       1.612	  0.190
       1.616	  0.200
       1.620	  0.200
       1.624	  0.190
       1.628	  0.175
       1.632	  0.190
       1.636	  0.185
       1.640	  0.170
       1.644	  0.170
       1.648	  0.170
       1.652	  0.165
       1.656	  0.185
       1.660	  0.205
       1.664	  0.205
       1.668	  0.210
       1.672	  0.210
       1.676	  0.155
       1.680	  0.125
       1.684	  0.115
       1.688	  0.095
       1.692	  0.070
       1.696	  0.005
       1.700	 -0.110
       1.704	 -0.210
       1.708	 -0.250
       1.712	 -0.295
       1.716	 -0.340
       1.720	 -0.315
       1.724	 -0.265
       1.728	 -0.250
       1.732	 -0.315
       1.736	 -0.475
       1.740	 -0.690
       1.744	 -0.805
       1.748	 -0.855
       1.752	 -0.975
       1.756	 -1.185
       1.760	 -1.385
       1.764	 -1.525
       1.768	 -1.510
       1.772	 -1.325
       1.776	 -1.170
       1.780	 -1.075
       1.784	 -0.910
       1.788	 -0.750
       1.792	 -0.580
       1.796	 -0.455
       1.800	 -0.315
       1.804	 -0.200
       1.808	 -0.100
       1.812	  0.015
       1.816	  0.125
       1.820	  0.220
       1.824	  0.320
       1.828	  0.405
       1.832	  0.485
       1.836	  0.550
       1.840	  0.600
       1.844	  0.670
       1.848	  0.715
       1.852	  0.730
       1.856	  0.755
       1.860	  0.775
       1.864	  0.780
       1.868	  0.805
       1.872	  0.815
       1.876	  0.840
       1.880	  0.855
       1.884	  0.870
       1.888	  0.865
       1.892	  0.895
       1.896	  0.925
       1.900	  0.955
       1.904	  0.970
       1.908	  0.970
       1.912	  0.960
       1.916	  0.965
       1.920	  0.970
       1.924	  0.965
       1.928	  0.965
       1.932	  0.965
       1.936	  0.965
       1.940	  0.955
       1.944	  0.945
       1.948	  0.930
       1.952	  0.935
       1.956	  0.930
       1.960	  0.930
       1.964	  0.915
       1.968	  0.890
       1.972	  0.870
       1.976	  0.865
       1.980	  0.855
       1.984	  0.850
       1.988	  0.835
       1.992	  0.845
       1.996	  0.825
       2.000	  0.820
       2.004	  0.830
       2.008	  0.840
       2.012	  0.845
       2.016	  0.870
       2.020	  0.895
       2.024	  0.945
       2.028	  0.985
       2.032	  1.005
       2.036	  1.015
       2.040	  1.035
       2.044	  1.055
       2.048	  1.045
       2.052	  1.020
       2.056	  0.990
       2.060	  0.980
       2.064	  0.960
       2.068	  0.940
       2.072	  0.890
       2.076	  0.810
       2.080	  0.730
       2.084	  0.710
       2.088	  0.665
       2.092	  0.620
       2.096	  0.570
       2.100	  0.485
       2.104	  0.420
       2.108	  0.375
       2.112	  0.335
       2.116	  0.295
       2.120	  0.270
       2.124	  0.230
       2.128	  0.200
       2.132	  0.220
       2.136	  0.235
       2.140	  0.225
       2.144	  0.220
       2.148	  0.210
       2.152	  0.195
       2.156	  0.200
       2.160	  0.205
       2.164	  0.190
       2.168	  0.190
       2.172	  0.195
       2.176	  0.210
       2.180	  0.180
       2.184	  0.185
       2.188	  0.195
       2.192	  0.215
       2.196	  0.240
       2.200	  0.240
       2.204	  0.230
       2.208	  0.225
       2.212	  0.170
       2.216	  0.175
       2.220	  0.140
       2.224	  0.125
       2.228	  0.095
       2.232	  0.030
       2.236	 -0.090
       2.240	 -0.190
       2.244	 -0.225
       2.248	 -0.285
       2.252	 -0.300
       2.256	 -0.280
       2.260	 -0.215
       2.264	 -0.215
       2.268	 -0.315
       2.272	 -0.505
       2.276	 -0.685
       2.280	 -0.800
       2.284	 -0.870
       2.288	 -1.040
       2.292	 -1.265
       2.296	 -1.460
       2.300	 -1.530
       2.304	 -1.490
       2.308	 -1.315
       2.312	 -1.200
       2.316	 -1.095
       2.320	 -0.930
       2.324	 -0.770
       2.328	 -0.610
       2.332	 -0.460
       2.336	 -0.320
       2.340	 -0.185
       2.344	 -0.080
       2.348	  0.025
       2.352	  0.120
       2.356	  0.225
       2.360	  0.335
       2.364	  0.430
       2.368	  0.530
       2.372	  0.580
       2.376	  0.650
       2.380	  0.715
       2.384	  0.755
       2.388	  0.765
       2.392	  0.825
       2.396	  0.860
       2.400	  0.890
       2.404	  0.915
       2.408	  0.935
       2.412	  0.940
       2.416	  0.965
       2.420	  0.990
       2.424	  1.005
       2.428	  1.020
       2.432	  1.045
       2.436	  1.050
       2.440	  1.055
       2.444	  1.065
       2.448	  1.080
       2.452	  1.085
       2.456	  1.095
       2.460	  1.075
       2.464	  1.085
       2.468	  1.070
       2.472	  1.075
       2.476	  1.105
       2.480	  1.075
       2.484	  1.055
       2.488	  1.055
       2.492	  1.055
       2.496	  1.035
       2.500	  1.035
       2.504	  1.035
       2.508	  1.010
       2.512	  0.985
       2.516	  0.965
       2.520	  0.950
       2.524	  0.950
       2.528	  0.945
       2.532	  0.945
       2.536	  0.920
       2.540	  0.915
       2.544	  0.915
       2.548	  0.910
       2.552	  0.935
       2.556	  0.955
       2.560	  1.010
       2.564	  1.040
       2.568	  1.045
       2.572	  1.050
       2.576	  1.070
       2.580	  1.070
       2.584	  1.070
       2.588	  1.025
       2.592	  0.995
       2.596	  0.975
       2.600	  0.945
       2.604	  0.905
       2.608	  0.865
       2.612	  0.760
       2.616	  0.705
       2.620	  0.670
       2.624	  0.595
       2.628	  0.555
       2.632	  0.515
       2.636	  0.435
       2.640	  0.375
       2.644	  0.330
       2.648	  0.275
       2.652	  0.240
       2.656	  0.220
       2.660	  0.215
       2.664	  0.190
       2.668	  0.165
       2.672	  0.155
       2.676	  0.165
       2.680	  0.150
       2.684	  0.135
       2.688	  0.125
       2.692	  0.130
       2.696	  0.115
       2.700	  0.120
       2.704	  0.115
       2.708	  0.110
       2.712	  0.090
       2.716	  0.095
       2.720	  0.100
       2.724	  0.090
       2.728	  0.090
       2.732	  0.095
       2.736	  0.095
       2.740	  0.100
       2.744	  0.075
       2.748	  0.025
       2.752	  0.020
       2.756	  0.005
       2.760	 -0.025
       2.764	 -0.075
       2.768	 -0.160
       2.772	 -0.270
       2.776	 -0.340
       2.780	 -0.385
       2.784	 -0.445
       2.788	 -0.455
       2.792	 -0.420
       2.796	 -0.380
       2.800	 -0.410
       2.804	 -0.530
       2.808	 -0.720
       2.812	 -0.875
       2.816	 -0.975
       2.820	 -1.080
       2.824	 -1.260
       2.828	 -1.465
       2.832	 -1.630
       2.836	 -1.680
       2.840	 -1.560
       2.844	 -1.395
       2.848	 -1.305
       2.852	 -1.175
       2.856	 -1.000
       2.860	 -0.825
       2.864	 -0.680
       2.868	 -0.535
       2.872	 -0.415
       2.876	 -0.285
       2.880	 -0.175
       2.884	 -0.050
       2.888	  0.080
       2.892	  0.185
       2.896	  0.280
       2.900	  0.370
       2.904	  0.430
       2.908	  0.500
       2.912	  0.595
       2.916	  0.660
       2.920	  0.700
       2.924	  0.725
       2.928	  0.740
       2.932	  0.755
       2.936	  0.790
       2.940	  0.825
       2.944	  0.845
       2.948	  0.855
       2.952	  0.880
       2.956	  0.900
       2.960	  0.920
       2.964	  0.920
       2.968	  0.935
       2.972	  0.945
       2.976	  0.965
       2.980	  0.965
       2.984	  0.975
       2.988	  0.960
       2.992	  0.960
       2.996	  0.950
       3.000	  0.975
       3.004	  0.975
       3.008	  0.970
       3.012	  0.945
       3.016	  0.925
       3.020	  0.915
       3.024	  0.915
       3.028	  0.895
       3.032	  0.890
       3.036	  0.865
       3.040	  0.845
       3.044	  0.815
       3.048	  0.790
       3.052	  0.770
       3.056	  0.760
       3.060	  0.755
       3.064	  0.750
       3.068	  0.730
       3.072	  0.715
       3.076	  0.715
       3.080	  0.690
       3.084	  0.685
       3.088	  0.685
       3.092	  0.700
       3.096	  0.730
       3.100	  0.750
       3.104	  0.775
       3.108	  0.790
       3.112	  0.785
       3.116	  0.765
       3.120	  0.735
       3.124	  0.695
       3.128	  0.670
       3.132	  0.650
       3.136	  0.605
       3.140	  0.540
       3.144	  0.455
       3.148	  0.375
       3.152	  0.325
       3.156	  0.265
       3.160	  0.220
       3.164	  0.140
       3.168	  0.020
       3.172	 -0.065
       3.176	 -0.110
       3.180	 -0.160
       3.184	 -0.190
       3.188	 -0.240
       3.192	 -0.270
       3.196	 -0.315
       3.200	 -0.325
       3.204	 -0.350
       3.208	 -0.375
       3.212	 -0.390
       3.216	 -0.390
       3.220	 -0.415
       3.224	 -0.445
       3.228	 -0.475
       3.232	 -0.485
       3.236	 -0.500
       3.240	 -0.510
       3.244	 -0.530
       3.248	 -0.560
       3.252	 -0.590
       3.256	 -0.585
       3.260	 -0.585
       3.264	 -0.595
       3.268	 -0.605
       3.272	 -0.590
       3.276	 -0.600
       3.280	 -0.670
       3.284	 -0.680
       3.288	 -0.705
       3.292	 -0.720
       3.296	 -0.760
       3.300	 -0.850
       3.304	 -0.985
       3.308	 -1.080
       3.312	 -1.110
       3.316	 -1.150
       3.320	 -1.180
       3.324	 -1.165
       3.328	 -1.115
       3.332	 -1.115
       3.336	 -1.200
       3.340	 -1.375
       3.344	 -1.555
       3.348	 -1.690
       3.352	 -1.770
       3.356	 -1.920
       3.360	 -2.145
       3.364	 -2.385
       3.368	 -2.510
       3.372	 -2.505
       3.376	 -2.375
       3.380	 -2.320
       3.384	 -2.270
       3.388	 -2.130
       3.392	 -1.940
       3.396	 -1.790
       3.400	 -1.650
       3.404	 -1.530
       3.408	 -1.405
       3.412	 -1.300
       3.416	 -1.185
       3.420	 -1.060
       3.424	 -0.940
       3.428	 -0.850
       3.432	 -0.740
       3.436	 -0.655
       3.440	 -0.605
       3.444	 -0.550
       3.448	 -0.465
       3.452	 -0.420
       3.456	 -0.395
       3.460	 -0.355
       3.464	 -0.330
       3.468	 -0.300
       3.472	 -0.285
       3.476	 -0.260
       3.480	 -0.230
       3.484	 -0.200
       3.488	 -0.175
       3.492	 -0.155
       3.496	 -0.140
       3.500	 -0.120
       3.504	 -0.100
       3.508	 -0.080
       3.512	 -0.080
       3.516	 -0.070
       3.520	 -0.050
       3.524	 -0.035
       3.528	 -0.040
       3.532	 -0.040
       3.536	 -0.035
       3.540	 -0.040
       3.544	 -0.040
       3.548	 -0.045
       3.552	 -0.050
       3.556	 -0.050
       3.560	 -0.050
       3.564	 -0.060
       3.568	 -0.075
       3.572	 -0.090
       3.576	 -0.090
       3.580	 -0.125
       3.584	 -0.145
       3.588	 -0.170
       3.592	 -0.170
       3.596	 -0.185
       3.600	 -0.195
       3.604	 -0.220
       3.608	 -0.225
       3.612	 -0.260
       3.616	 -0.270
       3.620	 -0.265
       3.624	 -0.240
       3.628	 -0.195
       3.632	 -0.150
       3.636	 -0.140
       3.640	 -0.120
       3.644	 -0.085
       3.648	 -0.055
       3.652	 -0.065
       3.656	 -0.085
       3.660	 -0.110
       3.664	 -0.135
       3.668	 -0.140
       3.672	 -0.160
       3.676	 -0.205
       3.680	 -0.290
       3.684	 -0.345
       3.688	 -0.375
       3.692	 -0.425
       3.696	 -0.470
       3.700	 -0.525
       3.704	 -0.605
       3.708	 -0.655
       3.712	 -0.710
       3.716	 -0.740
       3.720	 -0.750
       3.724	 -0.780
       3.728	 -0.810
       3.732	 -0.810
       3.736	 -0.810
       3.740	 -0.805
       3.744	 -0.810
       3.748	 -0.825
       3.752	 -0.845
       3.756	 -0.850
       3.760	 -0.845
       3.764	 -0.850
       3.768	 -0.850
       3.772	 -0.855
       3.776	 -0.855
       3.780	 -0.865
       3.784	 -0.870
       3.788	 -0.860
       3.792	 -0.840
       3.796	 -0.840
       3.800	 -0.835
       3.804	 -0.840
       3.808	 -0.810
       3.812	 -0.815
       3.816	 -0.860
       3.820	 -0.880
       3.824	 -0.900
       3.828	 -0.920
       3.832	 -0.945
       3.836	 -1.025
       3.840	 -1.130
       3.844	 -1.180
       3.848	 -1.160
       3.852	 -1.185
       3.856	 -1.180
       3.860	 -1.140
       3.864	 -1.105
       3.868	 -1.120
       3.872	 -1.220
       3.876	 -1.380
       3.880	 -1.545
       3.884	 -1.630
       3.888	 -1.715
       3.892	 -1.930
       3.896	 -2.180
       3.900	 -2.395
       3.904	 -2.490
       3.908	 -2.450
       3.912	 -2.355
       3.916	 -2.320
       3.920	 -2.265
       3.924	 -2.100
       3.928	 -1.935
       3.932	 -1.765
       3.936	 -1.605
       3.940	 -1.450
       3.944	 -1.330
       3.948	 -1.195
       3.952	 -1.040
       3.956	 -0.915
       3.960	 -0.790
       3.964	 -0.695
       3.968	 -0.595
       3.972	 -0.500
       3.976	 -0.415
       3.980	 -0.370
       3.984	 -0.315
       3.988	 -0.280
       3.992	 -0.230
       3.996	 -0.210
       4.000	 -0.170
       4.004	 -0.145
       4.008	 -0.115
       4.012	 -0.095
       4.016	 -0.045
       4.020	 -0.020
       4.024	  0.005
       4.028	  0.025
       4.032	  0.055
       4.036	  0.080
       4.040	  0.110
       4.044	  0.115
       4.048	  0.125
       4.052	  0.135
       4.056	  0.140
       4.060	  0.155
       4.064	  0.155
       4.068	  0.155
       4.072	  0.150
       4.076	  0.160
       4.080	  0.140
       4.084	  0.135
       4.088	  0.130
       4.092	  0.125
       4.096	  0.100
       4.100	  0.080
       4.104	  0.065
       4.108	  0.060
       4.112	  0.035
       4.116	  0.015
       4.120	 -0.025
       4.124	 -0.050
       4.128	 -0.065
       4.132	 -0.060
       4.136	 -0.070
       4.140	 -0.095
       4.144	 -0.115
       4.148	 -0.130
       4.152	 -0.145
       4.156	 -0.135
       4.160	 -0.120
       4.164	 -0.090
       4.168	 -0.055
       4.172	 -0.030
       4.176	  0.015
       4.180	  0.015
       4.184	  0.030
       4.188	  0.025
       4.192	  0.020
       4.196	  0.000
       4.200	 -0.025
       4.204	 -0.050
       4.208	 -0.070
       4.212	 -0.120
       4.216	 -0.185
       4.220	 -0.250
       4.224	 -0.275
       4.228	 -0.330
       4.232	 -0.365
       4.236	 -0.410
       4.240	 -0.490
       4.244	 -0.550
       4.248	 -0.590
       4.252	 -0.625
       4.256	 -0.640
       4.260	 -0.650
       4.264	 -0.675
       4.268	 -0.690
       4.272	 -0.705
       4.276	 -0.700
       4.280	 -0.720
       4.284	 -0.730
       4.288	 -0.735
       4.292	 -0.730
       4.296	 -0.730
       4.300	 -0.725
       4.304	 -0.735
       4.308	 -0.740
       4.312	 -0.740
       4.316	 -0.725
       4.320	 -0.710
       4.324	 -0.715
       4.328	 -0.715
       4.332	 -0.695
       4.336	 -0.695
       4.340	 -0.675
       4.344	 -0.650
       4.348	 -0.650
       4.352	 -0.690
       4.356	 -0.710
       4.360	 -0.735
       4.364	 -0.780
       4.368	 -0.835
       4.372	 -0.900
       4.376	 -1.005
       4.380	 -1.090
       4.384	 -1.085
       4.388	 -1.085
       4.392	 -1.065
       4.396	 -1.040
       4.400	 -1.005
       4.404	 -1.015
       4.408	 -1.090
       4.412	 -1.260
       4.416	 -1.405
       4.420	 -1.510
       4.424	 -1.580
       4.428	 -1.775
       4.432	 -2.020
       4.436	 -2.245
       4.440	 -2.375
       4.444	 -2.375
       4.448	 -2.255
       4.452	 -2.210
       4.456	 -2.175
       4.460	 -2.015
       4.464	 -1.820
       4.468	 -1.650
       4.472	 -1.480
       4.476	 -1.325
       4.480	 -1.210
       4.484	 -1.085
       4.488	 -0.930
       4.492	 -0.800
       4.496	 -0.690
       4.500	 -0.580
       4.504	 -0.485
       4.508	 -0.390
       4.512	 -0.320
       4.516	 -0.260
       4.520	 -0.200
       4.524	 -0.130
       4.528	 -0.115
       4.532	 -0.090
       4.536	 -0.075
       4.540	 -0.050
       4.544	 -0.015
       4.548	  0.005
       4.552	  0.020
       4.556	  0.030
       4.560	  0.060
       4.564	  0.080
       4.568	  0.095
       4.572	  0.110
       4.576	  0.125
       4.580	  0.115
       4.584	  0.130
       4.588	  0.150
       4.592	  0.170
       4.596	  0.160
       4.600	  0.160
       4.604	  0.150
       4.608	  0.155
       4.612	  0.150
       4.616	  0.145
       4.620	  0.115
       4.624	  0.095
       4.628	  0.075
       4.632	  0.075
       4.636	  0.075
       4.640	  0.065
       4.644	  0.035
       4.648	 -0.015
       4.652	 -0.045
       4.656	 -0.070
       4.660	 -0.090
       4.664	 -0.125
       4.668	 -0.145
       4.672	 -0.155
       4.676	 -0.160
       4.680	 -0.180
       4.684	 -0.195
       4.688	 -0.220
       4.692	 -0.225
       4.696	 -0.225
       4.700	 -0.180
       4.704	 -0.140
       4.708	 -0.120
       4.712	 -0.100
       4.716	 -0.085
       4.720	 -0.065
       4.724	 -0.065
       4.728	 -0.075
       4.732	 -0.090
       4.736	 -0.105
       4.740	 -0.130
       4.744	 -0.150
       4.748	 -0.175
       4.752	 -0.235
       4.756	 -0.315
       4.760	 -0.355
       4.764	 -0.390
       4.768	 -0.440
       4.772	 -0.475
       4.776	 -0.545
       4.780	 -0.640
       4.784	 -0.700
       4.788	 -0.745
       4.792	 -0.745
       4.796	 -0.765
       4.800	 -0.770
       4.804	 -0.790
       4.808	 -0.800
       4.812	 -0.820
       4.816	 -0.810
       4.820	 -0.805
       4.824	 -0.810
       4.828	 -0.820
       4.832	 -0.825
       4.836	 -0.830
       4.840	 -0.825
       4.844	 -0.820
       4.848	 -0.815
       4.852	 -0.820
       4.856	 -0.820
       4.860	 -0.815
       4.864	 -0.820
       4.868	 -0.820
       4.872	 -0.815
       4.876	 -0.790
       4.880	 -0.785
       4.884	 -0.765
       4.888	 -0.775
       4.892	 -0.785
       4.896	 -0.810
       4.900	 -0.820
       4.904	 -0.810
       4.908	 -0.840
       4.912	 -0.920
       4.916	 -1.010
       4.920	 -1.040
       4.924	 -1.030
       4.928	 -1.060
       4.932	 -1.040
       4.936	 -1.010
       4.940	 -0.995
       4.944	 -1.005
       4.948	 -1.125
       4.952	 -1.300
       4.956	 -1.445
       4.960	 -1.515
       4.964	 -1.630
       4.968	 -1.845
       4.972	 -2.105
       4.976	 -2.290
       4.980	 -2.365
       4.984	 -2.280
       4.988	 -2.200
       4.992	 -2.200
       4.996	 -2.135
       5.000	 -1.940
       5.004	 -1.740
       5.008	 -1.560
       5.012	 -1.415
       5.016	 -1.280
       5.020	 -1.170
       5.024	 -1.050
       5.028	 -0.915
       5.032	 -0.785
       5.036	 -0.675
       5.040	 -0.570
       5.044	 -0.475
       5.048	 -0.390
       5.052	 -0.315
       5.056	 -0.240
       5.060	 -0.180
       5.064	 -0.135
       5.068	 -0.110
       5.072	 -0.075
       5.076	 -0.030
       5.080	  0.000
       5.084	  0.020
       5.088	  0.045
       5.092	  0.090
       5.096	  0.115
       5.100	  0.130
       5.104	  0.150
       5.108	  0.195
       5.112	  0.210
       5.116	  0.235
       5.120	  0.245
       5.124	  0.240
       5.128	  0.250
       5.132	  0.290
       5.136	  0.295
       5.140	  0.295
       5.144	  0.310
       5.148	  0.315
       5.152	  0.305
       5.156	  0.295
       5.160	  0.320
       5.164	  0.310
       5.168	  0.295
       5.172	  0.280
       5.176	  0.280
       5.180	  0.270
       5.184	  0.265
       5.188	  0.245
       5.192	  0.225
       5.196	  0.195
       5.200	  0.195
       5.204	  0.195
       5.208	  0.185
       5.212	  0.165
       5.216	  0.165
       5.220	  0.155
       5.224	  0.145
       5.228	  0.155
       5.232	  0.185
       5.236	  0.220
       5.240	  0.255
       5.244	  0.260
       5.248	  0.275
       5.252	  0.305
       5.256	  0.325
       5.260	  0.310
       5.264	  0.285
       5.268	  0.255
       5.272	  0.235
       5.276	  0.245
       5.280	  0.210
       5.284	  0.155
       5.288	  0.095
       5.292	  0.050
       5.296	  0.020
       5.300	 -0.055
       5.304	 -0.105
       5.308	 -0.140
       5.312	 -0.220
       5.316	 -0.270
       5.320	 -0.310
       5.324	 -0.350
       5.328	 -0.385
       5.332	 -0.410
       5.336	 -0.415
       5.340	 -0.420
       5.344	 -0.425
       5.348	 -0.445
       5.352	 -0.455
       5.356	 -0.455
       5.360	 -0.445
       5.364	 -0.460
       5.368	 -0.465
       5.372	 -0.460
       5.376	 -0.445
       5.380	 -0.450
       5.384	 -0.450
       5.388	 -0.470
       5.392	 -0.450
       5.396	 -0.445
       5.400	 -0.435
       5.404	 -0.435
       5.408	 -0.420
       5.412	 -0.400
       5.416	 -0.345
       5.420	 -0.295
       5.424	 -0.300
       5.428	 -0.335
       5.432	 -0.305
       5.436	 -0.270
       5.440	 -0.235
       5.444	 -0.240
       5.448	 -0.290
       5.452	 -0.395
       5.456	 -0.485
       5.460	 -0.575
       5.464	 -0.665
       5.468	 -0.685
       5.472	 -0.675
       5.476	 -0.640
       5.480	 -0.680
       5.484	 -0.815
       5.488	 -0.995
       5.492	 -1.090
       5.496	 -1.150
       5.500	 -1.255
       5.504	 -1.470
       5.508	 -1.700
       5.512	 -1.895
       5.516	 -1.975
       5.520	 -1.930
       5.524	 -1.860
       5.528	 -1.890
       5.532	 -1.825
       5.536	 -1.620
       5.540	 -1.410
       5.544	 -1.225
       5.548	 -1.060
       5.552	 -0.900
       5.556	 -0.765
       5.560	 -0.620
       5.564	 -0.495
       5.568	 -0.385
       5.572	 -0.280
       5.576	 -0.160
       5.580	 -0.040
       5.584	  0.055
       5.588	  0.100
       5.592	  0.165
       5.596	  0.220
       5.600	  0.270
       5.604	  0.295
       5.608	  0.325
       5.612	  0.345
       5.616	  0.390
       5.620	  0.410
       5.624	  0.410
       5.628	  0.415
       5.632	  0.470
       5.636	  0.515
       5.640	  0.515
       5.644	  0.535
       5.648	  0.560
       5.652	  0.575
       5.656	  0.600
       5.660	  0.625
       5.664	  0.620
       5.668	  0.610
       5.672	  0.625
       5.676	  0.650
       5.680	  0.645
       5.684	  0.635
       5.688	  0.625
       5.692	  0.635
       5.696	  0.630
       5.700	  0.620
       5.704	  0.615
       5.708	  0.605
       5.712	  0.585
       5.716	  0.570
       5.720	  0.555
       5.724	  0.535
       5.728	  0.520
       5.732	  0.530
       5.736	  0.540
       5.740	  0.530
       5.744	  0.540
       5.748	  0.540
       5.752	  0.520
       5.756	  0.520
       5.760	  0.545
       5.764	  0.585
       5.768	  0.620
       5.772	  0.625
       5.776	  0.650
       5.780	  0.660
       5.784	  0.670
       5.788	  0.675
       5.792	  0.665
       5.796	  0.610
       5.800	  0.580
       5.804	  0.550
       5.808	  0.510
       5.812	  0.460
       5.816	  0.410
       5.820	  0.335
       5.824	  0.310
       5.828	  0.255
       5.832	  0.210
       5.836	  0.160
       5.840	  0.080
       5.844	  0.015
       5.848	 -0.020
       5.852	 -0.050
       5.856	 -0.090
       5.860	 -0.115
       5.864	 -0.125
       5.868	 -0.125
       5.872	 -0.140
       5.876	 -0.140
       5.880	 -0.155
       5.884	 -0.170
       5.888	 -0.170
       5.892	 -0.160
       5.896	 -0.170
       5.900	 -0.185
       5.904	 -0.190
       5.908	 -0.175
       5.912	 -0.185
       5.916	 -0.195
       5.920	 -0.205
       5.924	 -0.200
       5.928	 -0.190
       5.932	 -0.180
       5.936	 -0.180
       5.940	 -0.175
       5.944	 -0.160
       5.948	 -0.110
       5.952	 -0.060
       5.956	 -0.060
       5.960	 -0.020
       5.964	  0.000
       5.968	  0.050
       5.972	  0.105
       5.976	  0.095
       5.980	 -0.020
       5.984	 -0.160
       5.988	 -0.270
       5.992	 -0.385
       5.996	 -0.460
       6.000	 -0.475
       6.004	 -0.470
       6.008	 -0.460
       6.012	 -0.550
       6.016	 -0.715
       6.020	 -0.865
       6.024	 -0.955
       6.028	 -1.030
       6.032	 -1.195
       6.036	 -1.435
       6.040	 -1.665
       6.044	 -1.800
       6.048	 -1.805
       6.052	 -1.715
       6.056	 -1.700
       6.060	 -1.700
       6.064	 -1.550
       6.068	 -1.320
       6.072	 -1.105
       6.076	 -0.905
       6.080	 -0.740
       6.084	 -0.600
       6.088	 -0.475
       6.092	 -0.330
       6.096	 -0.200
       6.100	 -0.070
       6.104	  0.050
       6.108	  0.160
       6.112	  0.270
       6.116	  0.345
       6.120	  0.420
       6.124	  0.495
       6.128	  0.560
       6.132	  0.590
       6.136	  0.605
       6.140	  0.655
       6.144	  0.690
       6.148	  0.705
       6.152	  0.740
       6.156	  0.780
       6.160	  0.820
       6.164	  0.850
       6.168	  0.875
       6.172	  0.920
       6.176	  0.980
       6.180	  1.010
       6.184	  1.030
       6.188	  1.045
       6.192	  1.085
       6.196	  1.110
       6.200	  1.155
       6.204	  1.175
       6.208	  1.195
       6.212	  1.190
       6.216	  1.205
       6.220	  1.210
       6.224	  1.220
       6.228	  1.220
       6.232	  1.230
       6.236	  1.240
       6.240	  1.235
       6.244	  1.210
       6.248	  1.200
       6.252	  1.190
       6.256	  1.180
       6.260	  1.175
       6.264	  1.160
       6.268	  1.155
       6.272	  1.150
       6.276	  1.165
       6.280	  1.150
       6.284	  1.125
       6.288	  1.090
       6.292	  1.105
       6.296	  1.115
       6.300	  1.140
       6.304	  1.175
       6.308	  1.190
       6.312	  1.195
       6.316	  1.220
       6.320	  1.230
       6.324	  1.235
       6.328	  1.210
       6.332	  1.190
       6.336	  1.170
       6.340	  1.150
       6.344	  1.120
       6.348	  1.090
       6.352	  1.020
       6.356	  0.945
       6.360	  0.935
       6.364	  0.880
       6.368	  0.830
       6.372	  0.795
       6.376	  0.725
       6.380	  0.655
       6.384	  0.610
       6.388	  0.575
       6.392	  0.550
       6.396	  0.525
       6.400	  0.525
       6.404	  0.505
       6.408	  0.500
       6.412	  0.465
       6.416	  0.460
       6.420	  0.445
       6.424	  0.445
       6.428	  0.425
       6.432	  0.415
       6.436	  0.405
       6.440	  0.385
       6.444	  0.375
       6.448	  0.375
       6.452	  0.365
       6.456	  0.365
       6.460	  0.355
       6.464	  0.345
       6.468	  0.335
       6.472	  0.340
       6.476	  0.350
       6.480	  0.355
       6.484	  0.380
       6.488	  0.355
       6.492	  0.325
       6.496	  0.275
       6.500	  0.225
       6.504	  0.195
       6.508	  0.140
       6.512	  0.040
       6.516	 -0.065
       6.520	 -0.140
       6.524	 -0.210
       6.528	 -0.290
       6.532	 -0.295
       6.536	 -0.280
       6.540	 -0.290
       6.544	 -0.355
       6.548	 -0.510
       6.552	 -0.725
       6.556	 -0.875
       6.560	 -0.960
       6.564	 -1.095
       6.568	 -1.340
       6.572	 -1.590
       6.576	 -1.760
       6.580	 -1.830
       6.584	 -1.745
       6.588	 -1.660
       6.592	 -1.620
       6.596	 -1.495
       6.600	 -1.285
       6.604	 -1.105
       6.608	 -0.945
       6.612	 -0.815
       6.616	 -0.680
       6.620	 -0.570
       6.624	 -0.445
       6.628	 -0.340
       6.632	 -0.230
       6.636	 -0.130
       6.640	 -0.040
       6.644	  0.080
       6.648	  0.160
       6.652	  0.220
       6.656	  0.275
       6.660	  0.330
       6.664	  0.380
       6.668	  0.395
       6.672	  0.410
       6.676	  0.460
       6.680	  0.475
       6.684	  0.495
       6.688	  0.525
       6.692	  0.560
       6.696	  0.580
       6.700	  0.595
       6.704	  0.615
       6.708	  0.645
       6.712	  0.645
       6.716	  0.655
       6.720	  0.665
       6.724	  0.680
       6.728	  0.685
       6.732	  0.675
       6.736	  0.685
       6.740	  0.705
       6.744	  0.710
       6.748	  0.695
       6.752	  0.675
       6.756	  0.660
       6.760	  0.655
       6.764	  0.655
       6.768	  0.650
       6.772	  0.625
       6.776	  0.620
       6.780	  0.585
       6.784	  0.570
       6.788	  0.550
       6.792	  0.535
       6.796	  0.500
       6.800	  0.475
       6.804	  0.450
       6.808	  0.430
       6.812	  0.420
       6.816	  0.420
       6.820	  0.410
       6.824	  0.385
       6.828	  0.350
       6.832	  0.365
       6.836	  0.375
       6.840	  0.390
       6.844	  0.425
       6.848	  0.445
       6.852	  0.465
       6.856	  0.485
       6.860	  0.495
       6.864	  0.465
       6.868	  0.435
       6.872	  0.395
       6.876	  0.390
       6.880	  0.375
       6.884	  0.340
       6.888	  0.300
       6.892	  0.235
       6.896	  0.160
       6.900	  0.135
       6.904	  0.085
       6.908	  0.045
       6.912	  0.000
       6.916	 -0.095
       6.920	 -0.160
       6.924	 -0.210
       6.928	 -0.245
       6.932	 -0.275
       6.936	 -0.285
       6.940	 -0.295
       6.944	 -0.310
       6.948	 -0.320
       6.952	 -0.330
       6.956	 -0.350
       6.960	 -0.350
       6.964	 -0.360
       6.968	 -0.365
       6.972	 -0.375
       6.976	 -0.365
       6.980	 -0.370
       6.984	 -0.375
       6.988	 -0.380
       6.992	 -0.365
       6.996	 -0.365
       7.000	 -0.365
       7.004	 -0.375
       7.008	 -0.360
       7.012	 -0.370
       7.016	 -0.365
       7.020	 -0.320
       7.024	 -0.280
       7.028	 -0.325
       7.032	 -0.335
       7.036	 -0.345
       7.040	 -0.350
       7.044	 -0.370
       7.048	 -0.415
       7.052	 -0.500
       7.056	 -0.595
       7.060	 -0.630
       7.064	 -0.685
       7.068	 -0.720
       7.072	 -0.720
       7.076	 -0.685
       7.080	 -0.695
       7.084	 -0.760
       7.088	 -0.940
       7.092	 -1.110
       7.096	 -1.225
       7.100	 -1.280
       7.104	 -1.430
       7.108	 -1.670
       7.112	 -1.910
       7.116	 -2.065
       7.120	 -2.110
       7.124	 -2.000
       7.128	 -1.935
       7.132	 -1.905
       7.136	 -1.750
       7.140	 -1.530
       7.144	 -1.360
       7.148	 -1.210
       7.152	 -1.070
       7.156	 -0.945
       7.160	 -0.835
       7.164	 -0.705
       7.168	 -0.580
       7.172	 -0.460
       7.176	 -0.330
       7.180	 -0.230
       7.184	 -0.140
       7.188	 -0.080
       7.192	  0.020
       7.196	  0.085
       7.200	  0.150
       7.204	  0.180
       7.208	  0.200
       7.212	  0.215
       7.216	  0.255
       7.220	  0.285
       7.224	  0.305
       7.228	  0.325
       7.232	  0.365
       7.236	  0.380
       7.240	  0.400
       7.244	  0.425
       7.248	  0.460
       7.252	  0.490
       7.256	  0.500
       7.260	  0.505
       7.264	  0.510
       7.268	  0.525
       7.272	  0.530
       7.276	  0.545
       7.280	  0.535
       7.284	  0.540
       7.288	  0.540
       7.292	  0.535
       7.296	  0.525
       7.300	  0.515
       7.304	  0.505
       7.308	  0.505
       7.312	  0.490
       7.316	  0.465
       7.320	  0.435
       7.324	  0.415
       7.328	  0.395
       7.332	  0.370
       7.336	  0.355
       7.340	  0.330
       7.344	  0.315
       7.348	  0.315
       7.352	  0.295
       7.356	  0.290
       7.360	  0.290
       7.364	  0.255
       7.368	  0.230
       7.372	  0.230
       7.376	  0.270
       7.380	  0.305
       7.384	  0.325
       7.388	  0.335
       7.392	  0.355
       7.396	  0.360
       7.400	  0.370
       7.404	  0.350
       7.408	  0.320
       7.412	  0.275
       7.416	  0.275
       7.420	  0.250
       7.424	  0.230
       7.428	  0.155
       7.432	  0.075
       7.436	  0.035
       7.440	  0.010
       7.444	 -0.055
       7.448	 -0.085
       7.452	 -0.150
       7.456	 -0.225
       7.460	 -0.265
       7.464	 -0.315
       7.468	 -0.345
       7.472	 -0.360
       7.476	 -0.365
       7.480	 -0.390
       7.484	 -0.410
       7.488	 -0.420
       7.492	 -0.425
       7.496	 -0.435
       7.500	 -0.445
       7.504	 -0.460
       7.508	 -0.440
       7.512	 -0.440
       7.516	 -0.445
       7.520	 -0.445
       7.524	 -0.445
       7.528	 -0.460
       7.532	 -0.445
       7.536	 -0.435
       7.540	 -0.430
       7.544	 -0.445
       7.548	 -0.440
       7.552	 -0.425
       7.556	 -0.410
       7.560	 -0.375
       7.564	 -0.405
       7.568	 -0.420
       7.572	 -0.425
       7.576	 -0.425
       7.580	 -0.435
       7.584	 -0.475
       7.588	 -0.585
       7.592	 -0.690
       7.596	 -0.760
       7.600	 -0.770
       7.604	 -0.805
       7.608	 -0.785
       7.612	 -0.765
       7.616	 -0.745
       7.620	 -0.800
       7.624	 -0.930
       7.628	 -1.115
       7.632	 -1.250
       7.636	 -1.330
       7.640	 -1.440
       7.644	 -1.665
       7.648	 -1.910
       7.652	 -2.110
       7.656	 -2.185
       7.660	 -2.090
       7.664	 -2.000
       7.668	 -1.975
       7.672	 -1.865
       7.676	 -1.650
       7.680	 -1.470
       7.684	 -1.300
       7.688	 -1.160
       7.692	 -1.030
       7.696	 -0.910
       7.700	 -0.765
       7.704	 -0.635
       7.708	 -0.525
       7.712	 -0.425
       7.716	 -0.315
       7.720	 -0.200
       7.724	 -0.115
       7.728	 -0.055
       7.732	  0.025
       7.736	  0.085
       7.740	  0.130
       7.744	  0.150
       7.748	  0.165
       7.752	  0.195
       7.756	  0.230
       7.760	  0.270
       7.764	  0.290
       7.768	  0.315
       7.772	  0.335
       7.776	  0.360
       7.780	  0.380
       7.784	  0.400
       7.788	  0.415
       7.792	  0.450
       7.796	  0.455
       7.800	  0.470
       7.804	  0.480
       7.808	  0.490
       7.812	  0.480
       7.816	  0.485
       7.820	  0.485
       7.824	  0.490
       7.828	  0.480
       7.832	  0.475
       7.836	  0.470
       7.840	  0.450
       7.844	  0.440
       7.848	  0.450
       7.852	  0.445
       7.856	  0.420
       7.860	  0.400
       7.864	  0.365
       7.868	  0.340
       7.872	  0.315
       7.876	  0.300
       7.880	  0.285
       7.884	  0.280
       7.888	  0.285
       7.892	  0.275
       7.896	  0.255
       7.900	  0.215
       7.904	  0.210
       7.908	  0.235
       7.912	  0.260
       7.916	  0.295
       7.920	  0.315
       7.924	  0.340
       7.928	  0.350
       7.932	  0.365
       7.936	  0.365
       7.940	  0.345
       7.944	  0.320
       7.948	  0.295
       7.952	  0.285
       7.956	  0.270
       7.960	  0.240
       7.964	  0.180
       7.968	  0.100
       7.972	  0.055
       7.976	  0.035
       7.980	 -0.040
       7.984	 -0.075
       7.988	 -0.145
       7.992	 -0.205
       7.996	 -0.270
       8.000	 -0.305
       8.004	 -0.325
       8.008	 -0.320
       8.012	 -0.355
       8.016	 -0.370
       8.020	 -0.395
       8.024	 -0.400
       8.028	 -0.415
       8.032	 -0.410
       8.036	 -0.420
       8.040	 -0.420
       8.044	 -0.425
       8.048	 -0.430
       8.052	 -0.425
       8.056	 -0.435
       8.060	 -0.445
       8.064	 -0.450
       8.068	 -0.455
       8.072	 -0.455
       8.076	 -0.440
       8.080	 -0.440
       8.084	 -0.420
       8.088	 -0.420
       8.092	 -0.390
       8.096	 -0.355
       8.100	 -0.365
       8.104	 -0.400
       8.108	 -0.435
       8.112	 -0.450
       8.116	 -0.455
       8.120	 -0.495
       8.124	 -0.605
       8.128	 -0.725
       8.132	 -0.775
       8.136	 -0.790
       8.140	 -0.820
       8.144	 -0.815
       8.148	 -0.805
       8.152	 -0.780
       8.156	 -0.800
       8.160	 -0.915
       8.164	 -1.110
       8.168	 -1.250
       8.172	 -1.325
       8.176	 -1.425
       8.180	 -1.655
       8.184	 -1.905
       8.188	 -2.110
       8.192	 -2.180
       8.196	 -2.090
       8.200	 -1.980
       8.204	 -1.965
       8.208	 -1.855
       8.212	 -1.660
       8.216	 -1.470
       8.220	 -1.305
       8.224	 -1.145
       8.228	 -1.015
       8.232	 -0.890
       8.236	 -0.755
       8.240	 -0.610
       8.244	 -0.500
       8.248	 -0.385
       8.252	 -0.275
       8.256	 -0.175
       8.260	 -0.085
       8.264	 -0.035
       8.268	  0.030
       8.272	  0.110
       8.276	  0.165
       8.280	  0.180
       8.284	  0.200
       8.288	  0.225
       8.292	  0.255
       8.296	  0.290
       8.300	  0.315
       8.304	  0.320
       8.308	  0.350
       8.312	  0.380
       8.316	  0.410
       8.320	  0.435
       8.324	  0.465
       8.328	  0.470
       8.332	  0.480
       8.336	  0.500
       8.340	  0.515
       8.344	  0.505
       8.348	  0.505
       8.352	  0.520
       8.356	  0.520
       8.360	  0.525
       8.364	  0.505
       8.368	  0.495
       8.372	  0.510
       8.376	  0.515
       8.380	  0.490
       8.384	  0.485
       8.388	  0.460
       8.392	  0.445
       8.396	  0.420
       8.400	  0.410
       8.404	  0.380
       8.408	  0.360
       8.412	  0.335
       8.416	  0.340
       8.420	  0.320
       8.424	  0.315
       8.428	  0.290
       8.432	  0.280
       8.436	  0.260
       8.440	  0.275
       8.444	  0.285
       8.448	  0.320
       8.452	  0.345
       8.456	  0.355
       8.460	  0.390
       8.464	  0.400
       8.468	  0.400
       8.472	  0.400
       8.476	  0.385
       8.480	  0.345
       8.484	  0.330
       8.488	  0.320
       8.492	  0.295
       8.496	  0.255
       8.500	  0.190
       8.504	  0.110
       8.508	  0.075
       8.512	  0.035
       8.516	  0.005
       8.520	 -0.060
       8.524	 -0.140
       8.528	 -0.210
       8.532	 -0.265
       8.536	 -0.290
       8.540	 -0.290
       8.544	 -0.305
       8.548	 -0.320
       8.552	 -0.325
       8.556	 -0.345
       8.560	 -0.345
       8.564	 -0.355
       8.568	 -0.365
       8.572	 -0.385
       8.576	 -0.385
       8.580	 -0.405
       8.584	 -0.395
       8.588	 -0.385
       8.592	 -0.370
       8.596	 -0.380
       8.600	 -0.380
       8.604	 -0.395
       8.608	 -0.385
       8.612	 -0.380
       8.616	 -0.370
       8.620	 -0.370
       8.624	 -0.360
       8.628	 -0.330
       8.632	 -0.300
       8.636	 -0.345
       8.640	 -0.355
       8.644	 -0.395
       8.648	 -0.405
       8.652	 -0.410
       8.656	 -0.475
       8.660	 -0.590
       8.664	 -0.685
       8.668	 -0.715
       8.672	 -0.735
       8.676	 -0.735
       8.680	 -0.720
       8.684	 -0.705
       8.688	 -0.700
       8.692	 -0.745
       8.696	 -0.905
       8.700	 -1.095
       8.704	 -1.210
       8.708	 -1.275
       8.712	 -1.410
       8.716	 -1.640
       8.720	 -1.890
       8.724	 -2.065
       8.728	 -2.095
       8.732	 -1.975
       8.736	 -1.905
       8.740	 -1.880
       8.744	 -1.750
       8.748	 -1.555
       8.752	 -1.365
       8.756	 -1.210
       8.760	 -1.070
       8.764	 -0.970
       8.768	 -0.870
       8.772	 -0.735
       8.776	 -0.590
       8.780	 -0.475
       8.784	 -0.350
       8.788	 -0.225
       8.792	 -0.105
       8.796	 -0.040
       8.800	  0.035
       8.804	  0.100
       8.808	  0.160
       8.812	  0.195
       8.816	  0.225
       8.820	  0.250
       8.824	  0.285
       8.828	  0.300
       8.832	  0.320
       8.836	  0.350
       8.840	  0.380
       8.844	  0.395
       8.848	  0.430
       8.852	  0.450
       8.856	  0.475
       8.860	  0.500
       8.864	  0.510
       8.868	  0.515
       8.872	  0.540
       8.876	  0.555
       8.880	  0.550
       8.884	  0.550
       8.888	  0.560
       8.892	  0.570
       8.896	  0.570
       8.900	  0.560
       8.904	  0.560
       8.908	  0.550
       8.912	  0.540
       8.916	  0.530
       8.920	  0.515
       8.924	  0.495
       8.928	  0.475
       8.932	  0.465
       8.936	  0.445
       8.940	  0.420
       8.944	  0.400
       8.948	  0.385
       8.952	  0.390
       8.956	  0.380
       8.960	  0.370
       8.964	  0.360
       8.968	  0.340
       8.972	  0.330
       8.976	  0.340
       8.980	  0.345
       8.984	  0.395
       8.988	  0.430
       8.992	  0.455
       8.996	  0.460
       9.000	  0.480
       9.004	  0.480
       9.008	  0.480
       9.012	  0.435
       9.016	  0.400
       9.020	  0.390
       9.024	  0.380
       9.028	  0.350
       9.032	  0.295
       9.036	  0.210
       9.040	  0.165
       9.044	  0.140
       9.048	  0.095
       9.052	  0.055
       9.056	 -0.025
       9.060	 -0.090
       9.064	 -0.135
       9.068	 -0.185
       9.072	 -0.215
       9.076	 -0.220
       9.080	 -0.240
       9.084	 -0.250
       9.088	 -0.265
       9.092	 -0.280
       9.096	 -0.295
       9.100	 -0.295
       9.104	 -0.305
       9.108	 -0.305
       9.112	 -0.320
       9.116	 -0.315
       9.120	 -0.305
       9.124	 -0.310
       9.128	 -0.320
       9.132	 -0.320
       9.136	 -0.320
       9.140	 -0.320
       9.144	 -0.315
       9.148	 -0.305
       9.152	 -0.300
       9.156	 -0.300
       9.160	 -0.275
       9.164	 -0.245
       9.168	 -0.250
       9.172	 -0.285
       9.176	 -0.310
       9.180	 -0.345
       9.184	 -0.345
       9.188	 -0.390
       9.192	 -0.495
       9.196	 -0.615
       9.200	 -0.670
       9.204	 -0.690
       9.208	 -0.710
       9.212	 -0.690
       9.216	 -0.670
       9.220	 -0.640
       9.224	 -0.645
       9.228	 -0.770
       9.232	 -0.965
       9.236	 -1.120
       9.240	 -1.195
       9.244	 -1.285
       9.248	 -1.485
       9.252	 -1.740
       9.256	 -1.955
       9.260	 -2.040
       9.264	 -1.970
       9.268	 -1.870
       9.272	 -1.850
       9.276	 -1.775
       9.280	 -1.590
       9.284	 -1.400
       9.288	 -1.245
       9.292	 -1.065
       9.296	 -0.920
       9.300	 -0.800
       9.304	 -0.660
       9.308	 -0.510
       9.312	 -0.400
       9.316	 -0.285
       9.320	 -0.180
       9.324	 -0.065
       9.328	  0.020
       9.332	  0.080
       9.336	  0.145
       9.340	  0.200
       9.344	  0.245
       9.348	  0.280
       9.352	  0.315
       9.356	  0.340
       9.360	  0.370
       9.364	  0.375
       9.368	  0.405
       9.372	  0.435
       9.376	  0.475
       9.380	  0.490
       9.384	  0.500
       9.388	  0.510
       9.392	  0.550
       9.396	  0.560
       9.400	  0.580
       9.404	  0.590
       9.408	  0.600
       9.412	  0.595
       9.416	  0.595
       9.420	  0.610
       9.424	  0.615
       9.428	  0.600
       9.432	  0.605
       9.436	  0.595
       9.440	  0.595
       9.444	  0.580
       9.448	  0.565
       9.452	  0.550
       9.456	  0.530
       9.460	  0.515
       9.464	  0.490
       9.468	  0.475
       9.472	  0.460
       9.476	  0.455
       9.480	  0.435
       9.484	  0.425
       9.488	  0.415
       9.492	  0.410
       9.496	  0.400
       9.500	  0.380
       9.504	  0.355
       9.508	  0.360
       9.512	  0.375
       9.516	  0.410
       9.520	  0.440
       9.524	  0.470
       9.528	  0.490
       9.532	  0.505
       9.536	  0.505
       9.540	  0.490
       9.544	  0.470
       9.548	  0.450
       9.552	  0.440
       9.556	  0.425
       9.560	  0.410
       9.564	  0.355
       9.568	  0.275
       9.572	  0.210
       9.576	  0.175
       9.580	  0.115
       9.584	  0.100
       9.588	  0.055
       9.592	 -0.025
       9.596	 -0.080
       9.600	 -0.115
       9.604	 -0.160
       9.608	 -0.180
       9.612	 -0.210
       9.616	 -0.210
       9.620	 -0.220
       9.624	 -0.225
       9.628	 -0.235
       9.632	 -0.245
       9.636	 -0.265
       9.640	 -0.270
       9.644	 -0.270
       9.648	 -0.270
       9.652	 -0.275
       9.656	 -0.280
       9.660	 -0.280
       9.664	 -0.285
       9.668	 -0.290
       9.672	 -0.290
       9.676	 -0.285
       9.680	 -0.285
       9.684	 -0.285
       9.688	 -0.265
       9.692	 -0.250
       9.696	 -0.215
       9.700	 -0.165
       9.704	 -0.190
       9.708	 -0.175
       9.712	 -0.160
       9.716	 -0.160
       9.720	 -0.200
       9.724	 -0.270
       9.728	 -0.365
       9.732	 -0.470
       9.736	 -0.515
       9.740	 -0.550
       9.744	 -0.575
       9.748	 -0.605
       9.752	 -0.620
       9.756	 -0.680
       9.760	 -0.795
       9.764	 -0.990
       9.768	 -1.150
       9.772	 -1.235
       9.776	 -1.275
       9.780	 -1.425
       9.784	 -1.640
       9.788	 -1.865
       9.792	 -2.010
       9.796	 -2.035
       9.800	 -1.930
       9.804	 -1.875
       9.808	 -1.820
       9.812	 -1.680
       9.816	 -1.490
       9.820	 -1.310
       9.824	 -1.155
       9.828	 -1.030
       9.832	 -0.915
       9.836	 -0.790
       9.840	 -0.640
       9.844	 -0.520
       9.848	 -0.415
       9.852	 -0.320
       9.856	 -0.225
       9.860	 -0.130
       9.864	 -0.090
       9.868	 -0.050
       9.872	  0.025
       9.876	  0.070
       9.880	  0.070
       9.884	  0.090
       9.888	  0.110
       9.892	  0.135
       9.896	  0.145
       9.900	  0.155
       9.904	  0.155
       9.908	  0.180
       9.912	  0.205
       9.916	  0.225
       9.920	  0.235
       9.924	  0.245
       9.928	  0.245
       9.932	  0.265
       9.936	  0.275
       9.940	  0.290
       9.944	  0.300
       9.948	  0.305
       9.952	  0.310
       9.956	  0.295
       9.960	  0.300
       9.964	  0.295
       9.968	  0.290
       9.972	  0.285
       9.976	  0.280
       9.980	  0.260
       9.984	  0.245
       9.988	  0.220
       9.992	  0.200
       9.996	  0.175
