Elapsed_time	ECG
       0.000	 -0.028
       0.004	 -0.158
       0.008	 -0.275
       0.012	 -0.365
       0.016	 -0.420
       0.020	 -0.440
       0.024	 -0.435
       0.028	 -0.432
       0.032	 -0.440
       0.036	 -0.477
       0.040	 -0.537
       0.044	 -0.615
       0.048	 -0.682
       0.052	 -0.748
       0.056	 -0.800
       0.060	 -0.855
       0.064	 -0.885
       0.068	 -0.900
       0.072	 -0.890
       0.076	 -0.870
       0.080	 -0.825
       0.084	 -0.765
       0.088	 -0.695
       0.092	 -0.600
       0.096	 -0.495
       0.100	 -0.383
       0.104	 -0.255
       0.108	 -0.110
       0.112	  0.037
       0.116	  0.172
       0.120	  0.300
       0.124	  0.425
       0.128	  0.547
       0.132	  0.690
       0.136	  0.833
       0.140	  0.975
       0.144	  1.107
       0.148	  1.238
       0.152	  1.347
       0.156	  1.440
       0.160	  1.500
       0.164	  1.558
       0.168	  1.587
       0.172	  1.583
       0.176	  1.522
       0.180	  1.410
       0.184	  1.245
       0.188	  1.035
       0.192	  0.823
       0.196	  0.620
       0.200	  0.458
       0.204	  0.345
       0.208	  0.268
       0.212	  0.188
       0.216	  0.125
       0.220	  0.052
       0.224	 -0.020
       0.228	 -0.083
       0.232	 -0.140
       0.236	 -0.200
       0.240	 -0.260
       0.244	 -0.312
       0.248	 -0.343
       0.252	 -0.367
       0.256	 -0.395
       0.260	 -0.440
       0.264	 -0.485
       0.268	 -0.540
       0.272	 -0.593
       0.276	 -0.645
       0.280	 -0.682
       0.284	 -0.713
       0.288	 -0.728
       0.292	 -0.713
       0.296	 -0.688
       0.300	 -0.635
       0.304	 -0.560
       0.308	 -0.455
       0.312	 -0.343
       0.316	 -0.217
       0.320	 -0.113
       0.324	 -0.020
       0.328	  0.058
       0.332	  0.117
       0.336	  0.155
       0.340	  0.188
       0.344	  0.210
       0.348	  0.255
       0.352	  0.323
       0.356	  0.432
       0.360	  0.578
       0.364	  0.750
       0.368	  0.915
       0.372	  1.073
       0.376	  1.208
       0.380	  1.335
       0.384	  1.440
       0.388	  1.512
       0.392	  1.558
       0.396	  1.573
       0.400	  1.583
       0.404	  1.575
       0.408	  1.535
       0.412	  1.417
       0.416	  1.260
       0.420	  1.070
       0.424	  0.882
       0.428	  0.675
       0.432	  0.480
       0.436	  0.290
       0.440	  0.135
       0.444	  0.022
       0.448	 -0.043
       0.452	 -0.068
       0.456	 -0.083
       0.460	 -0.098
       0.464	 -0.117
       0.468	 -0.155
       0.472	 -0.210
       0.476	 -0.290
       0.480	 -0.372
       0.484	 -0.480
       0.488	 -0.593
       0.492	 -0.690
       0.496	 -0.772
       0.500	 -0.838
       0.504	 -0.877
       0.508	 -0.900
       0.512	 -0.897
       0.516	 -0.860
       0.520	 -0.800
       0.524	 -0.713
       0.528	 -0.620
       0.532	 -0.500
       0.536	 -0.367
       0.540	 -0.233
       0.544	 -0.105
       0.548	  0.028
       0.552	  0.113
       0.556	  0.180
       0.560	  0.240
       0.564	  0.312
       0.568	  0.388
       0.572	  0.465
       0.576	  0.547
       0.580	  0.630
       0.584	  0.705
       0.588	  0.757
       0.592	  0.785
       0.596	  0.792
       0.600	  0.807
       0.604	  0.825
       0.608	  0.855
       0.612	  0.877
       0.616	  0.900
       0.620	  0.900
       0.624	  0.882
       0.628	  0.823
       0.632	  0.728
       0.636	  0.623
       0.640	  0.517
       0.644	  0.412
       0.648	  0.307
       0.652	  0.203
       0.656	  0.113
       0.660	  0.045
       0.664	  0.013
       0.668	 -0.028
       0.672	 -0.068
       0.676	 -0.120
       0.680	 -0.163
       0.684	 -0.215
       0.688	 -0.270
       0.692	 -0.328
       0.696	 -0.383
       0.700	 -0.420
       0.704	 -0.455
       0.708	 -0.480
       0.712	 -0.525
       0.716	 -0.568
       0.720	 -0.613
       0.724	 -0.652
       0.728	 -0.698
       0.732	 -0.725
       0.736	 -0.728
       0.740	 -0.710
       0.744	 -0.675
       0.748	 -0.600
       0.752	 -0.515
       0.756	 -0.405
       0.760	 -0.285
       0.764	 -0.140
       0.768	  0.013
       0.772	  0.147
       0.776	  0.275
       0.780	  0.403
       0.784	  0.540
       0.788	  0.690
       0.792	  0.855
       0.796	  0.998
       0.800	  1.117
       0.804	  1.208
       0.808	  1.275
       0.812	  1.305
       0.816	  1.312
       0.820	  1.282
       0.824	  1.205
       0.828	  1.103
       0.832	  1.002
       0.836	  0.922
       0.840	  0.860
       0.844	  0.795
       0.848	  0.718
       0.852	  0.590
       0.856	  0.440
       0.860	  0.290
       0.864	  0.170
       0.868	  0.065
       0.872	 -0.022
       0.876	 -0.083
       0.880	 -0.135
       0.884	 -0.188
       0.888	 -0.237
       0.892	 -0.285
       0.896	 -0.345
       0.900	 -0.390
       0.904	 -0.427
       0.908	 -0.472
       0.912	 -0.525
       0.916	 -0.575
       0.920	 -0.635
       0.924	 -0.695
       0.928	 -0.762
       0.932	 -0.810
       0.936	 -0.855
       0.940	 -0.892
       0.944	 -0.930
       0.948	 -0.950
       0.952	 -0.968
       0.956	 -0.995
       0.960	 -1.018
       0.964	 -1.005
       0.968	 -0.943
       0.972	 -0.830
       0.976	 -0.688
       0.980	 -0.517
       0.984	 -0.328
       0.988	 -0.120
       0.992	  0.102
       0.996	  0.300
       1.000	  0.492
       1.004	  0.675
       1.008	  0.855
       1.012	  1.032
       1.016	  1.208
       1.020	  1.355
       1.024	  1.468
       1.028	  1.535
       1.032	  1.583
       1.036	  1.605
       1.040	  1.625
       1.044	  1.633
       1.048	  1.633
       1.052	  1.610
       1.056	  1.567
       1.060	  1.498
       1.064	  1.407
       1.068	  1.280
       1.072	  1.107
       1.076	  0.892
       1.080	  0.660
       1.084	  0.425
       1.088	  0.215
       1.092	  0.045
       1.096	 -0.098
       1.100	 -0.215
       1.104	 -0.315
       1.108	 -0.405
       1.112	 -0.480
       1.116	 -0.530
       1.120	 -0.562
       1.124	 -0.578
       1.128	 -0.608
       1.132	 -0.650
       1.136	 -0.710
       1.140	 -0.770
       1.144	 -0.830
       1.148	 -0.877
       1.152	 -0.938
       1.156	 -1.005
       1.160	 -1.073
       1.164	 -1.125
       1.168	 -1.155
       1.172	 -1.175
       1.176	 -1.170
       1.180	 -1.155
       1.184	 -1.117
       1.188	 -1.058
       1.192	 -0.965
       1.196	 -0.863
       1.200	 -0.735
       1.204	 -0.593
       1.208	 -0.432
       1.212	 -0.255
       1.216	 -0.058
       1.220	  0.165
       1.224	  0.372
       1.228	  0.552
       1.232	  0.710
       1.236	  0.838
       1.240	  0.960
       1.244	  1.073
       1.248	  1.185
       1.252	  1.282
       1.256	  1.357
       1.260	  1.423
       1.264	  1.470
       1.268	  1.500
       1.272	  1.500
       1.276	  1.498
       1.280	  1.508
       1.284	  1.515
       1.288	  1.470
       1.292	  1.325
       1.296	  1.110
       1.300	  0.885
       1.304	  0.665
       1.308	  0.492
       1.312	  0.345
       1.316	  0.225
       1.320	  0.105
       1.324	  0.005
       1.328	 -0.095
       1.332	 -0.155
       1.336	 -0.207
       1.340	 -0.255
       1.344	 -0.312
       1.348	 -0.372
       1.352	 -0.448
       1.356	 -0.515
       1.360	 -0.575
       1.364	 -0.623
       1.368	 -0.688
       1.372	 -0.755
       1.376	 -0.815
       1.380	 -0.868
       1.384	 -0.897
       1.388	 -0.905
       1.392	 -0.905
       1.396	 -0.920
       1.400	 -0.938
       1.404	 -0.960
       1.408	 -0.975
       1.412	 -0.975
       1.416	 -0.950
       1.420	 -0.912
       1.424	 -0.855
       1.428	 -0.780
       1.432	 -0.657
       1.436	 -0.500
       1.440	 -0.307
       1.444	 -0.110
       1.448	  0.110
       1.452	  0.297
       1.456	  0.470
       1.460	  0.627
       1.464	  0.777
       1.468	  0.907
       1.472	  1.025
       1.476	  1.137
       1.480	  1.238
       1.484	  1.335
       1.488	  1.433
       1.492	  1.530
       1.496	  1.590
       1.500	  1.587
       1.504	  1.515
       1.508	  1.410
       1.512	  1.288
       1.516	  1.167
       1.520	  1.042
       1.524	  0.900
       1.528	  0.720
       1.532	  0.545
       1.536	  0.367
       1.540	  0.210
       1.544	  0.075
       1.548	 -0.035
       1.552	 -0.110
       1.556	 -0.177
       1.560	 -0.240
       1.564	 -0.285
       1.568	 -0.315
       1.572	 -0.330
       1.576	 -0.307
       1.580	 -0.278
       1.584	 -0.255
       1.588	 -0.255
       1.592	 -0.278
       1.596	 -0.335
       1.600	 -0.395
       1.604	 -0.455
       1.608	 -0.525
       1.612	 -0.608
       1.616	 -0.675
       1.620	 -0.725
       1.624	 -0.743
       1.628	 -0.750
       1.632	 -0.733
       1.636	 -0.725
       1.640	 -0.718
       1.644	 -0.720
       1.648	 -0.703
       1.652	 -0.657
       1.656	 -0.568
       1.660	 -0.432
       1.664	 -0.263
       1.668	 -0.072
       1.672	  0.113
       1.676	  0.282
       1.680	  0.435
       1.684	  0.570
       1.688	  0.680
       1.692	  0.785
       1.696	  0.868
       1.700	  0.930
       1.704	  0.988
       1.708	  1.042
       1.712	  1.095
       1.716	  1.140
       1.720	  1.145
       1.724	  1.117
       1.728	  1.065
       1.732	  1.025
       1.736	  0.995
       1.740	  0.973
       1.744	  0.938
       1.748	  0.897
       1.752	  0.840
       1.756	  0.777
       1.760	  0.698
       1.764	  0.613
       1.768	  0.515
       1.772	  0.417
       1.776	  0.323
       1.780	  0.223
       1.784	  0.140
       1.788	  0.080
       1.792	  0.052
       1.796	  0.050
       1.800	  0.060
       1.804	  0.072
       1.808	  0.072
       1.812	  0.058
       1.816	  0.052
       1.820	  0.043
       1.824	  0.020
       1.828	 -0.043
       1.832	 -0.102
       1.836	 -0.185
       1.840	 -0.285
       1.844	 -0.395
       1.848	 -0.492
       1.852	 -0.593
       1.856	 -0.680
       1.860	 -0.740
       1.864	 -0.765
       1.868	 -0.772
       1.872	 -0.762
       1.876	 -0.733
       1.880	 -0.690
       1.884	 -0.623
       1.888	 -0.530
       1.892	 -0.410
       1.896	 -0.268
       1.900	 -0.090
       1.904	  0.113
       1.908	  0.312
       1.912	  0.477
       1.916	  0.608
       1.920	  0.710
       1.924	  0.787
       1.928	  0.840
       1.932	  0.877
       1.936	  0.870
       1.940	  0.802
       1.944	  0.698
       1.948	  0.578
       1.952	  0.455
       1.956	  0.360
       1.960	  0.305
       1.964	  0.292
       1.968	  0.307
       1.972	  0.343
       1.976	  0.375
       1.980	  0.398
       1.984	  0.420
       1.988	  0.432
       1.992	  0.432
       1.996	  0.417
       2.000	  0.383
       2.004	  0.320
       2.008	  0.263
       2.012	  0.203
       2.016	  0.158
       2.020	  0.117
       2.024	  0.087
       2.028	  0.058
       2.032	  0.045
       2.036	  0.043
       2.040	  0.035
       2.044	  0.020
       2.048	 -0.015
       2.052	 -0.058
       2.056	 -0.113
       2.060	 -0.177
       2.064	 -0.230
       2.068	 -0.278
       2.072	 -0.305
       2.076	 -0.323
       2.080	 -0.345
       2.084	 -0.365
       2.088	 -0.367
       2.092	 -0.338
       2.096	 -0.315
       2.100	 -0.180
       2.104	 -0.083
       2.108	  0.028
       2.112	  0.098
       2.116	  0.155
       2.120	  0.203
       2.124	  0.245
       2.128	  0.278
       2.132	  0.320
       2.136	  0.352
       2.140	  0.367
       2.144	  0.372
       2.148	  0.357
       2.152	  0.305
       2.156	  0.217
       2.160	  0.117
       2.164	  0.028
       2.168	 -0.037
       2.172	 -0.052
       2.176	 -0.020
       2.180	  0.045
       2.184	  0.113
       2.188	  0.172
       2.192	  0.225
       2.196	  0.255
       2.200	  0.282
       2.204	  0.282
       2.208	  0.268
       2.212	  0.225
       2.216	  0.188
       2.220	  0.133
       2.224	  0.072
       2.228	  0.013
       2.232	 -0.037
       2.236	 -0.058
       2.240	 -0.050
       2.244	 -0.022
       2.248	  0.052
       2.252	  0.125
       2.256	  0.177
       2.260	  0.200
       2.264	  0.177
       2.268	  0.133
       2.272	  0.080
       2.276	  0.037
       2.280	 -0.015
       2.284	 -0.043
       2.288	 -0.068
       2.292	 -0.083
       2.296	 -0.098
       2.300	 -0.083
       2.304	 -0.035
       2.308	  0.060
       2.312	  0.158
       2.316	  0.268
       2.320	  0.367
       2.324	  0.472
       2.328	  0.570
       2.332	  0.675
       2.336	  0.757
       2.340	  0.792
       2.344	  0.777
       2.348	  0.735
       2.352	  0.667
       2.356	  0.598
       2.360	  0.525
       2.364	  0.432
       2.368	  0.297
       2.372	  0.125
       2.376	 -0.075
       2.380	 -0.270
       2.384	 -0.410
       2.388	 -0.487
       2.392	 -0.502
       2.396	 -0.470
       2.400	 -0.395
       2.404	 -0.300
       2.408	 -0.203
       2.412	 -0.125
       2.416	 -0.035
       2.420	  0.052
       2.424	  0.125
       2.428	  0.177
       2.432	  0.225
       2.436	  0.260
       2.440	  0.285
       2.444	  0.307
       2.448	  0.343
       2.452	  0.367
       2.456	  0.367
       2.460	  0.343
       2.464	  0.270
       2.468	  0.177
       2.472	  0.072
       2.476	 -0.035
       2.480	 -0.113
       2.484	 -0.163
       2.488	 -0.188
       2.492	 -0.188
       2.496	 -0.180
       2.500	 -0.170
       2.504	 -0.180
       2.508	 -0.200
       2.512	 -0.225
       2.516	 -0.225
       2.520	 -0.203
       2.524	 -0.147
       2.528	 -0.058
       2.532	  0.083
       2.536	  0.225
       2.540	  0.372
       2.544	  0.507
       2.548	  0.637
       2.552	  0.757
       2.556	  0.863
       2.560	  0.953
       2.564	  1.010
       2.568	  1.048
       2.572	  1.065
       2.576	  1.070
       2.580	  1.050
       2.584	  0.990
       2.588	  0.863
       2.592	  0.623
       2.596	  0.315
       2.600	  0.035
       2.604	 -0.237
       2.608	 -0.420
       2.612	 -0.525
       2.616	 -0.552
       2.620	 -0.540
       2.624	 -0.502
       2.628	 -0.440
       2.632	 -0.360
       2.636	 -0.275
       2.640	 -0.180
       2.644	 -0.087
       2.648	  0.022
       2.652	  0.125
       2.656	  0.207
       2.660	  0.270
       2.664	  0.305
       2.668	  0.320
       2.672	  0.323
       2.676	  0.320
       2.680	  0.305
       2.684	  0.285
       2.688	  0.247
       2.692	  0.195
       2.696	  0.120
       2.700	  0.035
       2.704	 -0.068
       2.708	 -0.155
       2.712	 -0.233
       2.716	 -0.278
       2.720	 -0.300
       2.724	 -0.290
       2.728	 -0.270
       2.732	 -0.230
       2.736	 -0.172
       2.740	 -0.075
       2.744	  0.045
       2.748	  0.193
       2.752	  0.338
       2.756	  0.465
       2.760	  0.570
       2.764	  0.642
       2.768	  0.690
       2.772	  0.725
       2.776	  0.735
       2.780	  0.705
       2.784	  0.660
       2.788	  0.600
       2.792	  0.568
       2.796	  0.537
       2.800	  0.522
       2.804	  0.472
       2.808	  0.372
       2.812	  0.200
       2.816	  0.000
       2.820	 -0.210
       2.824	 -0.383
       2.828	 -0.517
       2.832	 -0.593
       2.836	 -0.635
       2.840	 -0.642
       2.844	 -0.608
       2.848	 -0.537
       2.852	 -0.450
       2.856	 -0.352
       2.860	 -0.245
       2.864	 -0.155
       2.868	 -0.087
       2.872	 -0.043
       2.876	  0.005
       2.880	  0.035
       2.884	  0.080
       2.888	  0.125
       2.892	  0.170
       2.896	  0.195
       2.900	  0.215
       2.904	  0.230
       2.908	  0.245
       2.912	  0.253
       2.916	  0.268
       2.920	  0.275
       2.924	  0.275
       2.928	  0.255
       2.932	  0.225
       2.936	  0.177
       2.940	  0.125
       2.944	  0.087
       2.948	  0.072
       2.952	  0.090
       2.956	  0.140
       2.960	  0.225
       2.964	  0.338
       2.968	  0.465
       2.972	  0.590
       2.976	  0.703
       2.980	  0.787
       2.984	  0.855
       2.988	  0.892
       2.992	  0.922
       2.996	  0.930
       3.000	  0.938
       3.004	  0.930
       3.008	  0.905
       3.012	  0.868
       3.016	  0.840
       3.020	  0.802
       3.024	  0.728
       3.028	  0.568
       3.032	  0.320
       3.036	  0.035
       3.040	 -0.230
       3.044	 -0.395
       3.048	 -0.465
       3.052	 -0.480
       3.056	 -0.480
       3.060	 -0.472
       3.064	 -0.463
       3.068	 -0.435
       3.072	 -0.398
       3.076	 -0.357
       3.080	 -0.330
       3.084	 -0.315
       3.088	 -0.320
       3.092	 -0.328
       3.096	 -0.343
       3.100	 -0.343
       3.104	 -0.330
       3.108	 -0.305
       3.112	 -0.278
       3.116	 -0.233
       3.120	 -0.188
       3.124	 -0.150
       3.128	 -0.120
       3.132	 -0.083
       3.136	 -0.045
       3.140	 -0.022
       3.144	  0.013
       3.148	  0.035
       3.152	  0.058
       3.156	  0.090
       3.160	  0.133
       3.164	  0.177
       3.168	  0.225
       3.172	  0.268
       3.176	  0.315
       3.180	  0.365
       3.184	  0.435
       3.188	  0.515
       3.192	  0.615
       3.196	  0.713
       3.200	  0.807
       3.204	  0.882
       3.208	  0.938
       3.212	  0.965
       3.216	  0.983
       3.220	  0.960
       3.224	  0.915
       3.228	  0.840
       3.232	  0.777
       3.236	  0.733
       3.240	  0.682
       3.244	  0.608
       3.248	  0.435
       3.252	  0.158
       3.256	 -0.155
       3.260	 -0.405
       3.264	 -0.575
       3.268	 -0.660
       3.272	 -0.688
       3.276	 -0.675
       3.280	 -0.642
       3.284	 -0.570
       3.288	 -0.492
       3.292	 -0.420
       3.296	 -0.375
       3.300	 -0.350
       3.304	 -0.350
       3.308	 -0.375
       3.312	 -0.420
       3.316	 -0.435
       3.320	 -0.417
       3.324	 -0.343
       3.328	 -0.230
       3.332	 -0.087
       3.336	  0.060
       3.340	  0.165
       3.344	  0.233
       3.348	  0.253
       3.352	  0.230
       3.356	  0.193
       3.360	  0.155
       3.364	  0.125
       3.368	  0.110
       3.372	  0.102
       3.376	  0.090
       3.380	  0.080
       3.384	  0.083
       3.388	  0.102
       3.392	  0.142
       3.396	  0.200
       3.400	  0.285
       3.404	  0.383
       3.408	  0.495
       3.412	  0.605
       3.416	  0.718
       3.420	  0.802
       3.424	  0.868
       3.428	  0.907
       3.432	  0.938
       3.436	  0.950
       3.440	  0.935
       3.444	  0.897
       3.448	  0.845
       3.452	  0.772
       3.456	  0.680
       3.460	  0.540
       3.464	  0.312
       3.468	  0.028
       3.472	 -0.290
       3.476	 -0.555
       3.480	 -0.750
       3.484	 -0.840
       3.488	 -0.868
       3.492	 -0.840
       3.496	 -0.785
       3.500	 -0.705
       3.504	 -0.623
       3.508	 -0.547
       3.512	 -0.480
       3.516	 -0.405
       3.520	 -0.335
       3.524	 -0.270
       3.528	 -0.215
       3.532	 -0.155
       3.536	 -0.080
       3.540	  0.028
       3.544	  0.142
       3.548	  0.263
       3.552	  0.375
       3.556	  0.472
       3.560	  0.547
       3.564	  0.598
       3.568	  0.645
       3.572	  0.698
       3.576	  0.750
       3.580	  0.792
       3.584	  0.840
       3.588	  0.870
       3.592	  0.900
       3.596	  0.915
       3.600	  0.927
       3.604	  0.927
       3.608	  0.927
       3.612	  0.915
       3.616	  0.922
       3.620	  0.930
       3.624	  0.945
       3.628	  0.965
       3.632	  0.988
       3.636	  0.995
       3.640	  0.980
       3.644	  0.960
       3.648	  0.945
       3.652	  0.927
       3.656	  0.897
       3.660	  0.840
       3.664	  0.740
       3.668	  0.575
       3.672	  0.323
       3.676	  0.028
       3.680	 -0.278
       3.684	 -0.517
       3.688	 -0.680
       3.692	 -0.757
       3.696	 -0.785
       3.700	 -0.757
       3.704	 -0.713
       3.708	 -0.665
       3.712	 -0.630
       3.716	 -0.608
       3.720	 -0.608
       3.724	 -0.623
       3.728	 -0.645
       3.732	 -0.650
       3.736	 -0.657
       3.740	 -0.657
       3.744	 -0.645
       3.748	 -0.620
       3.752	 -0.583
       3.756	 -0.525
       3.760	 -0.448
       3.764	 -0.365
       3.768	 -0.270
       3.772	 -0.158
       3.776	 -0.045
       3.780	  0.058
       3.784	  0.172
       3.788	  0.285
       3.792	  0.403
       3.796	  0.510
       3.800	  0.613
       3.804	  0.682
       3.808	  0.728
       3.812	  0.743
       3.816	  0.748
       3.820	  0.733
       3.824	  0.718
       3.828	  0.705
       3.832	  0.720
       3.836	  0.748
       3.840	  0.772
       3.844	  0.800
       3.848	  0.815
       3.852	  0.838
       3.856	  0.870
       3.860	  0.927
       3.864	  0.968
       3.868	  0.995
       3.872	  0.965
       3.876	  0.863
       3.880	  0.680
       3.884	  0.450
       3.888	  0.188
       3.892	 -0.080
       3.896	 -0.300
       3.900	 -0.458
       3.904	 -0.575
       3.908	 -0.642
       3.912	 -0.680
       3.916	 -0.703
       3.920	 -0.718
       3.924	 -0.733
       3.928	 -0.743
       3.932	 -0.743
       3.936	 -0.748
       3.940	 -0.750
       3.944	 -0.750
       3.948	 -0.743
       3.952	 -0.720
       3.956	 -0.675
       3.960	 -0.615
       3.964	 -0.547
       3.968	 -0.465
       3.972	 -0.388
       3.976	 -0.292
       3.980	 -0.207
       3.984	 -0.105
       3.988	  0.005
       3.992	  0.113
       3.996	  0.223
       4.000	  0.352
       4.004	  0.470
       4.008	  0.570
       4.012	  0.642
       4.016	  0.713
       4.020	  0.765
       4.024	  0.818
       4.028	  0.882
       4.032	  0.958
       4.036	  1.032
       4.040	  1.103
       4.044	  1.147
       4.048	  1.155
       4.052	  1.133
       4.056	  1.103
       4.060	  1.087
       4.064	  1.080
       4.068	  1.085
       4.072	  1.103
       4.076	  1.133
       4.080	  1.167
       4.084	  1.183
       4.088	  1.130
       4.092	  0.998
       4.096	  0.787
       4.100	  0.547
       4.104	  0.285
       4.108	  0.020
       4.112	 -0.260
       4.116	 -0.502
       4.120	 -0.682
       4.124	 -0.785
       4.128	 -0.815
       4.132	 -0.795
       4.136	 -0.765
       4.140	 -0.743
       4.144	 -0.728
       4.148	 -0.743
       4.152	 -0.770
       4.156	 -0.818
       4.160	 -0.868
       4.164	 -0.922
       4.168	 -0.965
       4.172	 -1.010
       4.176	 -1.028
       4.180	 -1.020
       4.184	 -0.960
       4.188	 -0.875
       4.192	 -0.770
       4.196	 -0.652
       4.200	 -0.510
       4.204	 -0.365
       4.208	 -0.210
       4.212	 -0.068
       4.216	  0.083
       4.220	  0.207
       4.224	  0.323
       4.228	  0.435
       4.232	  0.547
       4.236	  0.652
       4.240	  0.765
       4.244	  0.890
       4.248	  1.012
       4.252	  1.140
       4.256	  1.268
       4.260	  1.395
       4.264	  1.500
       4.268	  1.587
       4.272	  1.640
       4.276	  1.647
       4.280	  1.620
       4.284	  1.580
       4.288	  1.530
       4.292	  1.505
       4.296	  1.475
       4.300	  1.433
       4.304	  1.347
       4.308	  1.200
       4.312	  0.983
       4.316	  0.743
       4.320	  0.492
       4.324	  0.237
       4.328	 -0.022
       4.332	 -0.278
       4.336	 -0.540
       4.340	 -0.795
       4.344	 -0.998
       4.348	 -1.133
       4.352	 -1.190
       4.356	 -1.190
       4.360	 -1.147
       4.364	 -1.095
       4.368	 -1.035
       4.372	 -0.980
       4.376	 -0.927
       4.380	 -0.875
       4.384	 -0.825
       4.388	 -0.787
       4.392	 -0.755
       4.396	 -0.735
       4.400	 -0.710
       4.404	 -0.698
       4.408	 -0.695
       4.412	 -0.698
       4.416	 -0.682
       4.420	 -0.667
       4.424	 -0.637
       4.428	 -0.598
       4.432	 -0.545
       4.436	 -0.480
       4.440	 -0.398
       4.444	 -0.282
       4.448	 -0.135
       4.452	  0.052
       4.456	  0.253
       4.460	  0.465
       4.464	  0.667
       4.468	  0.863
       4.472	  1.048
       4.476	  1.220
       4.480	  1.373
       4.484	  1.528
       4.488	  1.657
       4.492	  1.755
       4.496	  1.827
       4.500	  1.880
       4.504	  1.897
       4.508	  1.883
       4.512	  1.820
       4.516	  1.722
       4.520	  1.595
       4.524	  1.440
       4.528	  1.272
       4.532	  1.093
       4.536	  0.915
       4.540	  0.740
       4.544	  0.562
       4.548	  0.360
       4.552	  0.158
       4.556	 -0.068
       4.560	 -0.292
       4.564	 -0.522
       4.568	 -0.733
       4.572	 -0.927
       4.576	 -1.070
       4.580	 -1.175
       4.584	 -1.220
       4.588	 -1.222
       4.592	 -1.185
       4.596	 -1.103
       4.600	 -0.983
       4.604	 -0.863
       4.608	 -0.755
       4.612	 -0.675
       4.616	 -0.605
       4.620	 -0.532
       4.624	 -0.470
       4.628	 -0.410
       4.632	 -0.357
       4.636	 -0.312
       4.640	 -0.260
       4.644	 -0.195
       4.648	 -0.135
       4.652	 -0.072
       4.656	  0.020
       4.660	  0.117
       4.664	  0.223
       4.668	  0.338
       4.672	  0.455
       4.676	  0.568
       4.680	  0.688
       4.684	  0.815
       4.688	  0.930
       4.692	  1.042
       4.696	  1.133
       4.700	  1.215
       4.704	  1.272
       4.708	  1.320
       4.712	  1.350
       4.716	  1.377
       4.720	  1.393
       4.724	  1.395
       4.728	  1.403
       4.732	  1.410
       4.736	  1.425
       4.740	  1.433
       4.744	  1.425
       4.748	  1.380
       4.752	  1.295
       4.756	  1.167
       4.760	  1.005
       4.764	  0.787
       4.768	  0.525
       4.772	  0.210
       4.776	 -0.128
       4.780	 -0.470
       4.784	 -0.770
       4.788	 -1.028
       4.792	 -1.215
       4.796	 -1.333
       4.800	 -1.385
       4.804	 -1.425
       4.808	 -1.452
       4.812	 -1.475
       4.816	 -1.478
       4.820	 -1.470
       4.824	 -1.433
       4.828	 -1.347
       4.832	 -1.212
       4.836	 -1.035
       4.840	 -0.853
       4.844	 -0.680
       4.848	 -0.532
       4.852	 -0.405
       4.856	 -0.305
       4.860	 -0.203
       4.864	 -0.102
       4.868	  0.028
       4.872	  0.142
       4.876	  0.245
       4.880	  0.315
       4.884	  0.375
       4.888	  0.417
       4.892	  0.463
       4.896	  0.515
       4.900	  0.598
       4.904	  0.682
       4.908	  0.770
       4.912	  0.840
       4.916	  0.912
       4.920	  0.983
       4.924	  1.050
       4.928	  1.123
       4.932	  1.177
       4.936	  1.235
       4.940	  1.290
       4.944	  1.340
       4.948	  1.370
       4.952	  1.380
       4.956	  1.363
       4.960	  1.327
       4.964	  1.265
       4.968	  1.185
       4.972	  1.070
       4.976	  0.930
       4.980	  0.748
       4.984	  0.547
       4.988	  0.315
       4.992	  0.087
       4.996	 -0.150
       5.000	 -0.350
       5.004	 -0.532
       5.008	 -0.690
       5.012	 -0.830
       5.016	 -0.943
       5.020	 -1.028
       5.024	 -1.077
       5.028	 -1.080
       5.032	 -1.055
       5.036	 -1.005
       5.040	 -0.945
       5.044	 -0.877
       5.048	 -0.800
       5.052	 -0.703
       5.056	 -0.590
       5.060	 -0.458
       5.064	 -0.335
       5.068	 -0.215
       5.072	 -0.110
       5.076	 -0.013
       5.080	  0.083
       5.084	  0.170
       5.088	  0.237
       5.092	  0.300
       5.096	  0.365
       5.100	  0.432
       5.104	  0.485
       5.108	  0.522
       5.112	  0.547
       5.116	  0.570
       5.120	  0.593
       5.124	  0.623
       5.128	  0.652
       5.132	  0.688
       5.136	  0.713
       5.140	  0.735
       5.144	  0.757
       5.148	  0.765
       5.152	  0.765
       5.156	  0.743
       5.160	  0.713
       5.164	  0.667
       5.168	  0.642
       5.172	  0.630
       5.176	  0.623
       5.180	  0.598
       5.184	  0.570
       5.188	  0.515
       5.192	  0.425
       5.196	  0.312
       5.200	  0.195
       5.204	  0.072
       5.208	 -0.060
       5.212	 -0.185
       5.216	 -0.312
       5.220	 -0.458
       5.224	 -0.605
       5.228	 -0.755
       5.232	 -0.915
       5.236	 -1.058
       5.240	 -1.177
       5.244	 -1.250
       5.248	 -1.288
       5.252	 -1.275
       5.256	 -1.215
       5.260	 -1.125
       5.264	 -1.005
       5.268	 -0.860
       5.272	 -0.703
       5.276	 -0.530
       5.280	 -0.350
       5.284	 -0.155
       5.288	  0.037
       5.292	  0.210
       5.296	  0.357
       5.300	  0.495
       5.304	  0.600
       5.308	  0.672
       5.312	  0.733
       5.316	  0.787
       5.320	  0.840
       5.324	  0.890
       5.328	  0.950
       5.332	  1.005
       5.336	  1.065
       5.340	  1.110
       5.344	  1.140
       5.348	  1.153
       5.352	  1.163
       5.356	  1.160
       5.360	  1.160
       5.364	  1.153
       5.368	  1.147
       5.372	  1.130
       5.376	  1.095
       5.380	  1.035
       5.384	  0.968
       5.388	  0.892
       5.392	  0.807
       5.396	  0.718
       5.400	  0.630
       5.404	  0.540
       5.408	  0.450
       5.412	  0.372
       5.416	  0.290
       5.420	  0.188
       5.424	  0.058
       5.428	 -0.102
       5.432	 -0.268
       5.436	 -0.425
       5.440	 -0.568
       5.444	 -0.672
       5.448	 -0.755
       5.452	 -0.802
       5.456	 -0.848
       5.460	 -0.877
       5.464	 -0.905
       5.468	 -0.892
       5.472	 -0.853
       5.476	 -0.780
       5.480	 -0.698
       5.484	 -0.605
       5.488	 -0.525
       5.492	 -0.463
       5.496	 -0.410
       5.500	 -0.343
       5.504	 -0.253
       5.508	 -0.142
       5.512	 -0.020
       5.516	  0.110
       5.520	  0.215
       5.524	  0.312
       5.528	  0.405
       5.532	  0.502
       5.536	  0.615
       5.540	  0.725
       5.544	  0.825
       5.548	  0.900
       5.552	  0.958
       5.556	  0.983
       5.560	  0.988
       5.564	  0.958
       5.568	  0.922
       5.572	  0.860
       5.576	  0.795
       5.580	  0.728
       5.584	  0.682
       5.588	  0.645
       5.592	  0.620
       5.596	  0.593
       5.600	  0.562
       5.604	  0.515
       5.608	  0.448
       5.612	  0.390
       5.616	  0.350
       5.620	  0.328
       5.624	  0.297
       5.628	  0.247
       5.632	  0.165
       5.636	  0.072
       5.640	 -0.060
       5.644	 -0.195
       5.648	 -0.330
       5.652	 -0.455
       5.656	 -0.540
       5.660	 -0.575
       5.664	 -0.578
       5.668	 -0.537
       5.672	 -0.487
       5.676	 -0.450
       5.680	 -0.435
       5.684	 -0.412
       5.688	 -0.395
       5.692	 -0.375
       5.696	 -0.352
       5.700	 -0.328
       5.704	 -0.300
       5.708	 -0.278
       5.712	 -0.260
       5.716	 -0.260
       5.720	 -0.263
       5.724	 -0.270
       5.728	 -0.260
       5.732	 -0.245
       5.736	 -0.210
       5.740	 -0.165
       5.744	 -0.095
       5.748	  0.007
       5.752	  0.133
       5.756	  0.247
       5.760	  0.367
       5.764	  0.470
       5.768	  0.555
       5.772	  0.620
       5.776	  0.657
       5.780	  0.660
       5.784	  0.652
       5.788	  0.627
       5.792	  0.598
       5.796	  0.570
       5.800	  0.552
       5.804	  0.540
       5.808	  0.532
       5.812	  0.532
       5.816	  0.537
       5.820	  0.552
       5.824	  0.570
       5.828	  0.598
       5.832	  0.608
       5.836	  0.600
       5.840	  0.570
       5.844	  0.517
       5.848	  0.450
       5.852	  0.390
       5.856	  0.335
       5.860	  0.278
       5.864	  0.210
       5.868	  0.147
       5.872	  0.083
       5.876	  0.028
       5.880	 -0.030
       5.884	 -0.068
       5.888	 -0.113
       5.892	 -0.158
       5.896	 -0.207
       5.900	 -0.237
       5.904	 -0.253
       5.908	 -0.247
       5.912	 -0.233
       5.916	 -0.215
       5.920	 -0.193
       5.924	 -0.172
       5.928	 -0.155
       5.932	 -0.135
       5.936	 -0.120
       5.940	 -0.133
       5.944	 -0.155
       5.948	 -0.188
       5.952	 -0.215
       5.956	 -0.233
       5.960	 -0.230
       5.964	 -0.223
       5.968	 -0.193
       5.972	 -0.150
       5.976	 -0.090
       5.980	 -0.030
       5.984	  0.037
       5.988	  0.087
       5.992	  0.128
       5.996	  0.172
       6.000	  0.233
       6.004	  0.312
       6.008	  0.403
       6.012	  0.507
       6.016	  0.598
       6.020	  0.682
       6.024	  0.750
       6.028	  0.810
       6.032	  0.848
       6.036	  0.877
       6.040	  0.875
       6.044	  0.853
       6.048	  0.800
       6.052	  0.748
       6.056	  0.698
       6.060	  0.667
       6.064	  0.645
       6.068	  0.635
       6.072	  0.620
       6.076	  0.608
       6.080	  0.585
       6.084	  0.555
       6.088	  0.515
       6.092	  0.465
       6.096	  0.405
       6.100	  0.350
       6.104	  0.282
       6.108	  0.195
       6.112	  0.105
       6.116	 -0.015
       6.120	 -0.133
       6.124	 -0.240
       6.128	 -0.320
       6.132	 -0.365
       6.136	 -0.365
       6.140	 -0.343
       6.144	 -0.300
       6.148	 -0.268
       6.152	 -0.260
       6.156	 -0.292
       6.160	 -0.357
       6.164	 -0.450
       6.168	 -0.537
       6.172	 -0.627
       6.176	 -0.710
       6.180	 -0.777
       6.184	 -0.802
       6.188	 -0.795
       6.192	 -0.748
       6.196	 -0.665
       6.200	 -0.545
       6.204	 -0.417
       6.208	 -0.290
       6.212	 -0.180
       6.216	 -0.087
       6.220	  0.013
       6.224	  0.095
       6.228	  0.180
       6.232	  0.270
       6.236	  0.383
       6.240	  0.500
       6.244	  0.613
       6.248	  0.703
       6.252	  0.780
       6.256	  0.845
       6.260	  0.897
       6.264	  0.930
       6.268	  0.958
       6.272	  0.988
       6.276	  1.012
       6.280	  1.020
       6.284	  1.012
       6.288	  0.968
       6.292	  0.905
       6.296	  0.823
       6.300	  0.748
       6.304	  0.672
       6.308	  0.620
       6.312	  0.590
       6.316	  0.570
       6.320	  0.562
       6.324	  0.560
       6.328	  0.555
       6.332	  0.530
       6.336	  0.502
       6.340	  0.465
       6.344	  0.427
       6.348	  0.383
       6.352	  0.352
       6.356	  0.323
       6.360	  0.297
       6.364	  0.268
       6.368	  0.237
       6.372	  0.172
       6.376	  0.090
       6.380	 -0.020
       6.384	 -0.117
       6.388	 -0.230
       6.392	 -0.335
       6.396	 -0.420
       6.400	 -0.472
       6.404	 -0.510
       6.408	 -0.525
       6.412	 -0.525
       6.416	 -0.525
       6.420	 -0.507
       6.424	 -0.487
       6.428	 -0.450
       6.432	 -0.412
       6.436	 -0.357
       6.440	 -0.300
       6.444	 -0.230
       6.448	 -0.155
       6.452	 -0.072
       6.456	  0.022
       6.460	  0.105
       6.464	  0.180
       6.468	  0.263
       6.472	  0.345
       6.476	  0.435
       6.480	  0.515
       6.484	  0.593
       6.488	  0.652
       6.492	  0.698
       6.496	  0.728
       6.500	  0.770
       6.504	  0.823
       6.508	  0.877
       6.512	  0.938
       6.516	  0.968
       6.520	  0.980
       6.524	  0.965
       6.528	  0.935
       6.532	  0.877
       6.536	  0.818
       6.540	  0.757
       6.544	  0.720
       6.548	  0.690
       6.552	  0.682
       6.556	  0.682
       6.560	  0.690
       6.564	  0.690
       6.568	  0.705
       6.572	  0.705
       6.576	  0.710
       6.580	  0.713
       6.584	  0.713
       6.588	  0.682
       6.592	  0.608
       6.596	  0.472
       6.600	  0.270
       6.604	  0.028
       6.608	 -0.240
       6.612	 -0.480
       6.616	 -0.695
       6.620	 -0.848
       6.624	 -0.958
       6.628	 -1.020
       6.632	 -1.058
       6.636	 -1.058
       6.640	 -1.040
       6.644	 -1.005
       6.648	 -0.968
       6.652	 -0.935
       6.656	 -0.915
       6.660	 -0.907
       6.664	 -0.922
       6.668	 -0.915
       6.672	 -0.885
       6.676	 -0.818
       6.680	 -0.718
       6.684	 -0.568
       6.688	 -0.398
       6.692	 -0.230
       6.696	 -0.075
       6.700	  0.075
       6.704	  0.163
       6.708	  0.245
       6.712	  0.345
       6.716	  0.465
       6.720	  0.605
       6.724	  0.740
       6.728	  0.860
       6.732	  0.943
       6.736	  0.988
       6.740	  0.998
       6.744	  0.983
       6.748	  0.943
       6.752	  0.900
       6.756	  0.853
       6.760	  0.810
       6.764	  0.770
       6.768	  0.740
       6.772	  0.698
       6.776	  0.645
       6.780	  0.593
       6.784	  0.545
       6.788	  0.507
       6.792	  0.477
       6.796	  0.470
       6.800	  0.477
       6.804	  0.495
       6.808	  0.502
       6.812	  0.480
       6.816	  0.388
       6.820	  0.223
       6.824	  0.013
       6.828	 -0.215
       6.832	 -0.427
       6.836	 -0.623
       6.840	 -0.787
       6.844	 -0.907
       6.848	 -0.980
       6.852	 -0.980
       6.856	 -0.960
       6.860	 -0.930
       6.864	 -0.900
       6.868	 -0.845
       6.872	 -0.757
       6.876	 -0.667
       6.880	 -0.568
       6.884	 -0.455
       6.888	 -0.350
       6.892	 -0.247
       6.896	 -0.158
       6.900	 -0.087
       6.904	 -0.013
       6.908	  0.065
       6.912	  0.135
       6.916	  0.203
       6.920	  0.263
       6.924	  0.312
       6.928	  0.357
       6.932	  0.398
       6.936	  0.448
       6.940	  0.500
       6.944	  0.562
       6.948	  0.630
       6.952	  0.705
       6.956	  0.770
       6.960	  0.830
       6.964	  0.882
       6.968	  0.943
       6.972	  0.995
       6.976	  1.042
       6.980	  1.080
       6.984	  1.110
       6.988	  1.130
       6.992	  1.130
       6.996	  1.133
       7.000	  1.125
       7.004	  1.107
       7.008	  1.070
       7.012	  1.010
       7.016	  0.912
       7.020	  0.800
       7.024	  0.688
       7.028	  0.578
       7.032	  0.450
       7.036	  0.282
       7.040	  0.030
       7.044	 -0.282
       7.048	 -0.590
       7.052	 -0.833
       7.056	 -1.002
       7.060	 -1.115
       7.064	 -1.198
       7.068	 -1.235
       7.072	 -1.250
       7.076	 -1.238
       7.080	 -1.205
       7.084	 -1.140
       7.088	 -1.055
       7.092	 -0.943
       7.096	 -0.807
       7.100	 -0.667
       7.104	 -0.510
       7.108	 -0.343
       7.112	 -0.165
       7.116	  0.007
       7.120	  0.155
       7.124	  0.275
       7.128	  0.388
       7.132	  0.458
       7.136	  0.502
       7.140	  0.507
       7.144	  0.487
       7.148	  0.443
       7.152	  0.403
       7.156	  0.345
       7.160	  0.292
       7.164	  0.245
       7.168	  0.215
       7.172	  0.203
       7.176	  0.203
       7.180	  0.210
       7.184	  0.245
       7.188	  0.292
       7.192	  0.350
       7.196	  0.412
       7.200	  0.472
       7.204	  0.540
       7.208	  0.620
       7.212	  0.705
       7.216	  0.777
       7.220	  0.853
       7.224	  0.915
       7.228	  0.973
       7.232	  1.010
       7.236	  1.005
       7.240	  0.975
       7.244	  0.915
       7.248	  0.833
       7.252	  0.740
       7.256	  0.608
       7.260	  0.432
       7.264	  0.223
       7.268	  0.000
       7.272	 -0.223
       7.276	 -0.432
       7.280	 -0.630
       7.284	 -0.802
       7.288	 -0.960
       7.292	 -1.080
       7.296	 -1.160
       7.300	 -1.190
       7.304	 -1.163
       7.308	 -1.095
       7.312	 -0.995
       7.316	 -0.890
       7.320	 -0.777
       7.324	 -0.672
       7.328	 -0.575
       7.332	 -0.495
       7.336	 -0.405
       7.340	 -0.330
       7.344	 -0.255
       7.348	 -0.200
       7.352	 -0.128
       7.356	 -0.072
       7.360	 -0.020
       7.364	  0.030
       7.368	  0.065
       7.372	  0.080
       7.376	  0.080
       7.380	  0.075
       7.384	  0.087
       7.388	  0.090
       7.392	  0.090
       7.396	  0.095
       7.400	  0.098
       7.404	  0.125
       7.408	  0.180
       7.412	  0.270
       7.416	  0.372
       7.420	  0.485
       7.424	  0.585
       7.428	  0.675
       7.432	  0.740
       7.436	  0.780
       7.440	  0.777
       7.444	  0.735
       7.448	  0.682
       7.452	  0.645
       7.456	  0.630
       7.460	  0.627
       7.464	  0.620
       7.468	  0.615
       7.472	  0.608
       7.476	  0.578
       7.480	  0.525
       7.484	  0.443
       7.488	  0.323
       7.492	  0.177
       7.496	  0.013
       7.500	 -0.188
       7.504	 -0.383
       7.508	 -0.570
       7.512	 -0.728
       7.516	 -0.860
       7.520	 -0.950
       7.524	 -0.980
       7.528	 -0.945
       7.532	 -0.855
       7.536	 -0.713
       7.540	 -0.552
       7.544	 -0.388
       7.548	 -0.230
       7.552	 -0.068
       7.556	  0.068
       7.560	  0.150
       7.564	  0.200
       7.568	  0.237
       7.572	  0.260
       7.576	  0.275
       7.580	  0.290
       7.584	  0.312
       7.588	  0.330
       7.592	  0.345
       7.596	  0.365
       7.600	  0.372
       7.604	  0.395
       7.608	  0.420
       7.612	  0.455
       7.616	  0.487
       7.620	  0.537
       7.624	  0.583
       7.628	  0.637
       7.632	  0.682
       7.636	  0.733
       7.640	  0.757
       7.644	  0.750
       7.648	  0.705
       7.652	  0.630
       7.656	  0.552
       7.660	  0.477
       7.664	  0.420
       7.668	  0.403
       7.672	  0.390
       7.676	  0.388
       7.680	  0.380
       7.684	  0.372
       7.688	  0.335
       7.692	  0.282
       7.696	  0.207
       7.700	  0.105
       7.704	  0.007
       7.708	 -0.110
       7.712	 -0.225
       7.716	 -0.357
       7.720	 -0.470
       7.724	 -0.555
       7.728	 -0.583
       7.732	 -0.570
       7.736	 -0.510
       7.740	 -0.435
       7.744	 -0.360
       7.748	 -0.285
       7.752	 -0.215
       7.756	 -0.150
       7.760	 -0.098
       7.764	 -0.058
       7.768	  0.005
       7.772	  0.045
       7.776	  0.087
       7.780	  0.125
       7.784	  0.158
       7.788	  0.193
       7.792	  0.237
       7.796	  0.285
       7.800	  0.330
       7.804	  0.380
       7.808	  0.420
       7.812	  0.450
       7.816	  0.465
       7.820	  0.485
       7.824	  0.507
       7.828	  0.545
       7.832	  0.593
       7.836	  0.665
       7.840	  0.743
       7.844	  0.818
       7.848	  0.877
       7.852	  0.935
       7.856	  0.953
       7.860	  0.945
       7.864	  0.897
       7.868	  0.848
       7.872	  0.792
       7.876	  0.720
       7.880	  0.652
       7.884	  0.590
       7.888	  0.530
       7.892	  0.492
       7.896	  0.455
       7.900	  0.403
       7.904	  0.352
       7.908	  0.307
       7.912	  0.268
       7.916	  0.210
       7.920	  0.147
       7.924	  0.052
       7.928	 -0.065
       7.932	 -0.188
       7.936	 -0.300
       7.940	 -0.395
       7.944	 -0.440
       7.948	 -0.443
       7.952	 -0.403
       7.956	 -0.335
       7.960	 -0.240
       7.964	 -0.155
       7.968	 -0.065
       7.972	  0.007
       7.976	  0.052
       7.980	  0.087
       7.984	  0.117
       7.988	  0.147
       7.992	  0.165
       7.996	  0.170
       8.000	  0.147
       8.004	  0.117
       8.008	  0.072
       8.012	  0.015
       8.016	 -0.060
       8.020	 -0.113
       8.024	 -0.158
       8.028	 -0.193
       8.032	 -0.215
       8.036	 -0.210
       8.040	 -0.185
       8.044	 -0.117
       8.048	  0.000
       8.052	  0.142
       8.056	  0.297
       8.060	  0.465
       8.064	  0.650
       8.068	  0.825
       8.072	  0.958
       8.076	  1.005
       8.080	  0.973
       8.084	  0.877
       8.088	  0.765
       8.092	  0.665
       8.096	  0.590
       8.100	  0.517
       8.104	  0.463
       8.108	  0.395
       8.112	  0.330
       8.116	  0.255
       8.120	  0.188
       8.124	  0.113
       8.128	  0.045
       8.132	 -0.030
       8.136	 -0.095
       8.140	 -0.177
       8.144	 -0.275
       8.148	 -0.380
       8.152	 -0.458
       8.156	 -0.510
       8.160	 -0.517
       8.164	 -0.502
       8.168	 -0.432
       8.172	 -0.335
       8.176	 -0.217
       8.180	 -0.095
       8.184	  0.028
       8.188	  0.128
       8.192	  0.215
       8.196	  0.305
       8.200	  0.365
       8.204	  0.403
       8.208	  0.410
       8.212	  0.388
       8.216	  0.338
       8.220	  0.290
       8.224	  0.253
       8.228	  0.233
       8.232	  0.225
       8.236	  0.237
       8.240	  0.245
       8.244	  0.253
       8.248	  0.255
       8.252	  0.268
       8.256	  0.270
       8.260	  0.275
       8.264	  0.275
       8.268	  0.282
       8.272	  0.297
       8.276	  0.357
       8.280	  0.470
       8.284	  0.627
       8.288	  0.802
       8.292	  0.958
       8.296	  1.042
       8.300	  1.018
       8.304	  0.890
       8.308	  0.680
       8.312	  0.450
       8.316	  0.253
       8.320	  0.128
       8.324	  0.045
       8.328	  0.000
       8.332	 -0.058
       8.336	 -0.098
       8.340	 -0.155
       8.344	 -0.233
       8.348	 -0.328
       8.352	 -0.395
       8.356	 -0.435
       8.360	 -0.450
       8.364	 -0.450
       8.368	 -0.425
       8.372	 -0.398
       8.376	 -0.375
       8.380	 -0.338
       8.384	 -0.300
       8.388	 -0.240
       8.392	 -0.165
       8.396	 -0.080
       8.400	  0.015
       8.404	  0.105
       8.408	  0.195
       8.412	  0.285
       8.416	  0.357
       8.420	  0.420
       8.424	  0.472
       8.428	  0.517
       8.432	  0.547
       8.436	  0.578
       8.440	  0.590
       8.444	  0.583
       8.448	  0.555
       8.452	  0.525
       8.456	  0.480
       8.460	  0.420
       8.464	  0.365
       8.468	  0.323
       8.472	  0.297
       8.476	  0.290
       8.480	  0.312
       8.484	  0.352
       8.488	  0.420
       8.492	  0.495
       8.496	  0.568
       8.500	  0.623
       8.504	  0.660
       8.508	  0.652
       8.512	  0.605
       8.516	  0.487
       8.520	  0.328
       8.524	  0.135
       8.528	 -0.060
       8.532	 -0.195
       8.536	 -0.263
       8.540	 -0.297
       8.544	 -0.305
       8.548	 -0.315
       8.552	 -0.323
       8.556	 -0.330
       8.560	 -0.335
       8.564	 -0.335
       8.568	 -0.307
       8.572	 -0.268
       8.576	 -0.215
       8.580	 -0.155
       8.584	 -0.117
       8.588	 -0.098
       8.592	 -0.090
       8.596	 -0.087
       8.600	 -0.095
       8.604	 -0.098
       8.608	 -0.102
       8.612	 -0.105
       8.616	 -0.110
       8.620	 -0.113
       8.624	 -0.117
       8.628	 -0.110
       8.632	 -0.095
       8.636	 -0.050
       8.640	  0.005
       8.644	  0.052
       8.648	  0.098
       8.652	  0.140
       8.656	  0.172
       8.660	  0.200
       8.664	  0.210
       8.668	  0.223
       8.672	  0.233
       8.676	  0.245
       8.680	  0.275
       8.684	  0.305
       8.688	  0.350
       8.692	  0.405
       8.696	  0.480
       8.700	  0.552
       8.704	  0.637
       8.708	  0.720
       8.712	  0.800
       8.716	  0.855
       8.720	  0.882
       8.724	  0.838
       8.728	  0.725
       8.732	  0.568
       8.736	  0.405
       8.740	  0.255
       8.744	  0.128
       8.748	  0.013
       8.752	 -0.095
       8.756	 -0.165
       8.760	 -0.195
       8.764	 -0.188
       8.768	 -0.163
       8.772	 -0.140
       8.776	 -0.128
       8.780	 -0.125
       8.784	 -0.125
       8.788	 -0.110
       8.792	 -0.068
       8.796	  0.007
       8.800	  0.095
       8.804	  0.193
       8.808	  0.263
       8.812	  0.315
       8.816	  0.345
       8.820	  0.375
       8.824	  0.395
       8.828	  0.410
       8.832	  0.403
       8.836	  0.403
       8.840	  0.390
       8.844	  0.383
       8.848	  0.367
       8.852	  0.352
       8.856	  0.330
       8.860	  0.315
       8.864	  0.300
       8.868	  0.297
       8.872	  0.300
       8.876	  0.312
       8.880	  0.328
       8.884	  0.345
       8.888	  0.372
       8.892	  0.403
       8.896	  0.432
       8.900	  0.458
       8.904	  0.487
       8.908	  0.507
       8.912	  0.517
       8.916	  0.515
       8.920	  0.495
       8.924	  0.435
       8.928	  0.345
       8.932	  0.233
       8.936	  0.128
       8.940	  0.020
       8.944	 -0.095
       8.948	 -0.185
       8.952	 -0.247
       8.956	 -0.290
       8.960	 -0.323
       8.964	 -0.360
       8.968	 -0.398
       8.972	 -0.435
       8.976	 -0.465
       8.980	 -0.485
       8.984	 -0.500
       8.988	 -0.492
       8.992	 -0.465
       8.996	 -0.398
       9.000	 -0.300
       9.004	 -0.188
       9.008	 -0.095
       9.012	 -0.022
       9.016	  0.028
       9.020	  0.065
       9.024	  0.095
       9.028	  0.117
       9.032	  0.120
       9.036	  0.133
       9.040	  0.150
       9.044	  0.193
       9.048	  0.247
       9.052	  0.320
       9.056	  0.390
       9.060	  0.450
       9.064	  0.485
       9.068	  0.500
       9.072	  0.502
       9.076	  0.507
       9.080	  0.525
       9.084	  0.545
       9.088	  0.583
       9.092	  0.623
       9.096	  0.672
       9.100	  0.710
       9.104	  0.748
       9.108	  0.770
       9.112	  0.765
       9.116	  0.743
       9.120	  0.698
       9.124	  0.615
       9.128	  0.507
       9.132	  0.375
       9.136	  0.253
       9.140	  0.133
       9.144	  0.028
       9.148	 -0.058
       9.152	 -0.087
       9.156	 -0.090
       9.160	 -0.083
       9.164	 -0.083
       9.168	 -0.087
       9.172	 -0.110
       9.176	 -0.155
       9.180	 -0.207
       9.184	 -0.268
       9.188	 -0.330
       9.192	 -0.380
       9.196	 -0.420
       9.200	 -0.450
       9.204	 -0.455
       9.208	 -0.432
       9.212	 -0.367
       9.216	 -0.285
       9.220	 -0.180
       9.224	 -0.065
       9.228	  0.072
       9.232	  0.203
       9.236	  0.365
       9.240	  0.532
       9.244	  0.690
       9.248	  0.818
       9.252	  0.920
       9.256	  0.975
       9.260	  1.005
       9.264	  1.012
       9.268	  0.990
       9.272	  0.950
       9.276	  0.877
       9.280	  0.787
       9.284	  0.695
       9.288	  0.615
       9.292	  0.540
       9.296	  0.485
       9.300	  0.425
       9.304	  0.388
       9.308	  0.360
       9.312	  0.357
       9.316	  0.367
       9.320	  0.417
       9.324	  0.487
       9.328	  0.568
       9.332	  0.620
       9.336	  0.667
       9.340	  0.667
       9.344	  0.657
       9.348	  0.652
       9.352	  0.665
       9.356	  0.672
       9.360	  0.645
       9.364	  0.575
       9.368	  0.450
       9.372	  0.285
       9.376	  0.075
       9.380	 -0.150
       9.384	 -0.343
       9.388	 -0.477
       9.392	 -0.555
       9.396	 -0.585
       9.400	 -0.615
       9.404	 -0.652
       9.408	 -0.718
       9.412	 -0.777
       9.416	 -0.825
       9.420	 -0.838
       9.424	 -0.818
       9.428	 -0.770
       9.432	 -0.690
       9.436	 -0.583
       9.440	 -0.470
       9.444	 -0.350
       9.448	 -0.217
       9.452	 -0.065
       9.456	  0.120
       9.460	  0.297
       9.464	  0.480
       9.468	  0.657
       9.472	  0.823
       9.476	  0.958
       9.480	  1.070
       9.484	  1.137
       9.488	  1.160
       9.492	  1.140
       9.496	  1.087
       9.500	  1.005
       9.504	  0.900
       9.508	  0.765
       9.512	  0.608
       9.516	  0.455
       9.520	  0.335
       9.524	  0.245
       9.528	  0.177
       9.532	  0.128
       9.536	  0.098
       9.540	  0.075
       9.544	  0.052
       9.548	  0.052
       9.552	  0.072
       9.556	  0.098
       9.560	  0.135
       9.564	  0.180
       9.568	  0.210
       9.572	  0.233
       9.576	  0.247
       9.580	  0.263
       9.584	  0.278
       9.588	  0.297
       9.592	  0.307
       9.596	  0.270
       9.600	  0.170
       9.604	  0.007
       9.608	 -0.210
       9.612	 -0.425
       9.616	 -0.627
       9.620	 -0.785
       9.624	 -0.915
       9.628	 -1.018
       9.632	 -1.095
       9.636	 -1.130
       9.640	 -1.123
       9.644	 -1.058
       9.648	 -0.953
       9.652	 -0.825
       9.656	 -0.703
       9.660	 -0.598
       9.664	 -0.500
       9.668	 -0.412
       9.672	 -0.320
       9.676	 -0.195
       9.680	 -0.030
       9.684	  0.170
       9.688	  0.375
       9.692	  0.568
       9.696	  0.743
       9.700	  0.890
       9.704	  1.028
       9.708	  1.153
       9.712	  1.245
       9.716	  1.312
       9.720	  1.370
       9.724	  1.400
       9.728	  1.400
       9.732	  1.363
       9.736	  1.312
       9.740	  1.230
       9.744	  1.125
       9.748	  0.998
       9.752	  0.882
       9.756	  0.770
       9.760	  0.680
       9.764	  0.600
       9.768	  0.522
       9.772	  0.432
       9.776	  0.323
       9.780	  0.203
       9.784	  0.075
       9.788	 -0.050
       9.792	 -0.140
       9.796	 -0.195
       9.800	 -0.230
       9.804	 -0.230
       9.808	 -0.225
       9.812	 -0.223
       9.816	 -0.240
       9.820	 -0.263
       9.824	 -0.320
       9.828	 -0.398
       9.832	 -0.495
       9.836	 -0.578
       9.840	 -0.637
       9.844	 -0.667
       9.848	 -0.665
       9.852	 -0.635
       9.856	 -0.583
       9.860	 -0.515
       9.864	 -0.448
       9.868	 -0.395
       9.872	 -0.338
       9.876	 -0.285
       9.880	 -0.215
       9.884	 -0.133
       9.888	 -0.045
       9.892	  0.043
       9.896	  0.110
       9.900	  0.158
       9.904	  0.210
       9.908	  0.247
       9.912	  0.297
       9.916	  0.343
       9.920	  0.405
       9.924	  0.470
       9.928	  0.532
       9.932	  0.598
       9.936	  0.667
       9.940	  0.720
       9.944	  0.755
       9.948	  0.772
       9.952	  0.777
       9.956	  0.792
       9.960	  0.815
       9.964	  0.848
       9.968	  0.877
       9.972	  0.897
       9.976	  0.892
       9.980	  0.870
       9.984	  0.818
       9.988	  0.748
       9.992	  0.672
       9.996	  0.585
