Elapsed_time	ECG
       0.000	  0.253
       0.004	  0.140
       0.008	  0.080
       0.012	  0.072
       0.016	  0.098
       0.020	  0.087
       0.024	  0.043
       0.028	 -0.065
       0.032	 -0.270
       0.036	 -0.388
       0.040	 -0.367
       0.044	 -0.307
       0.048	 -0.225
       0.052	 -0.090
       0.056	  0.000
       0.060	  0.015
       0.064	 -0.022
       0.068	 -0.155
       0.072	 -0.240
       0.076	 -0.320
       0.080	 -0.307
       0.084	 -0.255
       0.088	 -0.292
       0.092	 -0.345
       0.096	 -0.323
       0.100	 -0.282
       0.104	 -0.225
       0.108	 -0.203
       0.112	 -0.225
       0.116	 -0.233
       0.120	 -0.247
       0.124	 -0.307
       0.128	 -0.275
       0.132	 -0.043
       0.136	  0.163
       0.140	  0.278
       0.144	  0.345
       0.148	  0.405
       0.152	  0.470
       0.156	  0.575
       0.160	  0.770
       0.164	  0.960
       0.168	  1.125
       0.172	  1.192
       0.176	  1.065
       0.180	  0.905
       0.184	  0.905
       0.188	  1.125
       0.192	  1.425
       0.196	  1.377
       0.200	  0.960
       0.204	  0.465
       0.208	  0.060
       0.212	 -0.268
       0.216	 -0.532
       0.220	 -0.830
       0.224	 -0.988
       0.228	 -0.980
       0.232	 -0.900
       0.236	 -0.833
       0.240	 -0.838
       0.244	 -0.968
       0.248	 -1.115
       0.252	 -1.147
       0.256	 -1.208
       0.260	 -1.198
       0.264	 -1.155
       0.268	 -1.107
       0.272	 -1.077
       0.276	 -1.073
       0.280	 -1.070
       0.284	 -1.028
       0.288	 -1.020
       0.292	 -0.990
       0.296	 -0.968
       0.300	 -0.968
       0.304	 -0.930
       0.308	 -0.840
       0.312	 -0.825
       0.316	 -0.875
       0.320	 -1.010
       0.324	 -1.245
       0.328	 -1.445
       0.332	 -1.470
       0.336	 -1.403
       0.340	 -1.305
       0.344	 -1.242
       0.348	 -1.288
       0.352	 -1.325
       0.356	 -1.373
       0.360	 -1.393
       0.364	 -1.340
       0.368	 -1.265
       0.372	 -1.190
       0.376	 -1.145
       0.380	 -1.125
       0.384	 -1.085
       0.388	 -0.983
       0.392	 -0.868
       0.396	 -0.770
       0.400	 -0.680
       0.404	 -0.613
       0.408	 -0.600
       0.412	 -0.615
       0.416	 -0.623
       0.420	 -0.637
       0.424	 -0.570
       0.428	 -0.463
       0.432	 -0.420
       0.436	 -0.465
       0.440	 -0.525
       0.444	 -0.645
       0.448	 -0.807
       0.452	 -0.860
       0.456	 -0.825
       0.460	 -0.765
       0.464	 -0.698
       0.468	 -0.720
       0.472	 -0.823
       0.476	 -0.845
       0.480	 -0.810
       0.484	 -0.740
       0.488	 -0.703
       0.492	 -0.735
       0.496	 -0.777
       0.500	 -0.772
       0.504	 -0.807
       0.508	 -0.795
       0.512	 -0.750
       0.516	 -0.725
       0.520	 -0.735
       0.524	 -0.765
       0.528	 -0.818
       0.532	 -0.890
       0.536	 -0.900
       0.540	 -0.838
       0.544	 -0.818
       0.548	 -0.830
       0.552	 -0.818
       0.556	 -0.810
       0.560	 -0.860
       0.564	 -0.897
       0.568	 -0.877
       0.572	 -0.833
       0.576	 -0.787
       0.580	 -0.757
       0.584	 -0.755
       0.588	 -0.848
       0.592	 -0.945
       0.596	 -0.953
       0.600	 -0.875
       0.604	 -0.765
       0.608	 -0.660
       0.612	 -0.635
       0.616	 -0.713
       0.620	 -0.762
       0.624	 -0.733
       0.628	 -0.672
       0.632	 -0.620
       0.636	 -0.590
       0.640	 -0.517
       0.644	 -0.417
       0.648	 -0.335
       0.652	 -0.285
       0.656	 -0.200
       0.660	 -0.110
       0.664	 -0.045
       0.668	 -0.072
       0.672	 -0.345
       0.676	 -0.650
       0.680	 -0.845
       0.684	 -0.900
       0.688	 -0.848
       0.692	 -0.765
       0.696	 -0.810
       0.700	 -0.935
       0.704	 -0.980
       0.708	 -0.965
       0.712	 -0.927
       0.716	 -0.907
       0.720	 -0.905
       0.724	 -0.922
       0.728	 -1.065
       0.732	 -1.235
       0.736	 -1.325
       0.740	 -1.350
       0.744	 -1.385
       0.748	 -1.317
       0.752	 -1.245
       0.756	 -1.200
       0.760	 -1.133
       0.764	 -1.055
       0.768	 -1.058
       0.772	 -1.145
       0.776	 -1.163
       0.780	 -1.198
       0.784	 -1.208
       0.788	 -1.208
       0.792	 -1.190
       0.796	 -1.170
       0.800	 -1.155
       0.804	 -1.155
       0.808	 -1.087
       0.812	 -1.018
       0.816	 -0.998
       0.820	 -1.048
       0.824	 -1.058
       0.828	 -0.945
       0.832	 -0.765
       0.836	 -0.502
       0.840	 -0.207
       0.844	 -0.075
       0.848	 -0.080
       0.852	 -0.028
       0.856	  0.170
       0.860	  0.357
       0.864	  0.540
       0.868	  0.660
       0.872	  0.642
       0.876	  0.688
       0.880	  0.863
       0.884	  1.103
       0.888	  1.290
       0.892	  1.073
       0.896	  0.540
       0.900	 -0.050
       0.904	 -0.590
       0.908	 -1.062
       0.912	 -1.320
       0.916	 -1.403
       0.920	 -1.430
       0.924	 -1.377
       0.928	 -1.265
       0.932	 -1.163
       0.936	 -1.177
       0.940	 -1.275
       0.944	 -1.430
       0.948	 -1.500
       0.952	 -1.455
       0.956	 -1.355
       0.960	 -1.238
       0.964	 -1.177
       0.968	 -1.192
       0.972	 -1.208
       0.976	 -1.133
       0.980	 -1.055
       0.984	 -1.080
       0.988	 -1.175
       0.992	 -1.280
       0.996	 -1.340
       1.000	 -1.335
       1.004	 -1.310
       1.008	 -1.230
       1.012	 -1.198
       1.016	 -1.177
       1.020	 -1.145
       1.024	 -1.145
       1.028	 -1.185
       1.032	 -1.252
       1.036	 -1.265
       1.040	 -1.190
       1.044	 -1.058
       1.048	 -0.973
       1.052	 -0.965
       1.056	 -0.995
       1.060	 -1.115
       1.064	 -1.268
       1.068	 -1.355
       1.072	 -1.347
       1.076	 -1.252
       1.080	 -1.062
       1.084	 -0.905
       1.088	 -0.785
       1.092	 -0.720
       1.096	 -0.682
       1.100	 -0.570
       1.104	 -0.472
       1.108	 -0.380
       1.112	 -0.323
       1.116	 -0.307
       1.120	 -0.320
       1.124	 -0.323
       1.128	 -0.315
       1.132	 -0.297
       1.136	 -0.275
       1.140	 -0.275
       1.144	 -0.270
       1.148	 -0.225
       1.152	 -0.193
       1.156	 -0.177
       1.160	 -0.150
       1.164	 -0.155
       1.168	 -0.230
       1.172	 -0.292
       1.176	 -0.245
       1.180	 -0.185
       1.184	 -0.207
       1.188	 -0.307
       1.192	 -0.398
       1.196	 -0.465
       1.200	 -0.448
       1.204	 -0.388
       1.208	 -0.350
       1.212	 -0.297
       1.216	 -0.253
       1.220	 -0.247
       1.224	 -0.270
       1.228	 -0.345
       1.232	 -0.440
       1.236	 -0.427
       1.240	 -0.343
       1.244	 -0.207
       1.248	 -0.170
       1.252	 -0.180
       1.256	 -0.193
       1.260	 -0.185
       1.264	 -0.247
       1.268	 -0.305
       1.272	 -0.320
       1.276	 -0.268
       1.280	 -0.177
       1.284	 -0.083
       1.288	  0.005
       1.292	 -0.020
       1.296	 -0.043
       1.300	 -0.020
       1.304	  0.035
       1.308	  0.083
       1.312	  0.140
       1.316	  0.180
       1.320	  0.050
       1.324	 -0.060
       1.328	 -0.050
       1.332	  0.043
       1.336	  0.117
       1.340	  0.193
       1.344	  0.225
       1.348	  0.285
       1.352	  0.427
       1.356	  0.515
       1.360	  0.507
       1.364	  0.380
       1.368	  0.203
       1.372	  0.095
       1.376	  0.090
       1.380	  0.105
       1.384	  0.142
       1.388	  0.203
       1.392	  0.163
       1.396	  0.058
       1.400	 -0.095
       1.404	 -0.335
       1.408	 -0.470
       1.412	 -0.552
       1.416	 -0.502
       1.420	 -0.480
       1.424	 -0.480
       1.428	 -0.448
       1.432	 -0.420
       1.436	 -0.440
       1.440	 -0.412
       1.444	 -0.338
       1.448	 -0.225
       1.452	 -0.180
       1.456	 -0.185
       1.460	 -0.203
       1.464	 -0.270
       1.468	 -0.395
       1.472	 -0.463
       1.476	 -0.532
       1.480	 -0.620
       1.484	 -0.585
       1.488	 -0.568
       1.492	 -0.562
       1.496	 -0.532
       1.500	 -0.487
       1.504	 -0.390
       1.508	 -0.338
       1.512	 -0.405
       1.516	 -0.410
       1.520	 -0.195
       1.524	  0.065
       1.528	  0.268
       1.532	  0.465
       1.536	  0.568
       1.540	  0.540
       1.544	  0.570
       1.548	  0.698
       1.552	  0.825
       1.556	  0.892
       1.560	  0.915
       1.564	  0.830
       1.568	  0.690
       1.572	  0.560
       1.576	  0.657
       1.580	  0.922
       1.584	  0.983
       1.588	  0.765
       1.592	  0.477
       1.596	  0.147
       1.600	 -0.195
       1.604	 -0.458
       1.608	 -0.645
       1.612	 -0.785
       1.616	 -0.772
       1.620	 -0.650
       1.624	 -0.517
       1.628	 -0.532
       1.632	 -0.630
       1.636	 -0.703
       1.640	 -0.652
       1.644	 -0.635
       1.648	 -0.667
       1.652	 -0.703
       1.656	 -0.825
       1.660	 -0.900
       1.664	 -0.935
       1.668	 -0.920
       1.672	 -0.863
       1.676	 -0.875
       1.680	 -0.900
       1.684	 -0.920
       1.688	 -0.853
       1.692	 -0.795
       1.696	 -0.795
       1.700	 -0.830
       1.704	 -0.870
       1.708	 -0.892
       1.712	 -0.905
       1.716	 -0.830
       1.720	 -0.755
       1.724	 -0.750
       1.728	 -0.750
       1.732	 -0.705
       1.736	 -0.703
       1.740	 -0.713
       1.744	 -0.690
       1.748	 -0.713
       1.752	 -0.800
       1.756	 -0.868
       1.760	 -0.915
       1.764	 -0.930
       1.768	 -0.787
       1.772	 -0.623
       1.776	 -0.495
       1.780	 -0.395
       1.784	 -0.315
       1.788	 -0.268
       1.792	 -0.158
       1.796	 -0.105
       1.800	 -0.128
       1.804	 -0.207
       1.808	 -0.253
       1.812	 -0.268
       1.816	 -0.217
       1.820	 -0.172
       1.824	 -0.090
       1.828	 -0.068
       1.832	 -0.102
       1.836	 -0.113
       1.840	 -0.133
       1.844	 -0.140
       1.848	 -0.128
       1.852	 -0.090
       1.856	 -0.060
       1.860	 -0.095
       1.864	 -0.120
       1.868	 -0.133
       1.872	 -0.163
       1.876	 -0.193
       1.880	 -0.207
       1.884	 -0.185
       1.888	 -0.172
       1.892	 -0.133
       1.896	 -0.080
       1.900	 -0.028
       1.904	 -0.035
       1.908	 -0.052
       1.912	 -0.155
       1.916	 -0.290
       1.920	 -0.365
       1.924	 -0.300
       1.928	 -0.247
       1.932	 -0.292
       1.936	 -0.323
       1.940	 -0.352
       1.944	 -0.357
       1.948	 -0.338
       1.952	 -0.297
       1.956	 -0.270
       1.960	 -0.300
       1.964	 -0.305
       1.968	 -0.245
       1.972	 -0.230
       1.976	 -0.210
       1.980	 -0.185
       1.984	 -0.120
       1.988	 -0.060
       1.992	  0.028
       1.996	  0.083
       2.000	  0.125
       2.004	  0.155
       2.008	  0.200
       2.012	  0.240
       2.016	  0.292
       2.020	  0.270
       2.024	  0.245
       2.028	  0.237
       2.032	  0.240
       2.036	  0.225
       2.040	  0.312
       2.044	  0.395
       2.048	  0.395
       2.052	  0.343
       2.056	  0.240
       2.060	  0.120
       2.064	  0.030
       2.068	  0.020
       2.072	  0.030
       2.076	  0.045
       2.080	 -0.035
       2.084	 -0.180
       2.088	 -0.278
       2.092	 -0.350
       2.096	 -0.380
       2.100	 -0.323
       2.104	 -0.290
       2.108	 -0.278
       2.112	 -0.247
       2.116	 -0.163
       2.120	 -0.150
       2.124	 -0.200
       2.128	 -0.245
       2.132	 -0.320
       2.136	 -0.432
       2.140	 -0.487
       2.144	 -0.455
       2.148	 -0.487
       2.152	 -0.500
       2.156	 -0.448
       2.160	 -0.360
       2.164	 -0.263
       2.168	 -0.155
       2.172	 -0.083
       2.176	 -0.098
       2.180	 -0.120
       2.184	 -0.170
       2.188	 -0.268
       2.192	 -0.315
       2.196	 -0.307
       2.200	 -0.315
       2.204	 -0.410
       2.208	 -0.335
       2.212	 -0.177
       2.216	  0.150
       2.220	  0.537
       2.224	  0.802
       2.228	  0.870
       2.232	  0.980
       2.236	  1.230
       2.240	  1.485
       2.244	  1.673
       2.248	  1.665
       2.252	  1.535
       2.256	  1.470
       2.260	  1.545
       2.264	  1.785
       2.268	  2.007
       2.272	  1.835
       2.276	  1.275
       2.280	  0.718
       2.284	  0.285
       2.288	  0.000
       2.292	 -0.142
       2.296	 -0.282
       2.300	 -0.357
       2.304	 -0.390
       2.308	 -0.390
       2.312	 -0.388
       2.316	 -0.492
       2.320	 -0.652
       2.324	 -0.698
       2.328	 -0.667
       2.332	 -0.583
       2.336	 -0.525
       2.340	 -0.455
       2.344	 -0.395
       2.348	 -0.390
       2.352	 -0.425
       2.356	 -0.425
       2.360	 -0.410
       2.364	 -0.448
       2.368	 -0.425
       2.372	 -0.290
       2.376	 -0.098
       2.380	  0.022
       2.384	  0.090
       2.388	  0.050
       2.392	 -0.155
       2.396	 -0.470
       2.400	 -0.705
       2.404	 -0.710
       2.408	 -0.615
       2.412	 -0.507
       2.416	 -0.448
       2.420	 -0.472
       2.424	 -0.515
       2.428	 -0.492
       2.432	 -0.380
       2.436	 -0.323
       2.440	 -0.315
       2.444	 -0.240
       2.448	 -0.125
       2.452	 -0.030
       2.456	  0.015
       2.460	  0.007
       2.464	 -0.075
       2.468	 -0.165
       2.472	 -0.217
       2.476	 -0.135
       2.480	  0.065
       2.484	  0.177
       2.488	  0.307
       2.492	  0.435
       2.496	  0.547
       2.500	  0.593
       2.504	  0.552
       2.508	  0.455
       2.512	  0.410
       2.516	  0.435
       2.520	  0.532
       2.524	  0.615
       2.528	  0.645
       2.532	  0.652
       2.536	  0.517
       2.540	  0.380
       2.544	  0.305
       2.548	  0.292
       2.552	  0.383
       2.556	  0.522
       2.560	  0.560
       2.564	  0.477
       2.568	  0.403
       2.572	  0.403
       2.576	  0.403
       2.580	  0.338
       2.584	  0.345
       2.588	  0.383
       2.592	  0.455
       2.596	  0.448
       2.600	  0.480
       2.604	  0.485
       2.608	  0.405
       2.612	  0.365
       2.616	  0.357
       2.620	  0.282
       2.624	  0.300
       2.628	  0.357
       2.632	  0.360
       2.636	  0.360
       2.640	  0.307
       2.644	  0.352
       2.648	  0.465
       2.652	  0.570
       2.656	  0.613
       2.660	  0.517
       2.664	  0.335
       2.668	  0.215
       2.672	  0.323
       2.676	  0.477
       2.680	  0.593
       2.684	  0.642
       2.688	  0.562
       2.692	  0.502
       2.696	  0.540
       2.700	  0.637
       2.704	  0.672
       2.708	  0.598
       2.712	  0.500
       2.716	  0.590
       2.720	  0.757
       2.724	  0.890
       2.728	  0.998
       2.732	  0.983
       2.736	  0.802
       2.740	  0.750
       2.744	  0.815
       2.748	  0.885
       2.752	  0.953
       2.756	  0.870
       2.760	  0.645
       2.764	  0.425
       2.768	  0.383
       2.772	  0.403
       2.776	  0.345
       2.780	  0.275
       2.784	  0.207
       2.788	  0.172
       2.792	  0.282
       2.796	  0.412
       2.800	  0.367
       2.804	  0.203
       2.808	  0.028
       2.812	 -0.330
       2.816	 -0.410
       2.820	 -0.255
       2.824	 -0.030
       2.828	  0.200
       2.832	  0.185
       2.836	 -0.043
       2.840	 -0.155
       2.844	 -0.102
       2.848	 -0.045
       2.852	  0.043
       2.856	  0.043
       2.860	  0.013
       2.864	  0.090
       2.868	  0.150
       2.872	  0.125
       2.876	 -0.030
       2.880	 -0.072
       2.884	 -0.150
       2.888	 -0.083
       2.892	  0.028
       2.896	  0.060
       2.900	  0.237
       2.904	  0.345
       2.908	  0.463
       2.912	  0.695
       2.916	  0.807
       2.920	  1.018
       2.924	  1.288
       2.928	  1.550
       2.932	  1.732
       2.936	  1.770
       2.940	  1.755
       2.944	  1.620
       2.948	  1.573
       2.952	  1.597
       2.956	  1.710
       2.960	  1.745
       2.964	  1.542
       2.968	  1.177
       2.972	  0.853
       2.976	  0.440
       2.980	  0.022
       2.984	 -0.268
       2.988	 -0.525
       2.992	 -0.560
       2.996	 -0.583
       3.000	 -0.650
       3.004	 -0.725
       3.008	 -0.728
       3.012	 -0.698
       3.016	 -0.667
       3.020	 -0.615
       3.024	 -0.570
       3.028	 -0.545
       3.032	 -0.510
       3.036	 -0.525
       3.040	 -0.585
       3.044	 -0.630
       3.048	 -0.637
       3.052	 -0.635
       3.056	 -0.560
       3.060	 -0.480
       3.064	 -0.405
       3.068	 -0.245
       3.072	 -0.180
       3.076	 -0.210
       3.080	 -0.390
       3.084	 -0.650
       3.088	 -1.002
       3.092	 -1.212
       3.096	 -1.115
       3.100	 -0.905
       3.104	 -0.818
       3.108	 -0.757
       3.112	 -0.772
       3.116	 -0.845
       3.120	 -0.848
       3.124	 -0.800
       3.128	 -0.777
       3.132	 -0.792
       3.136	 -0.725
       3.140	 -0.585
       3.144	 -0.507
       3.148	 -0.432
       3.152	 -0.352
       3.156	 -0.365
       3.160	 -0.357
       3.164	 -0.305
       3.168	 -0.285
       3.172	 -0.225
       3.176	 -0.142
       3.180	  0.000
       3.184	  0.102
       3.188	  0.133
       3.192	  0.140
       3.196	  0.102
       3.200	  0.117
       3.204	  0.135
       3.208	  0.158
       3.212	  0.177
       3.216	  0.128
       3.220	  0.105
       3.224	  0.065
       3.228	  0.058
       3.232	  0.128
       3.236	  0.117
       3.240	  0.060
       3.244	  0.068
       3.248	  0.050
       3.252	 -0.028
       3.256	  0.013
       3.260	  0.000
       3.264	  0.000
       3.268	 -0.072
       3.272	 -0.172
       3.276	 -0.240
       3.280	 -0.210
       3.284	 -0.058
       3.288	  0.087
       3.292	  0.102
       3.296	  0.095
       3.300	  0.050
       3.304	  0.000
       3.308	 -0.037
       3.312	 -0.095
       3.316	 -0.128
       3.320	 -0.098
       3.324	 -0.080
       3.328	 -0.072
       3.332	 -0.035
       3.336	 -0.022
       3.340	 -0.028
       3.344	 -0.052
       3.348	 -0.090
       3.352	 -0.083
       3.356	  0.030
       3.360	  0.065
       3.364	  0.045
       3.368	  0.060
       3.372	  0.083
       3.376	  0.140
       3.380	  0.185
       3.384	  0.233
       3.388	  0.253
       3.392	  0.292
       3.396	  0.292
       3.400	  0.345
       3.404	  0.425
       3.408	  0.492
       3.412	  0.472
       3.416	  0.480
       3.420	  0.455
       3.424	  0.405
       3.428	  0.357
       3.432	  0.292
       3.436	  0.223
       3.440	  0.140
       3.444	  0.133
       3.448	  0.135
       3.452	  0.035
       3.456	 -0.052
       3.460	 -0.098
       3.464	 -0.163
       3.468	 -0.215
       3.472	 -0.270
       3.476	 -0.330
       3.480	 -0.338
       3.484	 -0.328
       3.488	 -0.338
       3.492	 -0.365
       3.496	 -0.427
       3.500	 -0.425
       3.504	 -0.395
       3.508	 -0.405
       3.512	 -0.367
       3.516	 -0.300
       3.520	 -0.263
       3.524	 -0.215
       3.528	 -0.102
       3.532	 -0.113
       3.536	 -0.425
       3.540	 -0.777
       3.544	 -0.870
       3.548	 -0.772
       3.552	 -0.637
       3.556	 -0.540
       3.560	 -0.510
       3.564	 -0.517
       3.568	 -0.440
       3.572	 -0.375
       3.576	 -0.365
       3.580	 -0.398
       3.584	 -0.275
       3.588	 -0.090
       3.592	  0.158
       3.596	  0.375
       3.600	  0.540
       3.604	  0.720
       3.608	  0.958
       3.612	  1.140
       3.616	  1.230
       3.620	  1.355
       3.624	  1.400
       3.628	  1.258
       3.632	  1.123
       3.636	  1.117
       3.640	  1.335
       3.644	  1.610
       3.648	  1.597
       3.652	  1.153
       3.656	  0.585
       3.660	  0.022
       3.664	 -0.465
       3.668	 -0.720
       3.672	 -0.855
       3.676	 -0.907
       3.680	 -0.935
       3.684	 -0.870
       3.688	 -0.845
       3.692	 -0.848
       3.696	 -0.840
       3.700	 -0.787
       3.704	 -0.772
       3.708	 -0.792
       3.712	 -0.853
       3.716	 -0.983
       3.720	 -1.032
       3.724	 -0.990
       3.728	 -0.965
       3.732	 -0.905
       3.736	 -0.802
       3.740	 -0.823
       3.744	 -0.838
       3.748	 -0.830
       3.752	 -0.868
       3.756	 -0.863
       3.760	 -0.772
       3.764	 -0.750
       3.768	 -0.807
       3.772	 -0.823
       3.776	 -0.785
       3.780	 -0.743
       3.784	 -0.785
       3.788	 -0.943
       3.792	 -1.095
       3.796	 -1.147
       3.800	 -1.028
       3.804	 -0.935
       3.808	 -0.892
       3.812	 -0.892
       3.816	 -0.810
       3.820	 -0.735
       3.824	 -0.652
       3.828	 -0.568
       3.832	 -0.495
       3.836	 -0.455
       3.840	 -0.420
       3.844	 -0.398
       3.848	 -0.375
       3.852	 -0.290
       3.856	 -0.133
       3.860	  0.043
       3.864	  0.150
       3.868	  0.140
       3.872	 -0.117
       3.876	 -0.237
       3.880	 -0.215
       3.884	 -0.135
       3.888	  0.005
       3.892	  0.037
       3.896	  0.020
       3.900	  0.013
       3.904	  0.043
       3.908	  0.105
       3.912	  0.052
       3.916	  0.020
       3.920	  0.058
       3.924	  0.117
       3.928	  0.177
       3.932	  0.210
       3.936	  0.237
       3.940	  0.240
       3.944	  0.087
       3.948	 -0.050
       3.952	  0.058
       3.956	  0.195
       3.960	  0.292
       3.964	  0.290
       3.968	  0.128
       3.972	 -0.113
       3.976	 -0.270
       3.980	 -0.290
       3.984	 -0.177
       3.988	 -0.050
       3.992	  0.013
       3.996	  0.015
       4.000	  0.043
       4.004	  0.020
       4.008	  0.102
       4.012	  0.180
       4.016	  0.150
       4.020	  0.052
       4.024	  0.007
       4.028	  0.022
       4.032	  0.117
       4.036	  0.305
       4.040	  0.425
       4.044	  0.410
       4.048	  0.367
       4.052	  0.117
       4.056	 -0.135
       4.060	 -0.142
       4.064	  0.015
       4.068	  0.253
       4.072	  0.432
       4.076	  0.390
       4.080	  0.335
       4.084	  0.292
       4.088	  0.360
       4.092	  0.540
       4.096	  0.652
       4.100	  0.765
       4.104	  0.877
       4.108	  0.968
       4.112	  0.958
       4.116	  0.772
       4.120	  0.642
       4.124	  0.547
       4.128	  0.432
       4.132	  0.432
       4.136	  0.335
       4.140	  0.087
       4.144	  0.052
       4.148	  0.022
       4.152	 -0.117
       4.156	 -0.172
       4.160	 -0.172
       4.164	 -0.215
       4.168	 -0.120
       4.172	  0.058
       4.176	  0.133
       4.180	  0.165
       4.184	  0.247
       4.188	  0.185
       4.192	  0.087
       4.196	 -0.105
       4.200	 -0.240
       4.204	 -0.207
       4.208	 -0.080
       4.212	 -0.147
       4.216	 -0.170
       4.220	 -0.163
       4.224	 -0.240
       4.228	 -0.323
       4.232	 -0.398
       4.236	 -0.383
       4.240	 -0.307
       4.244	 -0.255
       4.248	 -0.195
       4.252	 -0.113
       4.256	 -0.030
       4.260	  0.035
       4.264	  0.015
       4.268	  0.087
       4.272	  0.282
       4.276	  0.645
       4.280	  0.973
       4.284	  1.185
       4.288	  1.175
       4.292	  0.938
       4.296	  0.958
       4.300	  1.032
       4.304	  1.155
       4.308	  1.312
       4.312	  1.403
       4.316	  1.407
       4.320	  1.357
       4.324	  1.343
       4.328	  1.260
       4.332	  1.095
       4.336	  0.772
       4.340	  0.480
       4.344	  0.170
       4.348	 -0.102
       4.352	 -0.255
       4.356	 -0.372
       4.360	 -0.485
       4.364	 -0.578
       4.368	 -0.545
       4.372	 -0.405
       4.376	 -0.260
       4.380	 -0.098
       4.384	 -0.075
       4.388	 -0.098
       4.392	 -0.095
       4.396	 -0.305
       4.400	 -0.575
       4.404	 -0.743
       4.408	 -0.833
       4.412	 -0.802
       4.416	 -0.627
       4.420	 -0.472
       4.424	 -0.388
       4.428	 -0.270
       4.432	 -0.120
       4.436	 -0.315
       4.440	 -0.680
       4.444	 -0.912
       4.448	 -0.965
       4.452	 -0.785
       4.456	 -0.525
       4.460	 -0.338
       4.464	 -0.328
       4.468	 -0.420
       4.472	 -0.470
       4.476	 -0.525
       4.480	 -0.555
       4.484	 -0.530
       4.488	 -0.477
       4.492	 -0.307
       4.496	 -0.180
       4.500	 -0.180
       4.504	 -0.253
       4.508	 -0.403
       4.512	 -0.605
       4.516	 -0.547
       4.520	 -0.338
       4.524	 -0.180
       4.528	 -0.120
       4.532	 -0.095
       4.536	 -0.210
       4.540	 -0.278
       4.544	 -0.203
       4.548	 -0.090
       4.552	  0.052
       4.556	  0.237
       4.560	  0.425
       4.564	  0.432
       4.568	  0.177
       4.572	 -0.163
       4.576	 -0.300
       4.580	 -0.240
       4.584	  0.028
       4.588	  0.180
       4.592	  0.165
       4.596	  0.172
       4.600	  0.087
       4.604	  0.058
       4.608	  0.135
       4.612	  0.193
       4.616	  0.090
       4.620	 -0.028
       4.624	 -0.052
       4.628	  0.037
       4.632	 -0.022
       4.636	 -0.188
       4.640	 -0.255
       4.644	 -0.292
       4.648	 -0.240
       4.652	 -0.105
       4.656	 -0.037
       4.660	 -0.060
       4.664	 -0.028
       4.668	  0.028
       4.672	  0.060
       4.676	  0.022
       4.680	 -0.110
       4.684	 -0.165
       4.688	 -0.195
       4.692	 -0.095
       4.696	  0.087
       4.700	  0.140
       4.704	  0.188
       4.708	  0.142
       4.712	  0.000
       4.716	 -0.030
       4.720	  0.060
       4.724	  0.090
       4.728	  0.065
       4.732	 -0.083
       4.736	 -0.172
       4.740	 -0.125
       4.744	 -0.030
       4.748	 -0.068
       4.752	 -0.068
       4.756	  0.060
       4.760	  0.133
       4.764	  0.188
       4.768	  0.350
       4.772	  0.417
       4.776	  0.440
       4.780	  0.517
       4.784	  0.613
       4.788	  0.598
       4.792	  0.598
       4.796	  0.615
       4.800	  0.532
       4.804	  0.270
       4.808	 -0.060
       4.812	 -0.300
       4.816	 -0.323
       4.820	 -0.297
       4.824	 -0.275
       4.828	 -0.263
       4.832	 -0.290
       4.836	 -0.307
       4.840	 -0.335
       4.844	 -0.390
       4.848	 -0.425
       4.852	 -0.375
       4.856	 -0.330
       4.860	 -0.300
       4.864	 -0.335
       4.868	 -0.357
       4.872	 -0.410
       4.876	 -0.455
       4.880	 -0.435
       4.884	 -0.285
       4.888	 -0.263
       4.892	 -0.297
       4.896	 -0.403
       4.900	 -0.613
       4.904	 -0.750
       4.908	 -0.675
       4.912	 -0.532
       4.916	 -0.307
       4.920	 -0.210
       4.924	 -0.263
       4.928	 -0.395
       4.932	 -0.458
       4.936	 -0.420
       4.940	 -0.398
       4.944	 -0.502
       4.948	 -0.425
       4.952	 -0.278
       4.956	 -0.207
       4.960	  0.028
       4.964	  0.323
       4.968	  0.525
       4.972	  0.735
       4.976	  0.973
       4.980	  1.137
       4.984	  1.230
       4.988	  1.298
       4.992	  1.347
       4.996	  1.275
       5.000	  1.065
       5.004	  1.070
       5.008	  1.295
       5.012	  1.530
       5.016	  1.430
       5.020	  1.077
       5.024	  0.598
       5.028	  0.233
       5.032	 -0.215
       5.036	 -0.598
       5.040	 -0.912
       5.044	 -1.055
       5.048	 -1.012
       5.052	 -0.825
       5.056	 -0.728
       5.060	 -0.713
       5.064	 -0.792
       5.068	 -0.833
       5.072	 -0.725
       5.076	 -0.720
       5.080	 -0.703
       5.084	 -0.703
       5.088	 -0.690
       5.092	 -0.665
       5.096	 -0.657
       5.100	 -0.623
       5.104	 -0.623
       5.108	 -0.642
       5.112	 -0.645
       5.116	 -0.665
       5.120	 -0.593
       5.124	 -0.495
       5.128	 -0.463
       5.132	 -0.398
       5.136	 -0.338
       5.140	 -0.485
       5.144	 -0.680
       5.148	 -0.725
       5.152	 -0.810
       5.156	 -0.877
       5.160	 -0.870
       5.164	 -0.892
       5.168	 -0.787
       5.172	 -0.635
       5.176	 -0.703
       5.180	 -0.885
       5.184	 -0.912
       5.188	 -0.890
       5.192	 -0.765
       5.196	 -0.608
       5.200	 -0.487
       5.204	 -0.412
       5.208	 -0.278
       5.212	 -0.150
       5.216	 -0.102
       5.220	 -0.102
       5.224	 -0.095
       5.228	  0.037
       5.232	  0.158
       5.236	  0.200
       5.240	  0.255
       5.244	  0.268
       5.248	  0.297
       5.252	  0.323
       5.256	  0.292
       5.260	  0.188
       5.264	  0.075
       5.268	 -0.155
       5.272	 -0.245
       5.276	 -0.210
       5.280	 -0.140
       5.284	 -0.028
       5.288	  0.007
       5.292	  0.028
       5.296	  0.052
       5.300	  0.060
       5.304	  0.068
       5.308	  0.098
       5.312	  0.058
       5.316	  0.037
       5.320	  0.072
       5.324	  0.193
       5.328	  0.312
       5.332	  0.320
       5.336	  0.330
       5.340	  0.285
       5.344	  0.165
       5.348	 -0.095
       5.352	 -0.230
       5.356	 -0.233
       5.360	 -0.253
       5.364	 -0.210
       5.368	 -0.030
       5.372	  0.028
       5.376	  0.037
       5.380	  0.080
       5.384	  0.013
       5.388	 -0.052
       5.392	 -0.030
       5.396	  0.043
       5.400	  0.110
       5.404	  0.105
       5.408	  0.147
       5.412	  0.188
       5.416	  0.297
       5.420	  0.465
       5.424	  0.600
       5.428	  0.615
       5.432	  0.502
       5.436	  0.203
       5.440	  0.015
       5.444	  0.052
       5.448	  0.098
       5.452	  0.037
       5.456	  0.150
       5.460	  0.282
       5.464	  0.365
       5.468	  0.532
       5.472	  0.660
       5.476	  0.652
       5.480	  0.568
       5.484	  0.562
       5.488	  0.540
       5.492	  0.435
       5.496	  0.312
       5.500	  0.297
       5.504	  0.307
       5.508	  0.255
       5.512	  0.147
       5.516	  0.133
       5.520	  0.087
       5.524	  0.015
       5.528	  0.045
       5.532	  0.102
       5.536	  0.072
       5.540	 -0.098
       5.544	 -0.328
       5.548	 -0.417
       5.552	 -0.372
       5.556	 -0.312
       5.560	 -0.165
       5.564	 -0.110
       5.568	 -0.113
       5.572	 -0.090
       5.576	 -0.102
       5.580	 -0.217
       5.584	 -0.260
       5.588	 -0.210
       5.592	 -0.043
       5.596	  0.133
       5.600	  0.087
       5.604	 -0.247
       5.608	 -0.405
       5.612	 -0.383
       5.616	 -0.335
       5.620	 -0.285
       5.624	 -0.253
       5.628	 -0.225
       5.632	 -0.255
       5.636	 -0.117
       5.640	  0.015
       5.644	  0.135
       5.648	  0.307
       5.652	  0.598
       5.656	  0.833
       5.660	  1.042
       5.664	  1.250
       5.668	  1.415
       5.672	  1.515
       5.676	  1.550
       5.680	  1.403
       5.684	  1.268
       5.688	  1.242
       5.692	  1.320
       5.696	  1.470
       5.700	  1.515
       5.704	  1.260
       5.708	  0.825
       5.712	  0.425
       5.716	  0.113
       5.720	 -0.172
       5.724	 -0.338
       5.728	 -0.448
       5.732	 -0.480
       5.736	 -0.417
       5.740	 -0.410
       5.744	 -0.507
       5.748	 -0.705
       5.752	 -0.892
       5.756	 -0.882
       5.760	 -0.810
       5.764	 -0.660
       5.768	 -0.525
       5.772	 -0.545
       5.776	 -0.578
       5.780	 -0.570
       5.784	 -0.637
       5.788	 -0.635
       5.792	 -0.568
       5.796	 -0.555
       5.800	 -0.530
       5.804	 -0.502
       5.808	 -0.435
       5.812	 -0.398
       5.816	 -0.398
       5.820	 -0.338
       5.824	 -0.338
       5.828	 -0.412
       5.832	 -0.463
       5.836	 -0.575
       5.840	 -0.652
       5.844	 -0.823
       5.848	 -0.965
       5.852	 -0.882
       5.856	 -0.735
       5.860	 -0.627
       5.864	 -0.560
       5.868	 -0.575
       5.872	 -0.598
       5.876	 -0.530
       5.880	 -0.420
       5.884	 -0.323
       5.888	 -0.285
       5.892	 -0.245
       5.896	 -0.135
       5.900	 -0.058
       5.904	  0.005
       5.908	  0.028
       5.912	  0.065
       5.916	  0.105
       5.920	  0.095
       5.924	  0.133
       5.928	  0.207
       5.932	  0.233
       5.936	  0.200
       5.940	  0.165
       5.944	  0.117
       5.948	  0.113
       5.952	  0.195
       5.956	  0.225
       5.960	  0.237
       5.964	  0.233
       5.968	  0.223
       5.972	  0.098
       5.976	  0.007
       5.980	  0.035
       5.984	  0.043
       5.988	  0.065
       5.992	  0.117
       5.996	  0.113
       6.000	  0.035
       6.004	  0.022
       6.008	  0.043
       6.012	  0.022
       6.016	  0.090
       6.020	  0.087
       6.024	  0.068
       6.028	  0.058
       6.032	  0.043
       6.036	  0.110
       6.040	  0.233
       6.044	  0.260
       6.048	  0.268
       6.052	  0.268
       6.056	  0.170
       6.060	 -0.068
       6.064	 -0.128
       6.068	 -0.155
       6.072	 -0.133
       6.076	 -0.022
       6.080	 -0.028
       6.084	  0.005
       6.088	  0.068
       6.092	  0.113
       6.096	  0.113
       6.100	  0.125
       6.104	  0.155
       6.108	  0.245
       6.112	  0.260
       6.116	  0.275
       6.120	  0.282
       6.124	  0.285
       6.128	  0.338
       6.132	  0.425
       6.136	  0.540
       6.140	  0.698
       6.144	  0.863
       6.148	  0.958
       6.152	  0.935
       6.156	  0.777
       6.160	  0.485
       6.164	  0.247
       6.168	  0.133
       6.172	  0.035
       6.176	  0.052
       6.180	  0.083
       6.184	  0.075
       6.188	  0.075
       6.192	  0.090
       6.196	  0.075
       6.200	  0.007
       6.204	 -0.105
       6.208	 -0.135
       6.212	 -0.125
       6.216	 -0.128
       6.220	 -0.125
       6.224	 -0.230
       6.228	 -0.278
       6.232	 -0.278
       6.236	 -0.255
       6.240	 -0.193
       6.244	 -0.158
       6.248	 -0.155
       6.252	 -0.180
       6.256	 -0.177
       6.260	 -0.155
       6.264	 -0.165
       6.268	 -0.207
       6.272	 -0.263
       6.276	 -0.300
       6.280	 -0.253
       6.284	 -0.188
       6.288	 -0.268
       6.292	 -0.323
       6.296	 -0.367
       6.300	 -0.398
       6.304	 -0.403
       6.308	 -0.417
       6.312	 -0.395
       6.316	 -0.230
       6.320	 -0.030
       6.324	  0.177
       6.328	  0.323
       6.332	  0.525
       6.336	  0.823
       6.340	  0.965
       6.344	  1.147
       6.348	  1.242
       6.352	  1.288
       6.356	  1.373
       6.360	  1.370
       6.364	  1.258
       6.368	  1.208
       6.372	  1.343
       6.376	  1.620
       6.380	  1.673
       6.384	  1.272
       6.388	  0.780
       6.392	  0.300
       6.396	 -0.105
       6.400	 -0.403
       6.404	 -0.593
       6.408	 -0.665
       6.412	 -0.695
       6.416	 -0.635
       6.420	 -0.568
       6.424	 -0.585
       6.428	 -0.608
       6.432	 -0.667
       6.436	 -0.682
       6.440	 -0.630
       6.444	 -0.627
       6.448	 -0.720
       6.452	 -0.785
       6.456	 -0.823
       6.460	 -0.815
       6.464	 -0.750
       6.468	 -0.688
       6.472	 -0.675
       6.476	 -0.728
       6.480	 -0.690
       6.484	 -0.605
       6.488	 -0.635
       6.492	 -0.672
       6.496	 -0.667
       6.500	 -0.637
       6.504	 -0.623
       6.508	 -0.672
       6.512	 -0.740
       6.516	 -0.792
       6.520	 -0.750
       6.524	 -0.682
       6.528	 -0.698
       6.532	 -0.720
       6.536	 -0.718
       6.540	 -0.720
       6.544	 -0.720
       6.548	 -0.682
       6.552	 -0.627
       6.556	 -0.605
       6.560	 -0.578
       6.564	 -0.540
       6.568	 -0.455
       6.572	 -0.365
       6.576	 -0.240
       6.580	 -0.147
       6.584	 -0.140
       6.588	 -0.140
       6.592	 -0.072
       6.596	  0.007
       6.600	  0.043
       6.604	  0.120
       6.608	  0.210
       6.612	  0.207
       6.616	  0.165
       6.620	  0.095
       6.624	  0.080
       6.628	  0.083
       6.632	  0.102
       6.636	  0.060
       6.640	  0.007
       6.644	  0.005
       6.648	  0.050
       6.652	  0.043
       6.656	  0.015
       6.660	  0.013
       6.664	 -0.037
       6.668	 -0.022
       6.672	  0.013
       6.676	 -0.030
       6.680	  0.035
       6.684	  0.087
       6.688	  0.095
       6.692	  0.140
       6.696	  0.165
       6.700	  0.158
       6.704	  0.135
       6.708	  0.158
       6.712	  0.150
       6.716	  0.133
       6.720	  0.105
       6.724	  0.060
       6.728	 -0.052
       6.732	 -0.133
       6.736	 -0.058
       6.740	  0.013
       6.744	 -0.020
       6.748	  0.028
       6.752	  0.037
       6.756	  0.007
       6.760	  0.015
       6.764	  0.013
       6.768	 -0.028
       6.772	  0.050
       6.776	  0.158
       6.780	  0.278
       6.784	  0.417
       6.788	  0.485
       6.792	  0.465
       6.796	  0.343
       6.800	  0.305
       6.804	  0.323
       6.808	  0.383
       6.812	  0.448
       6.816	  0.492
       6.820	  0.600
       6.824	  0.718
       6.828	  0.777
       6.832	  0.877
       6.836	  0.860
       6.840	  0.733
       6.844	  0.705
       6.848	  0.570
       6.852	  0.268
       6.856	  0.068
       6.860	  0.045
       6.864	  0.133
       6.868	  0.253
       6.872	  0.312
       6.876	  0.233
       6.880	  0.170
       6.884	  0.150
       6.888	  0.120
       6.892	  0.140
       6.896	  0.172
       6.900	  0.098
       6.904	  0.087
       6.908	  0.200
       6.912	  0.128
       6.916	 -0.065
       6.920	 -0.203
       6.924	 -0.365
       6.928	 -0.395
       6.932	 -0.290
       6.936	 -0.147
       6.940	 -0.110
       6.944	 -0.105
       6.948	 -0.068
       6.952	  0.007
       6.956	  0.075
       6.960	  0.098
       6.964	  0.083
       6.968	 -0.035
       6.972	 -0.128
       6.976	 -0.180
       6.980	 -0.195
       6.984	 -0.128
       6.988	 -0.117
       6.992	 -0.050
       6.996	  0.022
       7.000	  0.125
       7.004	  0.245
       7.008	  0.450
       7.012	  0.682
       7.016	  0.830
       7.020	  0.975
       7.024	  1.252
       7.028	  1.377
       7.032	  1.498
       7.036	  1.575
       7.040	  1.583
       7.044	  1.333
       7.048	  1.107
       7.052	  1.058
       7.056	  1.153
       7.060	  1.377
       7.064	  1.440
       7.068	  1.252
       7.072	  0.770
       7.076	  0.290
       7.080	  0.030
       7.084	 -0.090
       7.088	 -0.172
       7.092	 -0.263
       7.096	 -0.345
       7.100	 -0.507
       7.104	 -0.590
       7.108	 -0.502
       7.112	 -0.365
       7.116	 -0.278
       7.120	 -0.292
       7.124	 -0.207
       7.128	 -0.312
       7.132	 -0.448
       7.136	 -0.598
       7.140	 -0.725
       7.144	 -0.725
       7.148	 -0.680
       7.152	 -0.568
       7.156	 -0.530
       7.160	 -0.487
       7.164	 -0.405
       7.168	 -0.365
       7.172	 -0.365
       7.176	 -0.398
       7.180	 -0.427
       7.184	 -0.388
       7.188	 -0.307
       7.192	 -0.388
       7.196	 -0.463
       7.200	 -0.398
       7.204	 -0.312
       7.208	 -0.350
       7.212	 -0.555
       7.216	 -0.765
       7.220	 -0.743
       7.224	 -0.675
       7.228	 -0.555
       7.232	 -0.412
       7.236	 -0.365
       7.240	 -0.357
       7.244	 -0.328
       7.248	 -0.240
       7.252	 -0.188
       7.256	 -0.203
       7.260	 -0.128
       7.264	  0.030
       7.268	  0.180
       7.272	  0.300
       7.276	  0.448
       7.280	  0.500
       7.284	  0.328
       7.288	  0.225
       7.292	  0.080
       7.296	  0.095
       7.300	  0.247
       7.304	  0.180
       7.308	  0.188
       7.312	  0.285
       7.316	  0.263
       7.320	  0.150
       7.324	  0.045
       7.328	 -0.045
       7.332	 -0.215
       7.336	 -0.147
       7.340	  0.105
       7.344	  0.210
       7.348	  0.278
       7.352	  0.300
       7.356	  0.275
       7.360	  0.200
       7.364	  0.172
       7.368	  0.247
       7.372	  0.390
       7.376	  0.470
       7.380	  0.365
       7.384	  0.237
       7.388	  0.060
       7.392	  0.005
       7.396	  0.095
       7.400	  0.098
       7.404	  0.043
       7.408	  0.000
       7.412	  0.087
       7.416	  0.177
       7.420	  0.230
       7.424	  0.072
       7.428	  0.030
       7.432	  0.075
       7.436	  0.030
       7.440	  0.028
       7.444	  0.060
       7.448	  0.083
       7.452	  0.225
       7.456	  0.417
       7.460	  0.515
       7.464	  0.472
       7.468	  0.330
       7.472	  0.233
       7.476	  0.188
       7.480	  0.237
       7.484	  0.328
       7.488	  0.350
       7.492	  0.448
       7.496	  0.487
       7.500	  0.570
       7.504	  0.718
       7.508	  0.743
       7.512	  0.637
       7.516	  0.530
       7.520	  0.458
       7.524	  0.435
       7.528	  0.443
       7.532	  0.425
       7.536	  0.375
       7.540	  0.300
       7.544	  0.270
       7.548	  0.233
       7.552	  0.240
       7.556	  0.203
       7.560	  0.087
       7.564	 -0.035
       7.568	 -0.060
       7.572	 -0.058
       7.576	  0.005
       7.580	 -0.068
       7.584	 -0.128
       7.588	 -0.195
       7.592	 -0.240
       7.596	 -0.343
       7.600	 -0.330
       7.604	 -0.328
       7.608	 -0.328
       7.612	 -0.260
       7.616	 -0.223
       7.620	 -0.200
       7.624	 -0.230
       7.628	 -0.233
       7.632	 -0.217
       7.636	 -0.245
       7.640	 -0.268
       7.644	 -0.338
       7.648	 -0.338
       7.652	 -0.290
       7.656	 -0.275
       7.660	 -0.170
       7.664	 -0.090
       7.668	 -0.037
       7.672	 -0.065
       7.676	 -0.098
       7.680	 -0.030
       7.684	  0.095
       7.688	  0.297
       7.692	  0.585
       7.696	  0.777
       7.700	  0.855
       7.704	  0.922
       7.708	  1.005
       7.712	  1.100
       7.716	  1.185
       7.720	  1.163
       7.724	  1.055
       7.728	  0.943
       7.732	  0.930
       7.736	  1.100
       7.740	  1.317
       7.744	  1.295
       7.748	  0.892
       7.752	  0.410
       7.756	  0.050
       7.760	 -0.210
       7.764	 -0.345
       7.768	 -0.410
       7.772	 -0.477
       7.776	 -0.652
       7.780	 -0.815
       7.784	 -0.882
       7.788	 -0.912
       7.792	 -0.818
       7.796	 -0.690
       7.800	 -0.615
       7.804	 -0.615
       7.808	 -0.698
       7.812	 -0.740
       7.816	 -0.690
       7.820	 -0.728
       7.824	 -0.755
       7.828	 -0.695
       7.832	 -0.657
       7.836	 -0.635
       7.840	 -0.623
       7.844	 -0.660
       7.848	 -0.665
       7.852	 -0.705
       7.856	 -0.720
       7.860	 -0.568
       7.864	 -0.465
       7.868	 -0.458
       7.872	 -0.455
       7.876	 -0.443
       7.880	 -0.585
       7.884	 -0.772
       7.888	 -0.892
       7.892	 -1.062
       7.896	 -1.123
       7.900	 -1.012
       7.904	 -0.875
       7.908	 -0.792
       7.912	 -0.627
       7.916	 -0.517
       7.920	 -0.403
       7.924	 -0.388
       7.928	 -0.510
       7.932	 -0.575
       7.936	 -0.537
       7.940	 -0.398
       7.944	 -0.253
       7.948	 -0.200
       7.952	 -0.172
       7.956	 -0.158
       7.960	 -0.080
       7.964	  0.005
       7.968	  0.083
       7.972	  0.090
       7.976	  0.075
       7.980	  0.102
       7.984	  0.117
       7.988	  0.072
       7.992	  0.058
       7.996	  0.072
       8.000	  0.163
       8.004	  0.188
       8.008	  0.207
       8.012	  0.275
       8.016	  0.263
       8.020	  0.165
       8.024	  0.113
       8.028	  0.075
       8.032	  0.028
       8.036	 -0.150
       8.040	 -0.263
       8.044	 -0.247
       8.048	 -0.223
       8.052	 -0.142
       8.056	 -0.052
       8.060	  0.105
       8.064	  0.117
       8.068	  0.087
       8.072	  0.013
       8.076	 -0.087
       8.080	 -0.177
       8.084	 -0.135
       8.088	 -0.043
       8.092	  0.022
       8.096	  0.020
       8.100	  0.068
       8.104	  0.080
       8.108	  0.020
       8.112	  0.000
       8.116	 -0.022
       8.120	  0.087
       8.124	  0.200
       8.128	  0.260
       8.132	  0.223
       8.136	  0.120
       8.140	  0.080
       8.144	  0.083
       8.148	  0.147
       8.152	  0.268
       8.156	  0.357
       8.160	  0.320
       8.164	  0.193
       8.168	  0.095
       8.172	  0.050
       8.176	  0.098
       8.180	  0.233
       8.184	  0.410
       8.188	  0.525
       8.192	  0.485
       8.196	  0.517
       8.200	  0.698
       8.204	  0.690
       8.208	  0.650
       8.212	  0.585
       8.216	  0.463
       8.220	  0.352
       8.224	  0.320
       8.228	  0.328
       8.232	  0.330
       8.236	  0.285
       8.240	  0.285
       8.244	  0.278
       8.248	  0.037
       8.252	 -0.270
       8.256	 -0.338
       8.260	 -0.330
       8.264	 -0.305
       8.268	 -0.217
       8.272	 -0.163
       8.276	 -0.240
       8.280	 -0.282
       8.284	 -0.328
       8.288	 -0.338
       8.292	 -0.260
       8.296	 -0.230
       8.300	 -0.215
       8.304	 -0.215
       8.308	 -0.240
       8.312	 -0.253
       8.316	 -0.247
       8.320	 -0.275
       8.324	 -0.225
       8.328	 -0.203
       8.332	 -0.150
       8.336	 -0.087
       8.340	 -0.105
       8.344	 -0.080
       8.348	  0.020
       8.352	 -0.185
       8.356	 -0.278
       8.360	 -0.282
       8.364	 -0.240
       8.368	 -0.128
       8.372	  0.060
       8.376	  0.297
       8.380	  0.598
       8.384	  0.807
       8.388	  0.983
       8.392	  1.163
       8.396	  1.282
       8.400	  1.433
       8.404	  1.538
       8.408	  1.430
       8.412	  1.140
       8.416	  1.028
       8.420	  1.208
       8.424	  1.505
       8.428	  1.597
       8.432	  1.335
       8.436	  0.823
       8.440	  0.330
       8.444	 -0.052
       8.448	 -0.372
       8.452	 -0.532
       8.456	 -0.665
       8.460	 -0.645
       8.464	 -0.537
       8.468	 -0.440
       8.472	 -0.440
       8.476	 -0.615
       8.480	 -0.695
       8.484	 -0.650
       8.488	 -0.688
       8.492	 -0.733
       8.496	 -0.755
       8.500	 -0.705
       8.504	 -0.578
       8.508	 -0.552
       8.512	 -0.555
       8.516	 -0.540
       8.520	 -0.480
       8.524	 -0.432
       8.528	 -0.405
       8.532	 -0.412
       8.536	 -0.492
       8.540	 -0.710
       8.544	 -0.772
       8.548	 -0.635
       8.552	 -0.537
       8.556	 -0.492
       8.560	 -0.540
       8.564	 -0.795
       8.568	 -0.912
       8.572	 -0.922
       8.576	 -0.915
       8.580	 -0.900
       8.584	 -0.855
       8.588	 -0.777
       8.592	 -0.733
       8.596	 -0.710
       8.600	 -0.713
       8.604	 -0.675
       8.608	 -0.547
       8.612	 -0.472
       8.616	 -0.412
       8.620	 -0.335
       8.624	 -0.155
       8.628	  0.102
       8.632	  0.268
       8.636	  0.300
       8.640	  0.230
       8.644	  0.128
       8.648	 -0.105
       8.652	 -0.320
       8.656	 -0.290
       8.660	 -0.090
       8.664	  0.065
       8.668	  0.155
       8.672	  0.128
       8.676	  0.030
       8.680	 -0.060
       8.684	  0.030
       8.688	  0.102
       8.692	  0.163
       8.696	  0.158
       8.700	  0.128
       8.704	  0.117
       8.708	  0.165
       8.712	  0.125
       8.716	  0.065
       8.720	  0.007
       8.724	 -0.060
       8.728	 -0.030
       8.732	  0.090
       8.736	  0.150
       8.740	  0.095
       8.744	  0.000
       8.748	 -0.037
       8.752	  0.000
       8.756	 -0.060
       8.760	 -0.045
       8.764	  0.005
       8.768	  0.007
       8.772	  0.000
       8.776	  0.005
       8.780	 -0.022
       8.784	  0.015
       8.788	  0.068
       8.792	  0.117
       8.796	  0.098
       8.800	  0.075
       8.804	  0.087
       8.808	  0.117
       8.812	  0.142
       8.816	  0.142
       8.820	  0.065
       8.824	  0.030
       8.828	  0.068
       8.832	  0.052
       8.836	  0.052
       8.840	  0.090
       8.844	  0.207
       8.848	  0.292
       8.852	  0.312
       8.856	  0.275
       8.860	  0.225
       8.864	  0.217
       8.868	  0.335
       8.872	  0.495
       8.876	  0.578
       8.880	  0.568
       8.884	  0.590
       8.888	  0.615
       8.892	  0.623
       8.896	  0.540
       8.900	  0.510
       8.904	  0.465
       8.908	  0.380
       8.912	  0.270
       8.916	  0.177
       8.920	  0.117
       8.924	  0.058
       8.928	 -0.068
       8.932	 -0.142
       8.936	 -0.217
       8.940	 -0.290
       8.944	 -0.305
       8.948	 -0.305
       8.952	 -0.335
       8.956	 -0.345
       8.960	 -0.305
       8.964	 -0.263
       8.968	 -0.233
       8.972	 -0.233
       8.976	 -0.210
       8.980	 -0.215
       8.984	 -0.245
       8.988	 -0.305
       8.992	 -0.315
       8.996	 -0.260
       9.000	 -0.215
       9.004	 -0.207
       9.008	 -0.155
       9.012	 -0.080
       9.016	 -0.058
       9.020	 -0.165
       9.024	 -0.285
       9.028	 -0.412
       9.032	 -0.463
       9.036	 -0.500
       9.040	 -0.458
       9.044	 -0.485
       9.048	 -0.432
       9.052	 -0.210
       9.056	  0.022
       9.060	  0.237
       9.064	  0.472
       9.068	  0.598
       9.072	  0.623
       9.076	  0.795
       9.080	  1.005
       9.084	  1.137
       9.088	  1.238
       9.092	  1.192
       9.096	  1.002
       9.100	  0.892
       9.104	  0.973
       9.108	  1.192
       9.112	  1.347
       9.116	  1.185
       9.120	  0.772
       9.124	  0.343
       9.128	 -0.045
       9.132	 -0.323
       9.136	 -0.540
       9.140	 -0.680
       9.144	 -0.743
       9.148	 -0.725
       9.152	 -0.637
       9.156	 -0.575
       9.160	 -0.593
       9.164	 -0.623
       9.168	 -0.593
       9.172	 -0.642
       9.176	 -0.725
       9.180	 -0.757
       9.184	 -0.733
       9.188	 -0.840
       9.192	 -0.877
       9.196	 -0.860
       9.200	 -0.810
       9.204	 -0.780
       9.208	 -0.800
       9.212	 -0.860
       9.216	 -0.882
       9.220	 -0.877
       9.224	 -0.780
       9.228	 -0.705
       9.232	 -0.720
       9.236	 -0.705
       9.240	 -0.740
       9.244	 -0.815
       9.248	 -0.855
       9.252	 -0.848
       9.256	 -0.807
       9.260	 -0.807
       9.264	 -0.840
       9.268	 -0.875
       9.272	 -0.868
       9.276	 -0.772
       9.280	 -0.733
       9.284	 -0.728
       9.288	 -0.748
       9.292	 -0.720
       9.296	 -0.665
       9.300	 -0.578
       9.304	 -0.440
       9.308	 -0.365
       9.312	 -0.360
       9.316	 -0.357
       9.320	 -0.307
       9.324	 -0.290
       9.328	 -0.247
       9.332	 -0.142
       9.336	 -0.170
       9.340	 -0.140
       9.344	 -0.075
       9.348	 -0.087
       9.352	 -0.075
       9.356	 -0.022
       9.360	  0.013
       9.364	 -0.030
       9.368	 -0.075
       9.372	 -0.113
       9.376	 -0.133
       9.380	 -0.098
       9.384	 -0.080
       9.388	 -0.065
       9.392	 -0.087
       9.396	 -0.075
       9.400	  0.005
       9.404	  0.043
       9.408	  0.060
       9.412	  0.037
       9.416	 -0.045
       9.420	 -0.035
       9.424	  0.045
       9.428	 -0.028
       9.432	 -0.203
       9.436	 -0.307
       9.440	 -0.282
       9.444	 -0.225
       9.448	 -0.165
       9.452	 -0.128
       9.456	 -0.170
       9.460	 -0.172
       9.464	 -0.060
       9.468	  0.015
       9.472	  0.000
       9.476	 -0.030
       9.480	  0.072
       9.484	  0.113
       9.488	  0.000
       9.492	 -0.095
       9.496	 -0.237
       9.500	 -0.352
       9.504	 -0.323
       9.508	 -0.215
       9.512	 -0.135
       9.516	 -0.068
       9.520	  0.030
       9.524	  0.060
       9.528	  0.155
       9.532	  0.263
       9.536	  0.300
       9.540	  0.315
       9.544	  0.335
       9.548	  0.390
       9.552	  0.417
       9.556	  0.540
       9.560	  0.635
       9.564	  0.675
       9.568	  0.757
       9.572	  0.720
       9.576	  0.593
       9.580	  0.405
       9.584	  0.300
       9.588	  0.282
       9.592	  0.195
       9.596	  0.117
       9.600	  0.068
       9.604	  0.022
       9.608	 -0.058
       9.612	  0.007
       9.616	  0.000
       9.620	 -0.065
       9.624	 -0.095
       9.628	 -0.180
       9.632	 -0.292
       9.636	 -0.292
       9.640	 -0.263
       9.644	 -0.247
       9.648	 -0.185
       9.652	 -0.177
       9.656	 -0.180
       9.660	 -0.195
       9.664	 -0.225
       9.668	 -0.268
       9.672	 -0.282
       9.676	 -0.215
       9.680	 -0.142
       9.684	 -0.140
       9.688	 -0.172
       9.692	 -0.200
       9.696	 -0.193
       9.700	 -0.135
       9.704	 -0.120
       9.708	 -0.155
       9.712	 -0.207
       9.716	 -0.195
       9.720	 -0.200
       9.724	 -0.233
       9.728	 -0.260
       9.732	 -0.200
       9.736	  0.000
       9.740	  0.237
       9.744	  0.547
       9.748	  0.772
       9.752	  0.885
       9.756	  1.010
       9.760	  1.087
       9.764	  1.167
       9.768	  1.250
       9.772	  1.373
       9.776	  1.333
       9.780	  1.212
       9.784	  1.117
       9.788	  1.077
       9.792	  1.205
       9.796	  1.403
       9.800	  1.268
       9.804	  0.848
       9.808	  0.383
       9.812	  0.028
       9.816	 -0.270
       9.820	 -0.360
       9.824	 -0.448
       9.828	 -0.555
       9.832	 -0.570
       9.836	 -0.545
       9.840	 -0.545
       9.844	 -0.470
       9.848	 -0.375
       9.852	 -0.315
       9.856	 -0.345
       9.860	 -0.432
       9.864	 -0.568
       9.868	 -0.652
       9.872	 -0.637
       9.876	 -0.583
       9.880	 -0.560
       9.884	 -0.532
       9.888	 -0.575
       9.892	 -0.583
       9.896	 -0.585
       9.900	 -0.590
       9.904	 -0.530
       9.908	 -0.502
       9.912	 -0.485
       9.916	 -0.517
       9.920	 -0.448
       9.924	 -0.323
       9.928	 -0.465
       9.932	 -0.570
       9.936	 -0.623
       9.940	 -0.630
       9.944	 -0.562
       9.948	 -0.477
       9.952	 -0.420
       9.956	 -0.465
       9.960	 -0.472
       9.964	 -0.398
       9.968	 -0.312
       9.972	 -0.357
       9.976	 -0.412
       9.980	 -0.405
       9.984	 -0.410
       9.988	 -0.350
       9.992	 -0.305
       9.996	 -0.210
