Elapsed_time	ECG
       0.000	  1.080
       0.004	  1.155
       0.008	  1.100
       0.012	  0.995
       0.016	  0.995
       0.020	  1.000
       0.024	  1.020
       0.028	  1.035
       0.032	  1.010
       0.036	  0.905
       0.040	  0.855
       0.044	  0.745
       0.048	  0.625
       0.052	  0.530
       0.056	  0.410
       0.060	  0.255
       0.064	  0.175
       0.068	  0.160
       0.072	  0.180
       0.076	  0.145
       0.080	  0.135
       0.084	  0.125
       0.088	  0.060
       0.092	  0.100
       0.096	  0.145
       0.100	  0.155
       0.104	  0.130
       0.108	  0.095
       0.112	  0.015
       0.116	  0.035
       0.120	  0.060
       0.124	  0.055
       0.128	  0.045
       0.132	  0.060
       0.136	  0.035
       0.140	  0.075
       0.144	  0.105
       0.148	  0.110
       0.152	  0.125
       0.156	  0.145
       0.160	  0.210
       0.164	  0.215
       0.168	  0.175
       0.172	  0.200
       0.176	  0.190
       0.180	  0.180
       0.184	  0.210
       0.188	  0.265
       0.192	  0.290
       0.196	  0.275
       0.200	  0.270
       0.204	  0.275
       0.208	  0.325
       0.212	  0.320
       0.216	  0.320
       0.220	  0.310
       0.224	  0.360
       0.228	  0.445
       0.232	  0.495
       0.236	  0.440
       0.240	  0.425
       0.244	  0.425
       0.248	  0.445
       0.252	  0.455
       0.256	  0.370
       0.260	  0.315
       0.264	  0.355
       0.268	  0.385
       0.272	  0.320
       0.276	  0.260
       0.280	  0.240
       0.284	  0.255
       0.288	  0.260
       0.292	  0.275
       0.296	  0.200
       0.300	  0.155
       0.304	  0.095
       0.308	  0.100
       0.312	  0.085
       0.316	  0.095
       0.320	  0.115
       0.324	  0.135
       0.328	  0.105
       0.332	  0.120
       0.336	  0.140
       0.340	  0.175
       0.344	  0.190
       0.348	  0.240
       0.352	  0.265
       0.356	  0.305
       0.360	  0.305
       0.364	  0.275
       0.368	  0.245
       0.372	  0.225
       0.376	  0.270
       0.380	  0.355
       0.384	  0.395
       0.388	  0.415
       0.392	  0.425
       0.396	  0.395
       0.400	  0.355
       0.404	  0.360
       0.408	  0.430
       0.412	  0.485
       0.416	  0.565
       0.420	  0.705
       0.424	  0.815
       0.428	  0.885
       0.432	  1.030
       0.436	  1.195
       0.440	  1.285
       0.444	  1.315
       0.448	  1.375
       0.452	  1.425
       0.456	  1.450
       0.460	  1.435
       0.464	  1.395
       0.468	  1.360
       0.472	  1.270
       0.476	  1.180
       0.480	  1.090
       0.484	  0.990
       0.488	  0.940
       0.492	  0.950
       0.496	  0.965
       0.500	  0.995
       0.504	  1.025
       0.508	  1.000
       0.512	  0.885
       0.516	  0.870
       0.520	  0.925
       0.524	  0.925
       0.528	  0.875
       0.532	  0.900
       0.536	  0.890
       0.540	  0.760
       0.544	  0.655
       0.548	  0.565
       0.552	  0.420
       0.556	  0.320
       0.560	  0.250
       0.564	  0.205
       0.568	  0.130
       0.572	  0.075
       0.576	  0.010
       0.580	 -0.060
       0.584	 -0.065
       0.588	 -0.045
       0.592	  0.010
       0.596	  0.020
       0.600	 -0.020
       0.604	 -0.055
       0.608	 -0.045
       0.612	 -0.020
       0.616	  0.020
       0.620	 -0.025
       0.624	 -0.075
       0.628	 -0.120
       0.632	 -0.095
       0.636	 -0.070
       0.640	  0.005
       0.644	  0.030
       0.648	  0.050
       0.652	  0.010
       0.656	 -0.025
       0.660	  0.000
       0.664	  0.000
       0.668	  0.010
       0.672	  0.000
       0.676	  0.035
       0.680	  0.100
       0.684	  0.150
       0.688	  0.170
       0.692	  0.175
       0.696	  0.195
       0.700	  0.195
       0.704	  0.220
       0.708	  0.255
       0.712	  0.215
       0.716	  0.200
       0.720	  0.275
       0.724	  0.350
       0.728	  0.335
       0.732	  0.355
       0.736	  0.380
       0.740	  0.355
       0.744	  0.335
       0.748	  0.350
       0.752	  0.330
       0.756	  0.305
       0.760	  0.285
       0.764	  0.310
       0.768	  0.325
       0.772	  0.300
       0.776	  0.245
       0.780	  0.180
       0.784	  0.155
       0.788	  0.165
       0.792	  0.175
       0.796	  0.195
       0.800	  0.145
       0.804	  0.080
       0.808	  0.015
       0.812	 -0.045
       0.816	  0.005
       0.820	  0.025
       0.824	  0.060
       0.828	  0.115
       0.832	  0.135
       0.836	  0.100
       0.840	  0.080
       0.844	  0.135
       0.848	  0.150
       0.852	  0.190
       0.856	  0.200
       0.860	  0.190
       0.864	  0.210
       0.868	  0.230
       0.872	  0.265
       0.876	  0.300
       0.880	  0.315
       0.884	  0.320
       0.888	  0.335
       0.892	  0.350
       0.896	  0.350
       0.900	  0.380
       0.904	  0.380
       0.908	  0.375
       0.912	  0.400
       0.916	  0.490
       0.920	  0.575
       0.924	  0.705
       0.928	  0.840
       0.932	  1.035
       0.936	  1.155
       0.940	  1.245
       0.944	  1.330
       0.948	  1.405
       0.952	  1.435
       0.956	  1.475
       0.960	  1.480
       0.964	  1.400
       0.968	  1.335
       0.972	  1.325
       0.976	  1.275
       0.980	  1.155
       0.984	  1.020
       0.988	  0.925
       0.992	  0.895
       0.996	  0.930
       1.000	  0.990
       1.004	  1.035
       1.008	  1.020
       1.012	  0.915
       1.016	  0.880
       1.020	  0.920
       1.024	  0.900
       1.028	  0.875
       1.032	  0.860
       1.036	  0.805
       1.040	  0.740
       1.044	  0.700
       1.048	  0.600
       1.052	  0.485
       1.056	  0.350
       1.060	  0.225
       1.064	  0.150
       1.068	  0.115
       1.072	  0.055
       1.076	 -0.040
       1.080	 -0.065
       1.084	 -0.070
       1.088	 -0.050
       1.092	 -0.040
       1.096	 -0.035
       1.100	 -0.040
       1.104	 -0.085
       1.108	 -0.100
       1.112	 -0.110
       1.116	 -0.120
       1.120	 -0.130
       1.124	 -0.100
       1.128	 -0.100
       1.132	 -0.105
       1.136	 -0.105
       1.140	 -0.110
       1.144	 -0.105
       1.148	 -0.065
       1.152	 -0.055
       1.156	 -0.045
       1.160	 -0.050
       1.164	 -0.015
       1.168	  0.000
       1.172	  0.010
       1.176	 -0.030
       1.180	 -0.035
       1.184	  0.015
       1.188	  0.065
       1.192	  0.085
       1.196	  0.100
       1.200	  0.120
       1.204	  0.140
       1.208	  0.170
       1.212	  0.165
       1.216	  0.195
       1.220	  0.210
       1.224	  0.245
       1.228	  0.275
       1.232	  0.300
       1.236	  0.310
       1.240	  0.305
       1.244	  0.300
       1.248	  0.300
       1.252	  0.255
       1.256	  0.255
       1.260	  0.235
       1.264	  0.230
       1.268	  0.220
       1.272	  0.195
       1.276	  0.140
       1.280	  0.125
       1.284	  0.140
       1.288	  0.140
       1.292	  0.100
       1.296	  0.030
       1.300	 -0.035
       1.304	 -0.085
       1.308	 -0.075
       1.312	 -0.060
       1.316	 -0.050
       1.320	 -0.050
       1.324	 -0.030
       1.328	  0.005
       1.332	  0.050
       1.336	  0.090
       1.340	  0.090
       1.344	  0.080
       1.348	  0.105
       1.352	  0.090
       1.356	  0.115
       1.360	  0.115
       1.364	  0.120
       1.368	  0.150
       1.372	  0.205
       1.376	  0.210
       1.380	  0.220
       1.384	  0.230
       1.388	  0.240
       1.392	  0.240
       1.396	  0.240
       1.400	  0.265
       1.404	  0.275
       1.408	  0.310
       1.412	  0.350
       1.416	  0.410
       1.420	  0.490
       1.424	  0.600
       1.428	  0.735
       1.432	  0.935
       1.436	  1.065
       1.440	  1.145
       1.444	  1.190
       1.448	  1.250
       1.452	  1.270
       1.456	  1.315
       1.460	  1.340
       1.464	  1.255
       1.468	  1.195
       1.472	  1.145
       1.476	  1.055
       1.480	  0.975
       1.484	  0.900
       1.488	  0.845
       1.492	  0.800
       1.496	  0.800
       1.500	  0.830
       1.504	  0.855
       1.508	  0.845
       1.512	  0.745
       1.516	  0.700
       1.520	  0.700
       1.524	  0.690
       1.528	  0.660
       1.532	  0.660
       1.536	  0.635
       1.540	  0.575
       1.544	  0.490
       1.548	  0.385
       1.552	  0.195
       1.556	  0.040
       1.560	 -0.040
       1.564	 -0.065
       1.568	 -0.120
       1.572	 -0.210
       1.576	 -0.290
       1.580	 -0.280
       1.584	 -0.260
       1.588	 -0.265
       1.592	 -0.280
       1.596	 -0.265
       1.600	 -0.285
       1.604	 -0.305
       1.608	 -0.300
       1.612	 -0.325
       1.616	 -0.335
       1.620	 -0.350
       1.624	 -0.330
       1.628	 -0.330
       1.632	 -0.340
       1.636	 -0.335
       1.640	 -0.330
       1.644	 -0.340
       1.648	 -0.320
       1.652	 -0.310
       1.656	 -0.290
       1.660	 -0.295
       1.664	 -0.300
       1.668	 -0.290
       1.672	 -0.275
       1.676	 -0.230
       1.680	 -0.210
       1.684	 -0.180
       1.688	 -0.170
       1.692	 -0.165
       1.696	 -0.165
       1.700	 -0.140
       1.704	 -0.120
       1.708	 -0.100
       1.712	 -0.090
       1.716	 -0.080
       1.720	 -0.070
       1.724	 -0.050
       1.728	 -0.035
       1.732	  0.015
       1.736	  0.045
       1.740	  0.055
       1.744	  0.040
       1.748	  0.035
       1.752	  0.000
       1.756	 -0.025
       1.760	 -0.030
       1.764	 -0.045
       1.768	 -0.055
       1.772	 -0.060
       1.776	 -0.115
       1.780	 -0.145
       1.784	 -0.160
       1.788	 -0.165
       1.792	 -0.155
       1.796	 -0.170
       1.800	 -0.220
       1.804	 -0.285
       1.808	 -0.320
       1.812	 -0.355
       1.816	 -0.360
       1.820	 -0.355
       1.824	 -0.330
       1.828	 -0.295
       1.832	 -0.250
       1.836	 -0.225
       1.840	 -0.230
       1.844	 -0.275
       1.848	 -0.250
       1.852	 -0.230
       1.856	 -0.205
       1.860	 -0.180
       1.864	 -0.160
       1.868	 -0.130
       1.872	 -0.115
       1.876	 -0.115
       1.880	 -0.120
       1.884	 -0.140
       1.888	 -0.150
       1.892	 -0.115
       1.896	 -0.075
       1.900	 -0.045
       1.904	  0.000
       1.908	  0.015
       1.912	  0.000
       1.916	  0.075
       1.920	  0.195
       1.924	  0.320
       1.928	  0.440
       1.932	  0.580
       1.936	  0.695
       1.940	  0.780
       1.944	  0.845
       1.948	  0.915
       1.952	  0.970
       1.956	  1.010
       1.960	  1.005
       1.964	  0.980
       1.968	  0.930
       1.972	  0.880
       1.976	  0.810
       1.980	  0.735
       1.984	  0.675
       1.988	  0.610
       1.992	  0.570
       1.996	  0.570
       2.000	  0.595
       2.004	  0.635
       2.008	  0.630
       2.012	  0.540
       2.016	  0.485
       2.020	  0.480
       2.024	  0.480
       2.028	  0.460
       2.032	  0.470
       2.036	  0.455
       2.040	  0.375
       2.044	  0.315
       2.048	  0.210
       2.052	  0.045
       2.056	 -0.090
       2.060	 -0.170
       2.064	 -0.220
       2.068	 -0.295
       2.072	 -0.380
       2.076	 -0.460
       2.080	 -0.465
       2.084	 -0.450
       2.088	 -0.435
       2.092	 -0.450
       2.096	 -0.450
       2.100	 -0.480
       2.104	 -0.495
       2.108	 -0.470
       2.112	 -0.470
       2.116	 -0.465
       2.120	 -0.485
       2.124	 -0.505
       2.128	 -0.500
       2.132	 -0.500
       2.136	 -0.505
       2.140	 -0.465
       2.144	 -0.470
       2.148	 -0.470
       2.152	 -0.445
       2.156	 -0.415
       2.160	 -0.420
       2.164	 -0.425
       2.168	 -0.405
       2.172	 -0.410
       2.176	 -0.400
       2.180	 -0.360
       2.184	 -0.320
       2.188	 -0.335
       2.192	 -0.335
       2.196	 -0.280
       2.200	 -0.260
       2.204	 -0.225
       2.208	 -0.205
       2.212	 -0.200
       2.216	 -0.200
       2.220	 -0.170
       2.224	 -0.145
       2.228	 -0.130
       2.232	 -0.085
       2.236	 -0.060
       2.240	 -0.055
       2.244	 -0.050
       2.248	 -0.070
       2.252	 -0.110
       2.256	 -0.150
       2.260	 -0.160
       2.264	 -0.195
       2.268	 -0.200
       2.272	 -0.190
       2.276	 -0.250
       2.280	 -0.280
       2.284	 -0.260
       2.288	 -0.245
       2.292	 -0.215
       2.296	 -0.260
       2.300	 -0.305
       2.304	 -0.385
       2.308	 -0.450
       2.312	 -0.485
       2.316	 -0.470
       2.320	 -0.420
       2.324	 -0.360
       2.328	 -0.340
       2.332	 -0.320
       2.336	 -0.290
       2.340	 -0.290
       2.344	 -0.275
       2.348	 -0.240
       2.352	 -0.260
       2.356	 -0.290
       2.360	 -0.275
       2.364	 -0.210
       2.368	 -0.140
       2.372	 -0.130
       2.376	 -0.135
       2.380	 -0.145
       2.384	 -0.150
       2.388	 -0.090
       2.392	 -0.060
       2.396	 -0.065
       2.400	 -0.040
       2.404	 -0.050
       2.408	 -0.060
       2.412	 -0.035
       2.416	  0.045
       2.420	  0.165
       2.424	  0.375
       2.428	  0.535
       2.432	  0.705
       2.436	  0.800
       2.440	  0.855
       2.444	  0.930
       2.448	  1.010
       2.452	  1.055
       2.456	  1.105
       2.460	  1.150
       2.464	  1.110
       2.468	  1.060
       2.472	  1.010
       2.476	  0.930
       2.480	  0.845
       2.484	  0.745
       2.488	  0.690
       2.492	  0.670
       2.496	  0.705
       2.500	  0.765
       2.504	  0.785
       2.508	  0.765
       2.512	  0.655
       2.516	  0.655
       2.520	  0.695
       2.524	  0.715
       2.528	  0.710
       2.532	  0.695
       2.536	  0.645
       2.540	  0.580
       2.544	  0.505
       2.548	  0.440
       2.552	  0.320
       2.556	  0.175
       2.560	  0.080
       2.564	  0.005
       2.568	 -0.030
       2.572	 -0.060
       2.576	 -0.135
       2.580	 -0.160
       2.584	 -0.160
       2.588	 -0.135
       2.592	 -0.160
       2.596	 -0.170
       2.600	 -0.165
       2.604	 -0.145
       2.608	 -0.125
       2.612	 -0.150
       2.616	 -0.155
       2.620	 -0.125
       2.624	 -0.120
       2.628	 -0.165
       2.632	 -0.200
       2.636	 -0.240
       2.640	 -0.220
       2.644	 -0.145
       2.648	 -0.095
       2.652	 -0.025
       2.656	 -0.025
       2.660	 -0.040
       2.664	  0.025
       2.668	 -0.040
       2.672	 -0.070
       2.676	 -0.020
       2.680	  0.055
       2.684	  0.100
       2.688	  0.130
       2.692	  0.145
       2.696	  0.145
       2.700	  0.170
       2.704	  0.160
       2.708	  0.200
       2.712	  0.245
       2.716	  0.235
       2.720	  0.225
       2.724	  0.245
       2.728	  0.305
       2.732	  0.375
       2.736	  0.330
       2.740	  0.355
       2.744	  0.370
       2.748	  0.320
       2.752	  0.335
       2.756	  0.310
       2.760	  0.290
       2.764	  0.355
       2.768	  0.365
       2.772	  0.330
       2.776	  0.230
       2.780	  0.160
       2.784	  0.125
       2.788	  0.180
       2.792	  0.215
       2.796	  0.190
       2.800	  0.140
       2.804	  0.070
       2.808	  0.065
       2.812	  0.000
       2.816	  0.050
       2.820	  0.095
       2.824	  0.090
       2.828	  0.090
       2.832	  0.095
       2.836	  0.125
       2.840	  0.190
       2.844	  0.225
       2.848	  0.210
       2.852	  0.205
       2.856	  0.175
       2.860	  0.200
       2.864	  0.275
       2.868	  0.330
       2.872	  0.355
       2.876	  0.310
       2.880	  0.195
       2.884	  0.225
       2.888	  0.290
       2.892	  0.325
       2.896	  0.445
       2.900	  0.505
       2.904	  0.510
       2.908	  0.530
       2.912	  0.545
       2.916	  0.630
       2.920	  0.700
       2.924	  0.790
       2.928	  0.910
       2.932	  1.060
       2.936	  1.190
       2.940	  1.300
       2.944	  1.380
       2.948	  1.510
       2.952	  1.570
       2.956	  1.570
       2.960	  1.510
       2.964	  1.395
       2.968	  1.300
       2.972	  1.240
       2.976	  1.190
       2.980	  1.105
       2.984	  1.060
       2.988	  1.010
       2.992	  0.975
       2.996	  0.985
       3.000	  0.995
       3.004	  1.020
       3.008	  0.985
       3.012	  0.840
       3.016	  0.830
       3.020	  0.870
       3.024	  0.990
       3.028	  1.005
       3.032	  0.975
       3.036	  0.915
       3.040	  0.780
       3.044	  0.705
       3.048	  0.650
       3.052	  0.485
       3.056	  0.355
       3.060	  0.290
       3.064	  0.210
       3.068	  0.085
       3.072	  0.030
       3.076	  0.075
       3.080	  0.060
       3.084	  0.030
       3.088	  0.025
       3.092	  0.020
       3.096	  0.055
       3.100	  0.095
       3.104	  0.065
       3.108	  0.025
       3.112	  0.030
       3.116	 -0.025
       3.120	 -0.035
       3.124	 -0.050
       3.128	 -0.045
       3.132	  0.005
       3.136	  0.055
       3.140	  0.050
       3.144	 -0.015
       3.148	  0.025
       3.152	  0.055
       3.156	  0.095
       3.160	  0.090
       3.164	  0.060
       3.168	  0.065
       3.172	  0.105
       3.176	  0.070
       3.180	  0.100
       3.184	  0.145
       3.188	  0.230
       3.192	  0.255
       3.196	  0.240
       3.200	  0.235
       3.204	  0.220
       3.208	  0.240
       3.212	  0.285
       3.216	  0.285
       3.220	  0.315
       3.224	  0.350
       3.228	  0.415
       3.232	  0.440
       3.236	  0.430
       3.240	  0.360
       3.244	  0.300
       3.248	  0.310
       3.252	  0.330
       3.256	  0.300
       3.260	  0.310
       3.264	  0.340
       3.268	  0.290
       3.272	  0.265
       3.276	  0.260
       3.280	  0.245
       3.284	  0.180
       3.288	  0.165
       3.292	  0.120
       3.296	  0.065
       3.300	  0.055
       3.304	  0.035
       3.308	  0.030
       3.312	 -0.025
       3.316	  0.005
       3.320	  0.040
       3.324	  0.065
       3.328	  0.070
       3.332	  0.035
       3.336	  0.030
       3.340	  0.055
       3.344	  0.110
       3.348	  0.185
       3.352	  0.215
       3.356	  0.240
       3.360	  0.180
       3.364	  0.195
       3.368	  0.210
       3.372	  0.260
       3.376	  0.300
       3.380	  0.340
       3.384	  0.335
       3.388	  0.280
       3.392	  0.205
       3.396	  0.265
       3.400	  0.355
       3.404	  0.380
       3.408	  0.415
       3.412	  0.460
       3.416	  0.555
       3.420	  0.715
       3.424	  0.895
       3.428	  1.030
       3.432	  1.115
       3.436	  1.145
       3.440	  1.170
       3.444	  1.200
       3.448	  1.275
       3.452	  1.340
       3.456	  1.400
       3.460	  1.350
       3.464	  1.240
       3.468	  1.205
       3.472	  1.105
       3.476	  0.995
       3.480	  0.925
       3.484	  0.830
       3.488	  0.780
       3.492	  0.840
       3.496	  0.835
       3.500	  0.850
       3.504	  0.900
       3.508	  0.815
       3.512	  0.765
       3.516	  0.815
       3.520	  0.795
       3.524	  0.755
       3.528	  0.720
       3.532	  0.730
       3.536	  0.695
       3.540	  0.610
       3.544	  0.515
       3.548	  0.375
       3.552	  0.240
       3.556	  0.135
       3.560	  0.100
       3.564	  0.060
       3.568	 -0.025
       3.572	 -0.075
       3.576	 -0.110
       3.580	 -0.170
       3.584	 -0.205
       3.588	 -0.195
       3.592	 -0.145
       3.596	 -0.115
       3.600	 -0.150
       3.604	 -0.165
       3.608	 -0.175
       3.612	 -0.185
       3.616	 -0.205
       3.620	 -0.205
       3.624	 -0.220
       3.628	 -0.195
       3.632	 -0.145
       3.636	 -0.175
       3.640	 -0.175
       3.644	 -0.210
       3.648	 -0.210
       3.652	 -0.180
       3.656	 -0.170
       3.660	 -0.145
       3.664	 -0.140
       3.668	 -0.120
       3.672	 -0.055
       3.676	 -0.030
       3.680	 -0.025
       3.684	  0.000
       3.688	 -0.045
       3.692	 -0.050
       3.696	 -0.020
       3.700	  0.030
       3.704	  0.020
       3.708	  0.015
       3.712	  0.020
       3.716	  0.060
       3.720	  0.085
       3.724	  0.135
       3.728	  0.155
       3.732	  0.195
       3.736	  0.200
       3.740	  0.215
       3.744	  0.175
       3.748	  0.140
       3.752	  0.115
       3.756	  0.105
       3.760	  0.080
       3.764	  0.115
       3.768	  0.115
       3.772	  0.060
       3.776	 -0.020
       3.780	 -0.040
       3.784	  0.000
       3.788	  0.000
       3.792	 -0.060
       3.796	 -0.100
       3.800	 -0.190
       3.804	 -0.255
       3.808	 -0.240
       3.812	 -0.190
       3.816	 -0.165
       3.820	 -0.140
       3.824	 -0.115
       3.828	 -0.140
       3.832	 -0.165
       3.836	 -0.095
       3.840	 -0.030
       3.844	  0.020
       3.848	  0.035
       3.852	  0.000
       3.856	 -0.020
       3.860	  0.020
       3.864	  0.010
       3.868	  0.020
       3.872	  0.065
       3.876	  0.085
       3.880	  0.085
       3.884	  0.115
       3.888	  0.120
       3.892	  0.140
       3.896	  0.165
       3.900	  0.205
       3.904	  0.215
       3.908	  0.245
       3.912	  0.365
       3.916	  0.490
       3.920	  0.585
       3.924	  0.720
       3.928	  0.855
       3.932	  0.975
       3.936	  1.060
       3.940	  1.075
       3.944	  1.120
       3.948	  1.230
       3.952	  1.265
       3.956	  1.290
       3.960	  1.210
       3.964	  1.150
       3.968	  1.095
       3.972	  1.025
       3.976	  0.930
       3.980	  0.835
       3.984	  0.770
       3.988	  0.770
       3.992	  0.780
       3.996	  0.785
       4.000	  0.780
       4.004	  0.800
       4.008	  0.715
       4.012	  0.670
       4.016	  0.695
       4.020	  0.715
       4.024	  0.725
       4.028	  0.705
       4.032	  0.665
       4.036	  0.605
       4.040	  0.540
       4.044	  0.400
       4.048	  0.255
       4.052	  0.135
       4.056	  0.070
       4.060	  0.025
       4.064	 -0.060
       4.068	 -0.145
       4.072	 -0.185
       4.076	 -0.205
       4.080	 -0.230
       4.084	 -0.205
       4.088	 -0.225
       4.092	 -0.260
       4.096	 -0.240
       4.100	 -0.225
       4.104	 -0.255
       4.108	 -0.280
       4.112	 -0.300
       4.116	 -0.270
       4.120	 -0.240
       4.124	 -0.235
       4.128	 -0.235
       4.132	 -0.255
       4.136	 -0.265
       4.140	 -0.230
       4.144	 -0.240
       4.148	 -0.205
       4.152	 -0.200
       4.156	 -0.230
       4.160	 -0.230
       4.164	 -0.185
       4.168	 -0.160
       4.172	 -0.140
       4.176	 -0.135
       4.180	 -0.100
       4.184	 -0.095
       4.188	 -0.080
       4.192	 -0.060
       4.196	 -0.020
       4.200	 -0.035
       4.204	 -0.025
       4.208	  0.045
       4.212	  0.070
       4.216	  0.075
       4.220	  0.110
       4.224	  0.165
       4.228	  0.190
       4.232	  0.175
       4.236	  0.140
       4.240	  0.110
       4.244	  0.065
       4.248	  0.055
       4.252	  0.075
       4.256	  0.060
       4.260	  0.040
       4.264	  0.050
       4.268	  0.030
       4.272	 -0.020
       4.276	 -0.065
       4.280	 -0.075
       4.284	 -0.065
       4.288	 -0.110
       4.292	 -0.210
       4.296	 -0.260
       4.300	 -0.280
       4.304	 -0.270
       4.308	 -0.250
       4.312	 -0.235
       4.316	 -0.230
       4.320	 -0.225
       4.324	 -0.205
       4.328	 -0.175
       4.332	 -0.155
       4.336	 -0.140
       4.340	 -0.100
       4.344	 -0.085
       4.348	 -0.065
       4.352	 -0.090
       4.356	 -0.095
       4.360	 -0.050
       4.364	 -0.035
       4.368	  0.000
       4.372	  0.005
       4.376	  0.020
       4.380	  0.050
       4.384	  0.040
       4.388	  0.050
       4.392	  0.070
       4.396	  0.070
       4.400	  0.110
       4.404	  0.200
       4.408	  0.260
       4.412	  0.350
       4.416	  0.500
       4.420	  0.650
       4.424	  0.770
       4.428	  0.865
       4.432	  0.960
       4.436	  1.060
       4.440	  1.155
       4.444	  1.190
       4.448	  1.225
       4.452	  1.230
       4.456	  1.170
       4.460	  1.105
       4.464	  1.030
       4.468	  0.945
       4.472	  0.890
       4.476	  0.790
       4.480	  0.750
       4.484	  0.725
       4.488	  0.715
       4.492	  0.710
       4.496	  0.730
       4.500	  0.720
       4.504	  0.645
       4.508	  0.585
       4.512	  0.610
       4.516	  0.640
       4.520	  0.620
       4.524	  0.615
       4.528	  0.580
       4.532	  0.500
       4.536	  0.405
       4.540	  0.290
       4.544	  0.125
       4.548	  0.000
       4.552	 -0.090
       4.556	 -0.160
       4.560	 -0.230
       4.564	 -0.300
       4.568	 -0.340
       4.572	 -0.330
       4.576	 -0.350
       4.580	 -0.350
       4.584	 -0.365
       4.588	 -0.350
       4.592	 -0.360
       4.596	 -0.370
       4.600	 -0.400
       4.604	 -0.410
       4.608	 -0.435
       4.612	 -0.465
       4.616	 -0.465
       4.620	 -0.450
       4.624	 -0.440
       4.628	 -0.450
       4.632	 -0.435
       4.636	 -0.425
       4.640	 -0.425
       4.644	 -0.405
       4.648	 -0.390
       4.652	 -0.405
       4.656	 -0.385
       4.660	 -0.370
       4.664	 -0.360
       4.668	 -0.345
       4.672	 -0.325
       4.676	 -0.320
       4.680	 -0.295
       4.684	 -0.255
       4.688	 -0.235
       4.692	 -0.240
       4.696	 -0.200
       4.700	 -0.170
       4.704	 -0.160
       4.708	 -0.120
       4.712	 -0.080
       4.716	 -0.040
       4.720	  0.000
       4.724	  0.020
       4.728	  0.015
       4.732	  0.025
       4.736	 -0.025
       4.740	 -0.055
       4.744	 -0.080
       4.748	 -0.090
       4.752	 -0.095
       4.756	 -0.100
       4.760	 -0.115
       4.764	 -0.130
       4.768	 -0.165
       4.772	 -0.195
       4.776	 -0.235
       4.780	 -0.240
       4.784	 -0.285
       4.788	 -0.330
       4.792	 -0.385
       4.796	 -0.415
       4.800	 -0.425
       4.804	 -0.405
       4.808	 -0.375
       4.812	 -0.350
       4.816	 -0.335
       4.820	 -0.325
       4.824	 -0.295
       4.828	 -0.275
       4.832	 -0.275
       4.836	 -0.260
       4.840	 -0.245
       4.844	 -0.250
       4.848	 -0.215
       4.852	 -0.170
       4.856	 -0.145
       4.860	 -0.145
       4.864	 -0.150
       4.868	 -0.150
       4.872	 -0.145
       4.876	 -0.140
       4.880	 -0.090
       4.884	 -0.075
       4.888	 -0.035
       4.892	 -0.015
       4.896	  0.020
       4.900	  0.055
       4.904	  0.130
       4.908	  0.235
       4.912	  0.375
       4.916	  0.520
       4.920	  0.670
       4.924	  0.795
       4.928	  0.860
       4.932	  0.915
       4.936	  0.955
       4.940	  0.980
       4.944	  1.005
       4.948	  0.990
       4.952	  0.920
       4.956	  0.890
       4.960	  0.825
       4.964	  0.770
       4.968	  0.675
       4.972	  0.595
       4.976	  0.535
       4.980	  0.555
       4.984	  0.580
       4.988	  0.600
       4.992	  0.610
       4.996	  0.550
       5.000	  0.460
       5.004	  0.450
       5.008	  0.455
       5.012	  0.460
       5.016	  0.455
       5.020	  0.435
       5.024	  0.380
       5.028	  0.295
       5.032	  0.225
       5.036	  0.100
       5.040	 -0.080
       5.044	 -0.195
       5.048	 -0.265
       5.052	 -0.340
       5.056	 -0.390
       5.060	 -0.455
       5.064	 -0.490
       5.068	 -0.490
       5.072	 -0.500
       5.076	 -0.545
       5.080	 -0.530
       5.084	 -0.505
       5.088	 -0.500
       5.092	 -0.525
       5.096	 -0.530
       5.100	 -0.535
       5.104	 -0.545
       5.108	 -0.555
       5.112	 -0.575
       5.116	 -0.575
       5.120	 -0.570
       5.124	 -0.550
       5.128	 -0.550
       5.132	 -0.565
       5.136	 -0.585
       5.140	 -0.570
       5.144	 -0.560
       5.148	 -0.540
       5.152	 -0.505
       5.156	 -0.480
       5.160	 -0.490
       5.164	 -0.490
       5.168	 -0.495
       5.172	 -0.475
       5.176	 -0.450
       5.180	 -0.400
       5.184	 -0.385
       5.188	 -0.380
       5.192	 -0.380
       5.196	 -0.370
       5.200	 -0.340
       5.204	 -0.320
       5.208	 -0.310
       5.212	 -0.275
       5.216	 -0.245
       5.220	 -0.205
       5.224	 -0.170
       5.228	 -0.185
       5.232	 -0.210
       5.236	 -0.250
       5.240	 -0.270
       5.244	 -0.300
       5.248	 -0.310
       5.252	 -0.320
       5.256	 -0.355
       5.260	 -0.395
       5.264	 -0.410
       5.268	 -0.435
       5.272	 -0.435
       5.276	 -0.465
       5.280	 -0.515
       5.284	 -0.590
       5.288	 -0.640
       5.292	 -0.655
       5.296	 -0.655
       5.300	 -0.630
       5.304	 -0.635
       5.308	 -0.640
       5.312	 -0.640
       5.316	 -0.620
       5.320	 -0.605
       5.324	 -0.585
       5.328	 -0.580
       5.332	 -0.565
       5.336	 -0.535
       5.340	 -0.520
       5.344	 -0.510
       5.348	 -0.480
       5.352	 -0.465
       5.356	 -0.455
       5.360	 -0.455
       5.364	 -0.450
       5.368	 -0.460
       5.372	 -0.435
       5.376	 -0.420
       5.380	 -0.385
       5.384	 -0.360
       5.388	 -0.360
       5.392	 -0.380
       5.396	 -0.340
       5.400	 -0.240
       5.404	 -0.130
       5.408	 -0.040
       5.412	  0.115
       5.416	  0.260
       5.420	  0.330
       5.424	  0.380
       5.428	  0.405
       5.432	  0.435
       5.436	  0.445
       5.440	  0.515
       5.444	  0.535
       5.448	  0.480
       5.452	  0.440
       5.456	  0.380
       5.460	  0.315
       5.464	  0.255
       5.468	  0.190
       5.472	  0.150
       5.476	  0.145
       5.480	  0.155
       5.484	  0.195
       5.488	  0.220
       5.492	  0.145
       5.496	  0.050
       5.500	  0.005
       5.504	 -0.045
       5.508	 -0.055
       5.512	 -0.035
       5.516	 -0.030
       5.520	 -0.080
       5.524	 -0.150
       5.528	 -0.250
       5.532	 -0.375
       5.536	 -0.525
       5.540	 -0.630
       5.544	 -0.710
       5.548	 -0.785
       5.552	 -0.835
       5.556	 -0.855
       5.560	 -0.910
       5.564	 -0.935
       5.568	 -0.940
       5.572	 -0.945
       5.576	 -0.965
       5.580	 -0.935
       5.584	 -0.940
       5.588	 -0.950
       5.592	 -0.950
       5.596	 -0.940
       5.600	 -0.955
       5.604	 -0.960
       5.608	 -0.965
       5.612	 -0.985
       5.616	 -1.010
       5.620	 -0.990
       5.624	 -0.970
       5.628	 -0.965
       5.632	 -0.995
       5.636	 -0.980
       5.640	 -0.970
       5.644	 -0.965
       5.648	 -0.965
       5.652	 -0.945
       5.656	 -0.950
       5.660	 -0.950
       5.664	 -0.905
       5.668	 -0.855
       5.672	 -0.830
       5.676	 -0.830
       5.680	 -0.820
       5.684	 -0.815
       5.688	 -0.775
       5.692	 -0.745
       5.696	 -0.710
       5.700	 -0.675
       5.704	 -0.660
       5.708	 -0.650
       5.712	 -0.620
       5.716	 -0.605
       5.720	 -0.640
       5.724	 -0.660
       5.728	 -0.690
       5.732	 -0.695
       5.736	 -0.680
       5.740	 -0.685
       5.744	 -0.695
       5.748	 -0.740
       5.752	 -0.795
       5.756	 -0.840
       5.760	 -0.850
       5.764	 -0.825
       5.768	 -0.845
       5.772	 -0.880
       5.776	 -0.940
       5.780	 -0.960
       5.784	 -1.000
       5.788	 -0.980
       5.792	 -0.990
       5.796	 -0.985
       5.800	 -0.950
       5.804	 -0.930
       5.808	 -0.920
       5.812	 -0.935
       5.816	 -0.915
       5.820	 -0.915
       5.824	 -0.925
       5.828	 -0.920
       5.832	 -0.865
       5.836	 -0.825
       5.840	 -0.780
       5.844	 -0.740
       5.848	 -0.730
       5.852	 -0.765
       5.856	 -0.795
       5.860	 -0.790
       5.864	 -0.755
       5.868	 -0.740
       5.872	 -0.690
       5.876	 -0.650
       5.880	 -0.630
       5.884	 -0.610
       5.888	 -0.555
       5.892	 -0.465
       5.896	 -0.375
       5.900	 -0.285
       5.904	 -0.140
       5.908	 -0.055
       5.912	  0.050
       5.916	  0.135
       5.920	  0.175
       5.924	  0.190
       5.928	  0.210
       5.932	  0.215
       5.936	  0.195
       5.940	  0.155
       5.944	  0.135
       5.948	  0.165
       5.952	  0.115
       5.956	  0.055
       5.960	 -0.060
       5.964	 -0.090
       5.968	 -0.075
       5.972	 -0.085
       5.976	 -0.060
       5.980	 -0.020
       5.984	 -0.040
       5.988	 -0.040
       5.992	 -0.060
       5.996	 -0.090
       6.000	 -0.110
       6.004	 -0.120
       6.008	 -0.140
       6.012	 -0.180
       6.016	 -0.230
       6.020	 -0.285
       6.024	 -0.375
       6.028	 -0.520
       6.032	 -0.620
       6.036	 -0.665
       6.040	 -0.685
       6.044	 -0.740
       6.048	 -0.790
       6.052	 -0.875
       6.056	 -0.850
       6.060	 -0.850
       6.064	 -0.855
       6.068	 -0.870
       6.072	 -0.845
       6.076	 -0.850
       6.080	 -0.855
       6.084	 -0.845
       6.088	 -0.825
       6.092	 -0.815
       6.096	 -0.780
       6.100	 -0.765
       6.104	 -0.820
       6.108	 -0.865
       6.112	 -0.875
       6.116	 -0.830
       6.120	 -0.780
       6.124	 -0.780
       6.128	 -0.770
       6.132	 -0.740
       6.136	 -0.720
       6.140	 -0.735
       6.144	 -0.740
       6.148	 -0.715
       6.152	 -0.630
       6.156	 -0.545
       6.160	 -0.540
       6.164	 -0.535
       6.168	 -0.555
       6.172	 -0.550
       6.176	 -0.545
       6.180	 -0.485
       6.184	 -0.460
       6.188	 -0.430
       6.192	 -0.390
       6.196	 -0.330
       6.200	 -0.310
       6.204	 -0.290
       6.208	 -0.285
       6.212	 -0.325
       6.216	 -0.360
       6.220	 -0.380
       6.224	 -0.375
       6.228	 -0.365
       6.232	 -0.340
       6.236	 -0.360
       6.240	 -0.420
       6.244	 -0.465
       6.248	 -0.440
       6.252	 -0.445
       6.256	 -0.420
       6.260	 -0.410
       6.264	 -0.460
       6.268	 -0.525
       6.272	 -0.545
       6.276	 -0.575
       6.280	 -0.625
       6.284	 -0.650
       6.288	 -0.605
       6.292	 -0.575
       6.296	 -0.510
       6.300	 -0.470
       6.304	 -0.455
       6.308	 -0.460
       6.312	 -0.460
       6.316	 -0.430
       6.320	 -0.410
       6.324	 -0.400
       6.328	 -0.390
       6.332	 -0.320
       6.336	 -0.285
       6.340	 -0.295
       6.344	 -0.290
       6.348	 -0.265
       6.352	 -0.270
       6.356	 -0.255
       6.360	 -0.255
       6.364	 -0.240
       6.368	 -0.175
       6.372	 -0.125
       6.376	 -0.095
       6.380	 -0.060
       6.384	 -0.030
       6.388	  0.060
       6.392	  0.205
       6.396	  0.405
       6.400	  0.575
       6.404	  0.670
       6.408	  0.685
       6.412	  0.750
       6.416	  0.795
       6.420	  0.835
       6.424	  0.855
       6.428	  0.835
       6.432	  0.755
       6.436	  0.710
       6.440	  0.740
       6.444	  0.715
       6.448	  0.625
       6.452	  0.575
       6.456	  0.515
       6.460	  0.480
       6.464	  0.480
       6.468	  0.510
       6.472	  0.580
       6.476	  0.550
       6.480	  0.460
       6.484	  0.390
       6.488	  0.375
       6.492	  0.370
       6.496	  0.415
       6.500	  0.445
       6.504	  0.440
       6.508	  0.345
       6.512	  0.245
       6.516	  0.145
       6.520	 -0.020
       6.524	 -0.115
       6.528	 -0.175
       6.532	 -0.230
       6.536	 -0.325
       6.540	 -0.395
       6.544	 -0.430
       6.548	 -0.425
       6.552	 -0.440
       6.556	 -0.425
       6.560	 -0.455
       6.564	 -0.435
       6.568	 -0.410
       6.572	 -0.425
       6.576	 -0.450
       6.580	 -0.460
       6.584	 -0.475
       6.588	 -0.455
       6.592	 -0.460
       6.596	 -0.450
       6.600	 -0.435
       6.604	 -0.430
       6.608	 -0.425
       6.612	 -0.400
       6.616	 -0.405
       6.620	 -0.410
       6.624	 -0.400
       6.628	 -0.420
       6.632	 -0.415
       6.636	 -0.395
       6.640	 -0.355
       6.644	 -0.335
       6.648	 -0.285
       6.652	 -0.270
       6.656	 -0.275
       6.660	 -0.250
       6.664	 -0.215
       6.668	 -0.185
       6.672	 -0.160
       6.676	 -0.170
       6.680	 -0.160
       6.684	 -0.135
       6.688	 -0.090
       6.692	 -0.060
       6.696	 -0.025
       6.700	 -0.025
       6.704	 -0.050
       6.708	 -0.070
       6.712	 -0.060
       6.716	 -0.060
       6.720	 -0.080
       6.724	 -0.075
       6.728	 -0.100
       6.732	 -0.120
       6.736	 -0.150
       6.740	 -0.170
       6.744	 -0.180
       6.748	 -0.170
       6.752	 -0.170
       6.756	 -0.150
       6.760	 -0.230
       6.764	 -0.325
       6.768	 -0.350
       6.772	 -0.345
       6.776	 -0.375
       6.780	 -0.355
       6.784	 -0.330
       6.788	 -0.310
       6.792	 -0.315
       6.796	 -0.300
       6.800	 -0.250
       6.804	 -0.210
       6.808	 -0.215
       6.812	 -0.215
       6.816	 -0.220
       6.820	 -0.220
       6.824	 -0.170
       6.828	 -0.130
       6.832	 -0.110
       6.836	 -0.120
       6.840	 -0.125
       6.844	 -0.110
       6.848	 -0.065
       6.852	 -0.035
       6.856	  0.000
       6.860	  0.010
       6.864	  0.030
       6.868	  0.050
       6.872	  0.075
       6.876	  0.105
       6.880	  0.210
       6.884	  0.345
       6.888	  0.450
       6.892	  0.545
       6.896	  0.685
       6.900	  0.845
       6.904	  0.940
       6.908	  1.025
       6.912	  1.115
       6.916	  1.180
       6.920	  1.255
       6.924	  1.295
       6.928	  1.310
       6.932	  1.310
       6.936	  1.265
       6.940	  1.245
       6.944	  1.180
       6.948	  1.095
       6.952	  1.055
       6.956	  1.035
       6.960	  0.990
       6.964	  0.960
       6.968	  0.915
       6.972	  0.895
       6.976	  0.815
       6.980	  0.790
       6.984	  0.725
       6.988	  0.660
       6.992	  0.655
       6.996	  0.680
       7.000	  0.630
       7.004	  0.560
       7.008	  0.450
       7.012	  0.355
       7.016	  0.275
       7.020	  0.150
       7.024	  0.030
       7.028	 -0.105
       7.032	 -0.210
       7.036	 -0.285
       7.040	 -0.335
       7.044	 -0.400
       7.048	 -0.440
       7.052	 -0.445
       7.056	 -0.450
       7.060	 -0.490
       7.064	 -0.505
       7.068	 -0.510
       7.072	 -0.510
       7.076	 -0.510
       7.080	 -0.515
       7.084	 -0.530
       7.088	 -0.545
       7.092	 -0.555
       7.096	 -0.555
       7.100	 -0.550
       7.104	 -0.555
       7.108	 -0.550
       7.112	 -0.545
       7.116	 -0.545
       7.120	 -0.540
       7.124	 -0.515
       7.128	 -0.515
       7.132	 -0.510
       7.136	 -0.510
       7.140	 -0.495
       7.144	 -0.450
       7.148	 -0.410
       7.152	 -0.380
       7.156	 -0.350
       7.160	 -0.360
       7.164	 -0.345
       7.168	 -0.320
       7.172	 -0.280
       7.176	 -0.265
       7.180	 -0.245
       7.184	 -0.220
       7.188	 -0.190
       7.192	 -0.155
       7.196	 -0.110
       7.200	 -0.110
       7.204	 -0.120
       7.208	 -0.160
       7.212	 -0.195
       7.216	 -0.190
       7.220	 -0.200
       7.224	 -0.210
       7.228	 -0.220
       7.232	 -0.235
       7.236	 -0.260
       7.240	 -0.300
       7.244	 -0.355
       7.248	 -0.365
       7.252	 -0.380
       7.256	 -0.410
       7.260	 -0.475
       7.264	 -0.530
       7.268	 -0.580
       7.272	 -0.585
       7.276	 -0.595
       7.280	 -0.585
       7.284	 -0.575
       7.288	 -0.565
       7.292	 -0.545
       7.296	 -0.525
       7.300	 -0.490
       7.304	 -0.475
       7.308	 -0.440
       7.312	 -0.410
       7.316	 -0.380
       7.320	 -0.370
       7.324	 -0.340
       7.328	 -0.300
       7.332	 -0.270
       7.336	 -0.260
       7.340	 -0.240
       7.344	 -0.235
       7.348	 -0.220
       7.352	 -0.190
       7.356	 -0.145
       7.360	 -0.130
       7.364	 -0.100
       7.368	 -0.075
       7.372	  0.000
       7.376	  0.070
       7.380	  0.210
       7.384	  0.340
       7.388	  0.475
       7.392	  0.610
       7.396	  0.760
       7.400	  0.845
       7.404	  0.920
       7.408	  0.980
       7.412	  1.055
       7.416	  1.145
       7.420	  1.200
       7.424	  1.200
       7.428	  1.205
       7.432	  1.185
       7.436	  1.140
       7.440	  1.060
       7.444	  0.960
       7.448	  0.935
       7.452	  0.915
       7.456	  0.915
       7.460	  0.875
       7.464	  0.825
       7.468	  0.785
       7.472	  0.710
       7.476	  0.660
       7.480	  0.615
       7.484	  0.595
       7.488	  0.605
       7.492	  0.615
       7.496	  0.560
       7.500	  0.445
       7.504	  0.345
       7.508	  0.245
       7.512	  0.135
       7.516	  0.025
       7.520	 -0.115
       7.524	 -0.225
       7.528	 -0.320
       7.532	 -0.385
       7.536	 -0.445
       7.540	 -0.490
       7.544	 -0.525
       7.548	 -0.550
       7.552	 -0.570
       7.556	 -0.575
       7.560	 -0.600
       7.564	 -0.600
       7.568	 -0.600
       7.572	 -0.590
       7.576	 -0.605
       7.580	 -0.615
       7.584	 -0.620
       7.588	 -0.640
       7.592	 -0.660
       7.596	 -0.650
       7.600	 -0.660
       7.604	 -0.670
       7.608	 -0.660
       7.612	 -0.635
       7.616	 -0.605
       7.620	 -0.590
       7.624	 -0.580
       7.628	 -0.575
       7.632	 -0.560
       7.636	 -0.550
       7.640	 -0.535
       7.644	 -0.525
       7.648	 -0.495
       7.652	 -0.465
       7.656	 -0.435
       7.660	 -0.420
       7.664	 -0.400
       7.668	 -0.365
       7.672	 -0.345
       7.676	 -0.330
       7.680	 -0.295
       7.684	 -0.275
       7.688	 -0.245
       7.692	 -0.215
       7.696	 -0.190
       7.700	 -0.185
       7.704	 -0.210
       7.708	 -0.250
       7.712	 -0.270
       7.716	 -0.265
       7.720	 -0.265
       7.724	 -0.280
       7.728	 -0.300
       7.732	 -0.330
       7.736	 -0.360
       7.740	 -0.385
       7.744	 -0.415
       7.748	 -0.420
       7.752	 -0.455
       7.756	 -0.505
       7.760	 -0.580
       7.764	 -0.625
       7.768	 -0.665
       7.772	 -0.655
       7.776	 -0.655
       7.780	 -0.660
       7.784	 -0.650
       7.788	 -0.620
       7.792	 -0.605
       7.796	 -0.585
       7.800	 -0.585
       7.804	 -0.565
       7.808	 -0.535
       7.812	 -0.495
       7.816	 -0.460
       7.820	 -0.440
       7.824	 -0.425
       7.828	 -0.410
       7.832	 -0.390
       7.836	 -0.360
       7.840	 -0.340
       7.844	 -0.335
       7.848	 -0.320
       7.852	 -0.290
       7.856	 -0.250
       7.860	 -0.225
       7.864	 -0.195
       7.868	 -0.160
       7.872	 -0.100
       7.876	  0.000
       7.880	  0.125
       7.884	  0.250
       7.888	  0.385
       7.892	  0.530
       7.896	  0.655
       7.900	  0.755
       7.904	  0.830
       7.908	  0.890
       7.912	  0.965
       7.916	  1.055
       7.920	  1.065
       7.924	  1.050
       7.928	  1.040
       7.932	  1.015
       7.936	  0.980
       7.940	  0.895
       7.944	  0.835
       7.948	  0.810
       7.952	  0.780
       7.956	  0.770
       7.960	  0.735
       7.964	  0.720
       7.968	  0.650
       7.972	  0.580
       7.976	  0.505
       7.980	  0.460
       7.984	  0.455
       7.988	  0.495
       7.992	  0.455
       7.996	  0.375
       8.000	  0.265
       8.004	  0.190
       8.008	  0.075
       8.012	 -0.050
       8.016	 -0.170
       8.020	 -0.295
       8.024	 -0.410
       8.028	 -0.500
       8.032	 -0.560
       8.036	 -0.610
       8.040	 -0.655
       8.044	 -0.685
       8.048	 -0.695
       8.052	 -0.705
       8.056	 -0.710
       8.060	 -0.715
       8.064	 -0.710
       8.068	 -0.725
       8.072	 -0.735
       8.076	 -0.770
       8.080	 -0.770
       8.084	 -0.775
       8.088	 -0.780
       8.092	 -0.780
       8.096	 -0.765
       8.100	 -0.770
       8.104	 -0.785
       8.108	 -0.795
       8.112	 -0.790
       8.116	 -0.775
       8.120	 -0.760
       8.124	 -0.735
       8.128	 -0.720
       8.132	 -0.700
       8.136	 -0.670
       8.140	 -0.640
       8.144	 -0.625
       8.148	 -0.605
       8.152	 -0.570
       8.156	 -0.540
       8.160	 -0.530
       8.164	 -0.490
       8.168	 -0.470
       8.172	 -0.445
       8.176	 -0.425
       8.180	 -0.390
       8.184	 -0.350
       8.188	 -0.305
       8.192	 -0.290
       8.196	 -0.285
       8.200	 -0.300
       8.204	 -0.330
       8.208	 -0.345
       8.212	 -0.340
       8.216	 -0.350
       8.220	 -0.365
       8.224	 -0.395
       8.228	 -0.425
       8.232	 -0.460
       8.236	 -0.475
       8.240	 -0.490
       8.244	 -0.500
       8.248	 -0.520
       8.252	 -0.570
       8.256	 -0.640
       8.260	 -0.710
       8.264	 -0.740
       8.268	 -0.735
       8.272	 -0.720
       8.276	 -0.725
       8.280	 -0.715
       8.284	 -0.700
       8.288	 -0.680
       8.292	 -0.675
       8.296	 -0.640
       8.300	 -0.605
       8.304	 -0.575
       8.308	 -0.550
       8.312	 -0.520
       8.316	 -0.490
       8.320	 -0.475
       8.324	 -0.450
       8.328	 -0.430
       8.332	 -0.400
       8.336	 -0.385
       8.340	 -0.355
       8.344	 -0.340
       8.348	 -0.335
       8.352	 -0.305
       8.356	 -0.250
       8.360	 -0.215
       8.364	 -0.175
       8.368	 -0.120
       8.372	 -0.040
       8.376	  0.070
       8.380	  0.200
       8.384	  0.345
       8.388	  0.505
       8.392	  0.625
       8.396	  0.720
       8.400	  0.795
       8.404	  0.885
       8.408	  0.960
       8.412	  1.045
       8.416	  1.085
       8.420	  1.100
       8.424	  1.100
       8.428	  1.070
       8.432	  1.020
       8.436	  0.910
       8.440	  0.815
       8.444	  0.790
       8.448	  0.790
       8.452	  0.785
       8.456	  0.755
       8.460	  0.725
       8.464	  0.690
       8.468	  0.625
       8.472	  0.575
       8.476	  0.495
       8.480	  0.480
       8.484	  0.510
       8.488	  0.505
       8.492	  0.425
       8.496	  0.315
       8.500	  0.220
       8.504	  0.125
       8.508	  0.000
       8.512	 -0.140
       8.516	 -0.255
       8.520	 -0.365
       8.524	 -0.465
       8.528	 -0.550
       8.532	 -0.590
       8.536	 -0.630
       8.540	 -0.640
       8.544	 -0.645
       8.548	 -0.660
       8.552	 -0.690
       8.556	 -0.705
       8.560	 -0.730
       8.564	 -0.730
       8.568	 -0.740
       8.572	 -0.745
       8.576	 -0.755
       8.580	 -0.745
       8.584	 -0.755
       8.588	 -0.745
       8.592	 -0.755
       8.596	 -0.740
       8.600	 -0.735
       8.604	 -0.730
       8.608	 -0.725
       8.612	 -0.720
       8.616	 -0.720
       8.620	 -0.700
       8.624	 -0.680
       8.628	 -0.655
       8.632	 -0.630
       8.636	 -0.600
       8.640	 -0.570
       8.644	 -0.560
       8.648	 -0.530
       8.652	 -0.505
       8.656	 -0.475
       8.660	 -0.455
       8.664	 -0.430
       8.668	 -0.400
       8.672	 -0.365
       8.676	 -0.330
       8.680	 -0.290
       8.684	 -0.250
       8.688	 -0.240
       8.692	 -0.255
       8.696	 -0.265
       8.700	 -0.280
       8.704	 -0.300
       8.708	 -0.320
       8.712	 -0.315
       8.716	 -0.310
       8.720	 -0.330
       8.724	 -0.365
       8.728	 -0.400
       8.732	 -0.420
       8.736	 -0.435
       8.740	 -0.435
       8.744	 -0.490
       8.748	 -0.555
       8.752	 -0.620
       8.756	 -0.675
       8.760	 -0.715
       8.764	 -0.700
       8.768	 -0.690
       8.772	 -0.680
       8.776	 -0.680
       8.780	 -0.655
       8.784	 -0.635
       8.788	 -0.610
       8.792	 -0.585
       8.796	 -0.540
       8.800	 -0.510
       8.804	 -0.485
       8.808	 -0.455
       8.812	 -0.440
       8.816	 -0.435
       8.820	 -0.420
       8.824	 -0.395
       8.828	 -0.365
       8.832	 -0.330
       8.836	 -0.310
       8.840	 -0.280
       8.844	 -0.265
       8.848	 -0.240
       8.852	 -0.210
       8.856	 -0.180
       8.860	 -0.140
       8.864	 -0.060
       8.868	  0.065
       8.872	  0.195
       8.876	  0.315
       8.880	  0.465
       8.884	  0.620
       8.888	  0.740
       8.892	  0.820
       8.896	  0.915
       8.900	  0.995
       8.904	  1.075
       8.908	  1.135
       8.912	  1.155
       8.916	  1.175
       8.920	  1.185
       8.924	  1.155
       8.928	  1.080
       8.932	  0.980
       8.936	  0.915
       8.940	  0.895
       8.944	  0.880
       8.948	  0.865
       8.952	  0.825
       8.956	  0.795
       8.960	  0.720
       8.964	  0.670
       8.968	  0.610
       8.972	  0.560
       8.976	  0.540
       8.980	  0.575
       8.984	  0.530
       8.988	  0.450
       8.992	  0.340
       8.996	  0.265
       9.000	  0.160
       9.004	  0.030
       9.008	 -0.125
       9.012	 -0.260
       9.016	 -0.345
       9.020	 -0.425
       9.024	 -0.500
       9.028	 -0.560
       9.032	 -0.595
       9.036	 -0.605
       9.040	 -0.600
       9.044	 -0.615
       9.048	 -0.625
       9.052	 -0.660
       9.056	 -0.665
       9.060	 -0.680
       9.064	 -0.680
       9.068	 -0.680
       9.072	 -0.690
       9.076	 -0.705
       9.080	 -0.705
       9.084	 -0.705
       9.088	 -0.700
       9.092	 -0.710
       9.096	 -0.705
       9.100	 -0.690
       9.104	 -0.680
       9.108	 -0.680
       9.112	 -0.665
       9.116	 -0.625
       9.120	 -0.590
       9.124	 -0.580
       9.128	 -0.570
       9.132	 -0.555
       9.136	 -0.535
       9.140	 -0.500
       9.144	 -0.475
       9.148	 -0.445
       9.152	 -0.425
       9.156	 -0.395
       9.160	 -0.365
       9.164	 -0.320
       9.168	 -0.305
       9.172	 -0.260
       9.176	 -0.220
       9.180	 -0.185
       9.184	 -0.180
       9.188	 -0.195
       9.192	 -0.230
       9.196	 -0.250
       9.200	 -0.260
       9.204	 -0.265
       9.208	 -0.270
       9.212	 -0.260
       9.216	 -0.285
       9.220	 -0.320
       9.224	 -0.360
       9.228	 -0.390
       9.232	 -0.390
       9.236	 -0.400
       9.240	 -0.455
       9.244	 -0.525
       9.248	 -0.570
       9.252	 -0.610
       9.256	 -0.610
       9.260	 -0.600
       9.264	 -0.585
       9.268	 -0.585
       9.272	 -0.560
       9.276	 -0.545
       9.280	 -0.525
       9.284	 -0.505
       9.288	 -0.470
       9.292	 -0.455
       9.296	 -0.440
       9.300	 -0.415
       9.304	 -0.385
       9.308	 -0.340
       9.312	 -0.310
       9.316	 -0.275
       9.320	 -0.270
       9.324	 -0.260
       9.328	 -0.235
       9.332	 -0.200
       9.336	 -0.175
       9.340	 -0.140
       9.344	 -0.120
       9.348	 -0.100
       9.352	 -0.080
       9.356	  0.000
       9.360	  0.075
       9.364	  0.205
       9.368	  0.340
       9.372	  0.480
       9.376	  0.620
       9.380	  0.770
       9.384	  0.865
       9.388	  0.950
       9.392	  1.020
       9.396	  1.115
       9.400	  1.205
       9.404	  1.265
       9.408	  1.260
       9.412	  1.270
       9.416	  1.235
       9.420	  1.190
       9.424	  1.075
       9.428	  0.985
       9.432	  0.975
       9.436	  0.965
       9.440	  0.965
       9.444	  0.935
       9.448	  0.900
       9.452	  0.855
       9.456	  0.800
       9.460	  0.740
       9.464	  0.685
       9.468	  0.650
       9.472	  0.675
       9.476	  0.665
       9.480	  0.590
       9.484	  0.480
       9.488	  0.400
       9.492	  0.315
       9.496	  0.220
       9.500	  0.085
       9.504	 -0.070
       9.508	 -0.195
       9.512	 -0.290
       9.516	 -0.365
       9.520	 -0.415
       9.524	 -0.480
       9.528	 -0.510
       9.532	 -0.515
       9.536	 -0.525
       9.540	 -0.530
       9.544	 -0.555
       9.548	 -0.555
       9.552	 -0.570
       9.556	 -0.570
       9.560	 -0.585
       9.564	 -0.590
       9.568	 -0.585
       9.572	 -0.580
       9.576	 -0.585
       9.580	 -0.585
       9.584	 -0.595
       9.588	 -0.605
       9.592	 -0.610
       9.596	 -0.585
       9.600	 -0.565
       9.604	 -0.540
       9.608	 -0.545
       9.612	 -0.525
       9.616	 -0.515
       9.620	 -0.490
       9.624	 -0.470
       9.628	 -0.445
       9.632	 -0.420
       9.636	 -0.390
       9.640	 -0.365
       9.644	 -0.345
       9.648	 -0.310
       9.652	 -0.290
       9.656	 -0.275
       9.660	 -0.250
       9.664	 -0.230
       9.668	 -0.185
       9.672	 -0.140
       9.676	 -0.110
       9.680	 -0.090
       9.684	 -0.095
       9.688	 -0.125
       9.692	 -0.165
       9.696	 -0.170
       9.700	 -0.170
       9.704	 -0.175
       9.708	 -0.195
       9.712	 -0.230
       9.716	 -0.265
       9.720	 -0.300
       9.724	 -0.325
       9.728	 -0.325
       9.732	 -0.335
       9.736	 -0.385
       9.740	 -0.450
       9.744	 -0.520
       9.748	 -0.560
       9.752	 -0.570
       9.756	 -0.550
       9.760	 -0.550
       9.764	 -0.535
       9.768	 -0.530
       9.772	 -0.505
       9.776	 -0.490
       9.780	 -0.470
       9.784	 -0.455
       9.788	 -0.430
       9.792	 -0.420
       9.796	 -0.385
       9.800	 -0.350
       9.804	 -0.320
       9.808	 -0.310
       9.812	 -0.285
       9.816	 -0.270
       9.820	 -0.250
       9.824	 -0.240
       9.828	 -0.220
       9.832	 -0.195
       9.836	 -0.160
       9.840	 -0.130
       9.844	 -0.115
       9.848	 -0.085
       9.852	 -0.035
       9.856	  0.070
       9.860	  0.175
       9.864	  0.300
       9.868	  0.435
       9.872	  0.580
       9.876	  0.715
       9.880	  0.815
       9.884	  0.875
       9.888	  0.940
       9.892	  1.015
       9.896	  1.110
       9.900	  1.170
       9.904	  1.180
       9.908	  1.170
       9.912	  1.150
       9.916	  1.115
       9.920	  1.040
       9.924	  0.940
       9.928	  0.915
       9.932	  0.915
       9.936	  0.885
       9.940	  0.860
       9.944	  0.815
       9.948	  0.785
       9.952	  0.720
       9.956	  0.675
       9.960	  0.605
       9.964	  0.565
       9.968	  0.575
       9.972	  0.590
       9.976	  0.525
       9.980	  0.435
       9.984	  0.350
       9.988	  0.280
       9.992	  0.155
       9.996	  0.025
