Elapsed_time	ECG
       0.000	  0.780
       0.004	  0.743
       0.008	  0.688
       0.012	  0.618
       0.016	  0.532
       0.020	  0.450
       0.024	  0.375
       0.028	  0.312
       0.032	  0.255
       0.036	  0.223
       0.040	  0.175
       0.044	  0.130
       0.048	  0.077
       0.052	  0.040
       0.056	  0.007
       0.060	 -0.025
       0.064	 -0.040
       0.068	 -0.050
       0.072	 -0.060
       0.076	 -0.070
       0.080	 -0.090
       0.084	 -0.102
       0.088	 -0.105
       0.092	 -0.117
       0.096	 -0.130
       0.100	 -0.147
       0.104	 -0.168
       0.108	 -0.195
       0.112	 -0.220
       0.116	 -0.235
       0.120	 -0.245
       0.124	 -0.247
       0.128	 -0.253
       0.132	 -0.265
       0.136	 -0.278
       0.140	 -0.297
       0.144	 -0.325
       0.148	 -0.370
       0.152	 -0.422
       0.156	 -0.487
       0.160	 -0.540
       0.164	 -0.578
       0.168	 -0.585
       0.172	 -0.557
       0.176	 -0.492
       0.180	 -0.407
       0.184	 -0.310
       0.188	 -0.228
       0.192	 -0.155
       0.196	 -0.072
       0.200	  0.058
       0.204	  0.215
       0.208	  0.410
       0.212	  0.635
       0.216	  0.877
       0.220	  1.137
       0.224	  1.370
       0.228	  1.535
       0.232	  1.613
       0.236	  1.620
       0.240	  1.573
       0.244	  1.495
       0.248	  1.393
       0.252	  1.255
       0.256	  1.085
       0.260	  0.915
       0.264	  0.743
       0.268	  0.613
       0.272	  0.512
       0.276	  0.450
       0.280	  0.427
       0.284	  0.417
       0.288	  0.407
       0.292	  0.390
       0.296	  0.362
       0.300	  0.330
       0.304	  0.310
       0.308	  0.300
       0.312	  0.287
       0.316	  0.268
       0.320	  0.223
       0.324	  0.155
       0.328	  0.070
       0.332	 -0.033
       0.336	 -0.105
       0.340	 -0.188
       0.344	 -0.253
       0.348	 -0.310
       0.352	 -0.362
       0.356	 -0.422
       0.360	 -0.482
       0.364	 -0.547
       0.368	 -0.605
       0.372	 -0.675
       0.376	 -0.723
       0.380	 -0.767
       0.384	 -0.797
       0.388	 -0.820
       0.392	 -0.858
       0.396	 -0.897
       0.400	 -0.922
       0.404	 -0.917
       0.408	 -0.890
       0.412	 -0.830
       0.416	 -0.735
       0.420	 -0.605
       0.424	 -0.440
       0.428	 -0.260
       0.432	 -0.090
       0.436	  0.092
       0.440	  0.240
       0.444	  0.383
       0.448	  0.515
       0.452	  0.670
       0.456	  0.840
       0.460	  1.025
       0.464	  1.188
       0.468	  1.333
       0.472	  1.442
       0.476	  1.480
       0.480	  1.480
       0.484	  1.450
       0.488	  1.403
       0.492	  1.327
       0.496	  1.210
       0.500	  1.067
       0.504	  0.910
       0.508	  0.720
       0.512	  0.545
       0.516	  0.390
       0.520	  0.260
       0.524	  0.170
       0.528	  0.102
       0.532	  0.052
       0.536	  0.033
       0.540	  0.013
       0.544	 -0.020
       0.548	 -0.052
       0.552	 -0.090
       0.556	 -0.142
       0.560	 -0.195
       0.564	 -0.255
       0.568	 -0.318
       0.572	 -0.370
       0.576	 -0.415
       0.580	 -0.468
       0.584	 -0.527
       0.588	 -0.590
       0.592	 -0.662
       0.596	 -0.720
       0.600	 -0.772
       0.604	 -0.818
       0.608	 -0.853
       0.612	 -0.885
       0.616	 -0.895
       0.620	 -0.873
       0.624	 -0.840
       0.628	 -0.787
       0.632	 -0.735
       0.636	 -0.667
       0.640	 -0.593
       0.644	 -0.505
       0.648	 -0.410
       0.652	 -0.300
       0.656	 -0.195
       0.660	 -0.085
       0.664	  0.070
       0.668	  0.228
       0.672	  0.385
       0.676	  0.552
       0.680	  0.700
       0.684	  0.838
       0.688	  0.980
       0.692	  1.100
       0.696	  1.220
       0.700	  1.312
       0.704	  1.365
       0.708	  1.390
       0.712	  1.373
       0.716	  1.337
       0.720	  1.275
       0.724	  1.188
       0.728	  1.067
       0.732	  0.935
       0.736	  0.767
       0.740	  0.580
       0.744	  0.403
       0.748	  0.235
       0.752	  0.105
       0.756	  0.000
       0.760	 -0.092
       0.764	 -0.163
       0.768	 -0.215
       0.772	 -0.268
       0.776	 -0.305
       0.780	 -0.345
       0.784	 -0.385
       0.788	 -0.430
       0.792	 -0.472
       0.796	 -0.505
       0.800	 -0.520
       0.804	 -0.525
       0.808	 -0.520
       0.812	 -0.505
       0.816	 -0.492
       0.820	 -0.480
       0.824	 -0.463
       0.828	 -0.450
       0.832	 -0.448
       0.836	 -0.448
       0.840	 -0.450
       0.844	 -0.455
       0.848	 -0.460
       0.852	 -0.460
       0.856	 -0.460
       0.860	 -0.435
       0.864	 -0.395
       0.868	 -0.343
       0.872	 -0.285
       0.876	 -0.228
       0.880	 -0.168
       0.884	 -0.110
       0.888	 -0.052
       0.892	  0.005
       0.896	  0.033
       0.900	  0.045
       0.904	  0.040
       0.908	  0.018
       0.912	 -0.020
       0.916	 -0.025
       0.920	  0.025
       0.924	  0.102
       0.928	  0.228
       0.932	  0.395
       0.936	  0.580
       0.940	  0.760
       0.944	  0.917
       0.948	  1.035
       0.952	  1.130
       0.956	  1.175
       0.960	  1.177
       0.964	  1.133
       0.968	  1.045
       0.972	  0.910
       0.976	  0.733
       0.980	  0.537
       0.984	  0.350
       0.988	  0.200
       0.992	  0.090
       0.996	  0.018
       1.000	 -0.040
       1.004	 -0.070
       1.008	 -0.072
       1.012	 -0.070
       1.016	 -0.065
       1.020	 -0.065
       1.024	 -0.072
       1.028	 -0.083
       1.032	 -0.092
       1.036	 -0.098
       1.040	 -0.098
       1.044	 -0.092
       1.048	 -0.090
       1.052	 -0.085
       1.056	 -0.105
       1.060	 -0.130
       1.064	 -0.150
       1.068	 -0.158
       1.072	 -0.142
       1.076	 -0.102
       1.080	 -0.052
       1.084	  0.013
       1.088	  0.070
       1.092	  0.130
       1.096	  0.180
       1.100	  0.212
       1.104	  0.220
       1.108	  0.190
       1.112	  0.142
       1.116	  0.090
       1.120	  0.040
       1.124	 -0.028
       1.128	 -0.083
       1.132	 -0.130
       1.136	 -0.175
       1.140	 -0.223
       1.144	 -0.260
       1.148	 -0.300
       1.152	 -0.330
       1.156	 -0.362
       1.160	 -0.378
       1.164	 -0.365
       1.168	 -0.292
       1.172	 -0.142
       1.176	  0.072
       1.180	  0.300
       1.184	  0.495
       1.188	  0.637
       1.192	  0.720
       1.196	  0.755
       1.200	  0.752
       1.204	  0.728
       1.208	  0.677
       1.212	  0.605
       1.216	  0.520
       1.220	  0.430
       1.224	  0.343
       1.228	  0.268
       1.232	  0.200
       1.236	  0.147
       1.240	  0.090
       1.244	  0.037
       1.248	 -0.020
       1.252	 -0.045
       1.256	 -0.065
       1.260	 -0.083
       1.264	 -0.090
       1.268	 -0.098
       1.272	 -0.098
       1.276	 -0.098
       1.280	 -0.092
       1.284	 -0.077
       1.288	 -0.052
       1.292	 -0.020
       1.296	  0.033
       1.300	  0.077
       1.304	  0.138
       1.308	  0.200
       1.312	  0.268
       1.316	  0.338
       1.320	  0.383
       1.324	  0.385
       1.328	  0.357
       1.332	  0.310
       1.336	  0.240
       1.340	  0.155
       1.344	  0.065
       1.348	 -0.018
       1.352	 -0.060
       1.356	 -0.083
       1.360	 -0.105
       1.364	 -0.130
       1.368	 -0.158
       1.372	 -0.175
       1.376	 -0.190
       1.380	 -0.200
       1.384	 -0.190
       1.388	 -0.147
       1.392	 -0.050
       1.396	  0.105
       1.400	  0.255
       1.404	  0.390
       1.408	  0.482
       1.412	  0.527
       1.416	  0.520
       1.420	  0.472
       1.424	  0.383
       1.428	  0.280
       1.432	  0.182
       1.436	  0.098
       1.440	  0.025
       1.444	 -0.045
       1.448	 -0.102
       1.452	 -0.150
       1.456	 -0.195
       1.460	 -0.233
       1.464	 -0.247
       1.468	 -0.253
       1.472	 -0.253
       1.476	 -0.247
       1.480	 -0.247
       1.484	 -0.253
       1.488	 -0.245
       1.492	 -0.233
       1.496	 -0.212
       1.500	 -0.182
       1.504	 -0.150
       1.508	 -0.122
       1.512	 -0.098
       1.516	 -0.085
       1.520	 -0.083
       1.524	 -0.077
       1.528	 -0.058
       1.532	 -0.025
       1.536	  0.028
       1.540	  0.052
       1.544	  0.052
       1.548	  0.020
       1.552	 -0.037
       1.556	 -0.105
       1.560	 -0.188
       1.564	 -0.285
       1.568	 -0.378
       1.572	 -0.455
       1.576	 -0.505
       1.580	 -0.537
       1.584	 -0.540
       1.588	 -0.537
       1.592	 -0.527
       1.596	 -0.520
       1.600	 -0.500
       1.604	 -0.463
       1.608	 -0.407
       1.612	 -0.318
       1.616	 -0.203
       1.620	 -0.052
       1.624	  0.150
       1.628	  0.352
       1.632	  0.527
       1.636	  0.655
       1.640	  0.715
       1.644	  0.733
       1.648	  0.710
       1.652	  0.662
       1.656	  0.585
       1.660	  0.505
       1.664	  0.417
       1.668	  0.343
       1.672	  0.278
       1.676	  0.233
       1.680	  0.200
       1.684	  0.188
       1.688	  0.168
       1.692	  0.150
       1.696	  0.138
       1.700	  0.125
       1.704	  0.122
       1.708	  0.105
       1.712	  0.077
       1.716	  0.040
       1.720	  0.005
       1.724	 -0.050
       1.728	 -0.098
       1.732	 -0.150
       1.736	 -0.190
       1.740	 -0.235
       1.744	 -0.268
       1.748	 -0.278
       1.752	 -0.245
       1.756	 -0.190
       1.760	 -0.130
       1.764	 -0.090
       1.768	 -0.072
       1.772	 -0.098
       1.776	 -0.142
       1.780	 -0.220
       1.784	 -0.320
       1.788	 -0.430
       1.792	 -0.552
       1.796	 -0.682
       1.800	 -0.800
       1.804	 -0.890
       1.808	 -0.948
       1.812	 -0.968
       1.816	 -0.963
       1.820	 -0.943
       1.824	 -0.927
       1.828	 -0.902
       1.832	 -0.853
       1.836	 -0.775
       1.840	 -0.662
       1.844	 -0.512
       1.848	 -0.352
       1.852	 -0.182
       1.856	 -0.018
       1.860	  0.138
       1.864	  0.253
       1.868	  0.333
       1.872	  0.385
       1.876	  0.417
       1.880	  0.435
       1.884	  0.443
       1.888	  0.448
       1.892	  0.440
       1.896	  0.415
       1.900	  0.385
       1.904	  0.357
       1.908	  0.325
       1.912	  0.287
       1.916	  0.253
       1.920	  0.212
       1.924	  0.158
       1.928	  0.115
       1.932	  0.065
       1.936	  0.040
       1.940	  0.028
       1.944	  0.033
       1.948	  0.045
       1.952	  0.070
       1.956	  0.092
       1.960	  0.122
       1.964	  0.138
       1.968	  0.150
       1.972	  0.158
       1.976	  0.163
       1.980	  0.147
       1.984	  0.117
       1.988	  0.060
       1.992	 -0.033
       1.996	 -0.135
       2.000	 -0.255
       2.004	 -0.390
       2.008	 -0.520
       2.012	 -0.642
       2.016	 -0.735
       2.020	 -0.792
       2.024	 -0.833
       2.028	 -0.850
       2.032	 -0.850
       2.036	 -0.820
       2.040	 -0.792
       2.044	 -0.752
       2.048	 -0.695
       2.052	 -0.593
       2.056	 -0.448
       2.060	 -0.268
       2.064	 -0.085
       2.068	  0.102
       2.072	  0.260
       2.076	  0.415
       2.080	  0.547
       2.084	  0.645
       2.088	  0.700
       2.092	  0.715
       2.096	  0.700
       2.100	  0.655
       2.104	  0.603
       2.108	  0.552
       2.112	  0.515
       2.116	  0.492
       2.120	  0.472
       2.124	  0.430
       2.128	  0.383
       2.132	  0.343
       2.136	  0.320
       2.140	  0.310
       2.144	  0.287
       2.148	  0.253
       2.152	  0.207
       2.156	  0.142
       2.160	  0.072
       2.164	  0.018
       2.168	 -0.018
       2.172	 -0.052
       2.176	 -0.058
       2.180	 -0.060
       2.184	 -0.072
       2.188	 -0.083
       2.192	 -0.090
       2.196	 -0.092
       2.200	 -0.102
       2.204	 -0.117
       2.208	 -0.168
       2.212	 -0.240
       2.216	 -0.325
       2.220	 -0.403
       2.224	 -0.482
       2.228	 -0.557
       2.232	 -0.623
       2.236	 -0.662
       2.240	 -0.682
       2.244	 -0.675
       2.248	 -0.650
       2.252	 -0.623
       2.256	 -0.578
       2.260	 -0.505
       2.264	 -0.395
       2.268	 -0.235
       2.272	 -0.052
       2.276	  0.138
       2.280	  0.273
       2.284	  0.352
       2.288	  0.390
       2.292	  0.407
       2.296	  0.407
       2.300	  0.390
       2.304	  0.352
       2.308	  0.287
       2.312	  0.212
       2.316	  0.125
       2.320	  0.065
       2.324	  0.018
       2.328	 -0.020
       2.332	 -0.033
       2.336	 -0.033
       2.340	 -0.045
       2.344	 -0.058
       2.348	 -0.070
       2.352	 -0.072
       2.356	 -0.083
       2.360	 -0.092
       2.364	 -0.105
       2.368	 -0.125
       2.372	 -0.150
       2.376	 -0.182
       2.380	 -0.215
       2.384	 -0.247
       2.388	 -0.278
       2.392	 -0.300
       2.396	 -0.333
       2.400	 -0.375
       2.404	 -0.422
       2.408	 -0.472
       2.412	 -0.520
       2.416	 -0.565
       2.420	 -0.580
       2.424	 -0.585
       2.428	 -0.580
       2.432	 -0.570
       2.436	 -0.552
       2.440	 -0.552
       2.444	 -0.552
       2.448	 -0.560
       2.452	 -0.552
       2.456	 -0.540
       2.460	 -0.515
       2.464	 -0.480
       2.468	 -0.422
       2.472	 -0.343
       2.476	 -0.245
       2.480	 -0.130
       2.484	  0.000
       2.488	  0.125
       2.492	  0.265
       2.496	  0.417
       2.500	  0.590
       2.504	  0.765
       2.508	  0.922
       2.512	  1.035
       2.516	  1.097
       2.520	  1.105
       2.524	  1.065
       2.528	  0.983
       2.532	  0.873
       2.536	  0.760
       2.540	  0.642
       2.544	  0.540
       2.548	  0.455
       2.552	  0.398
       2.556	  0.352
       2.560	  0.320
       2.564	  0.287
       2.568	  0.255
       2.572	  0.215
       2.576	  0.188
       2.580	  0.158
       2.584	  0.138
       2.588	  0.122
       2.592	  0.110
       2.596	  0.092
       2.600	  0.070
       2.604	  0.040
       2.608	 -0.018
       2.612	 -0.077
       2.616	 -0.147
       2.620	 -0.203
       2.624	 -0.280
       2.628	 -0.362
       2.632	 -0.448
       2.636	 -0.527
       2.640	 -0.593
       2.644	 -0.637
       2.648	 -0.667
       2.652	 -0.675
       2.656	 -0.675
       2.660	 -0.667
       2.664	 -0.662
       2.668	 -0.655
       2.672	 -0.645
       2.676	 -0.625
       2.680	 -0.623
       2.684	 -0.635
       2.688	 -0.655
       2.692	 -0.682
       2.696	 -0.688
       2.700	 -0.662
       2.704	 -0.618
       2.708	 -0.552
       2.712	 -0.480
       2.716	 -0.385
       2.720	 -0.285
       2.724	 -0.150
       2.728	  0.033
       2.732	  0.235
       2.736	  0.480
       2.740	  0.677
       2.744	  0.818
       2.748	  0.955
       2.752	  1.065
       2.756	  1.145
       2.760	  1.188
       2.764	  1.175
       2.768	  1.123
       2.772	  1.045
       2.776	  0.968
       2.780	  0.882
       2.784	  0.812
       2.788	  0.755
       2.792	  0.723
       2.796	  0.708
       2.800	  0.695
       2.804	  0.677
       2.808	  0.645
       2.812	  0.603
       2.816	  0.545
       2.820	  0.475
       2.824	  0.395
       2.828	  0.320
       2.832	  0.247
       2.836	  0.195
       2.840	  0.142
       2.844	  0.085
       2.848	  0.025
       2.852	 -0.050
       2.856	 -0.105
       2.860	 -0.150
       2.864	 -0.180
       2.868	 -0.195
       2.872	 -0.200
       2.876	 -0.190
       2.880	 -0.188
       2.884	 -0.188
       2.888	 -0.190
       2.892	 -0.223
       2.896	 -0.273
       2.900	 -0.343
       2.904	 -0.407
       2.908	 -0.472
       2.912	 -0.515
       2.916	 -0.547
       2.920	 -0.573
       2.924	 -0.605
       2.928	 -0.650
       2.932	 -0.690
       2.936	 -0.710
       2.940	 -0.710
       2.944	 -0.670
       2.948	 -0.593
       2.952	 -0.492
       2.956	 -0.390
       2.960	 -0.278
       2.964	 -0.168
       2.968	 -0.052
       2.972	  0.072
       2.976	  0.182
       2.980	  0.285
       2.984	  0.375
       2.988	  0.455
       2.992	  0.527
       2.996	  0.590
       3.000	  0.635
       3.004	  0.677
       3.008	  0.695
       3.012	  0.682
       3.016	  0.645
       3.020	  0.613
       3.024	  0.570
       3.028	  0.532
       3.032	  0.482
       3.036	  0.440
       3.040	  0.390
       3.044	  0.350
       3.048	  0.325
       3.052	  0.312
       3.056	  0.312
       3.060	  0.310
       3.064	  0.297
       3.068	  0.285
       3.072	  0.268
       3.076	  0.253
       3.080	  0.245
       3.084	  0.245
       3.088	  0.260
       3.092	  0.292
       3.096	  0.325
       3.100	  0.333
       3.104	  0.312
       3.108	  0.265
       3.112	  0.190
       3.116	  0.105
       3.120	  0.033
       3.124	 -0.045
       3.128	 -0.110
       3.132	 -0.180
       3.136	 -0.253
       3.140	 -0.330
       3.144	 -0.390
       3.148	 -0.422
       3.152	 -0.407
       3.156	 -0.378
       3.160	 -0.343
       3.164	 -0.305
       3.168	 -0.278
       3.172	 -0.253
       3.176	 -0.228
       3.180	 -0.203
       3.184	 -0.175
       3.188	 -0.135
       3.192	 -0.092
       3.196	 -0.050
       3.200	  0.025
       3.204	  0.092
       3.208	  0.175
       3.212	  0.245
       3.216	  0.297
       3.220	  0.338
       3.224	  0.352
       3.228	  0.343
       3.232	  0.310
       3.236	  0.273
       3.240	  0.223
       3.244	  0.188
       3.248	  0.168
       3.252	  0.168
       3.256	  0.175
       3.260	  0.200
       3.264	  0.233
       3.268	  0.280
       3.272	  0.338
       3.276	  0.415
       3.280	  0.507
       3.284	  0.610
       3.288	  0.708
       3.292	  0.780
       3.296	  0.830
       3.300	  0.853
       3.304	  0.870
       3.308	  0.895
       3.312	  0.927
       3.316	  0.948
       3.320	  0.935
       3.324	  0.863
       3.328	  0.748
       3.332	  0.598
       3.336	  0.460
       3.340	  0.352
       3.344	  0.285
       3.348	  0.207
       3.352	  0.130
       3.356	  0.045
       3.360	 -0.040
       3.364	 -0.085
       3.368	 -0.102
       3.372	 -0.115
       3.376	 -0.130
       3.380	 -0.147
       3.384	 -0.163
       3.388	 -0.168
       3.392	 -0.170
       3.396	 -0.180
       3.400	 -0.195
       3.404	 -0.223
       3.408	 -0.260
       3.412	 -0.310
       3.416	 -0.352
       3.420	 -0.375
       3.424	 -0.385
       3.428	 -0.375
       3.432	 -0.350
       3.436	 -0.297
       3.440	 -0.240
       3.444	 -0.175
       3.448	 -0.122
       3.452	 -0.083
       3.456	 -0.050
       3.460	 -0.025
       3.464	  0.000
       3.468	  0.018
       3.472	  0.025
       3.476	  0.040
       3.480	  0.060
       3.484	  0.090
       3.488	  0.135
       3.492	  0.180
       3.496	  0.223
       3.500	  0.265
       3.504	  0.300
       3.508	  0.345
       3.512	  0.398
       3.516	  0.450
       3.520	  0.507
       3.524	  0.547
       3.528	  0.580
       3.532	  0.603
       3.536	  0.610
       3.540	  0.565
       3.544	  0.482
       3.548	  0.375
       3.552	  0.268
       3.556	  0.168
       3.560	  0.065
       3.564	 -0.045
       3.568	 -0.122
       3.572	 -0.233
       3.576	 -0.285
       3.580	 -0.287
       3.584	 -0.247
       3.588	 -0.188
       3.592	 -0.138
       3.596	 -0.117
       3.600	 -0.138
       3.604	 -0.163
       3.608	 -0.188
       3.612	 -0.207
       3.616	 -0.223
       3.620	 -0.228
       3.624	 -0.228
       3.628	 -0.207
       3.632	 -0.180
       3.636	 -0.135
       3.640	 -0.090
       3.644	 -0.045
       3.648	 -0.020
       3.652	  0.005
       3.656	 -0.020
       3.660	 -0.037
       3.664	 -0.058
       3.668	 -0.083
       3.672	 -0.105
       3.676	 -0.175
       3.680	 -0.297
       3.684	 -0.253
       3.688	 -0.190
       3.692	 -0.115
       3.696	 -0.050
       3.700	 -0.025
       3.704	 -0.050
       3.708	 -0.058
       3.712	 -0.040
       3.716	 -0.033
       3.720	 -0.020
       3.724	  0.013
       3.728	  0.060
       3.732	  0.115
       3.736	  0.158
       3.740	  0.190
       3.744	  0.228
       3.748	  0.253
       3.752	  0.240
       3.756	  0.203
       3.760	  0.163
       3.764	  0.102
       3.768	  0.028
       3.772	 -0.050
       3.776	 -0.115
       3.780	 -0.195
       3.784	 -0.278
       3.788	 -0.333
       3.792	 -0.375
       3.796	 -0.398
       3.800	 -0.407
       3.804	 -0.385
       3.808	 -0.343
       3.812	 -0.278
       3.816	 -0.215
       3.820	 -0.168
       3.824	 -0.147
       3.828	 -0.130
       3.832	 -0.125
       3.836	 -0.115
       3.840	 -0.105
       3.844	 -0.092
       3.848	 -0.065
       3.852	 -0.037
       3.856	 -0.033
       3.860	 -0.052
       3.864	 -0.098
       3.868	 -0.147
       3.872	 -0.188
       3.876	 -0.212
       3.880	 -0.220
       3.884	 -0.207
       3.888	 -0.168
       3.892	 -0.117
       3.896	 -0.077
       3.900	 -0.052
       3.904	 -0.060
       3.908	 -0.083
       3.912	 -0.122
       3.916	 -0.158
       3.920	 -0.190
       3.924	 -0.203
       3.928	 -0.203
       3.932	 -0.190
       3.936	 -0.168
       3.940	 -0.147
       3.944	 -0.117
       3.948	 -0.098
       3.952	 -0.083
       3.956	 -0.072
       3.960	 -0.085
       3.964	 -0.130
       3.968	 -0.200
       3.972	 -0.273
       3.976	 -0.350
       3.980	 -0.435
       3.984	 -0.520
       3.988	 -0.603
       3.992	 -0.670
       3.996	 -0.723
       4.000	 -0.743
       4.004	 -0.740
       4.008	 -0.720
       4.012	 -0.695
       4.016	 -0.675
       4.020	 -0.625
       4.024	 -0.560
       4.028	 -0.480
       4.032	 -0.415
       4.036	 -0.343
       4.040	 -0.280
       4.044	 -0.212
       4.048	 -0.147
       4.052	 -0.072
       4.056	 -0.025
       4.060	  0.028
       4.064	  0.050
       4.068	  0.060
       4.072	  0.058
       4.076	  0.050
       4.080	  0.045
       4.084	  0.037
       4.088	  0.028
       4.092	  0.007
       4.096	 -0.025
       4.100	 -0.040
       4.104	 -0.052
       4.108	 -0.052
       4.112	 -0.050
       4.116	 -0.050
       4.120	 -0.040
       4.124	 -0.040
       4.128	 -0.052
       4.132	 -0.072
       4.136	 -0.090
       4.140	 -0.115
       4.144	 -0.117
       4.148	 -0.115
       4.152	 -0.090
       4.156	 -0.050
       4.160	  0.018
       4.164	  0.070
       4.168	  0.117
       4.172	  0.150
       4.176	  0.155
       4.180	  0.125
       4.184	  0.058
       4.188	 -0.052
       4.192	 -0.175
       4.196	 -0.297
       4.200	 -0.417
       4.204	 -0.537
       4.208	 -0.645
       4.212	 -0.735
       4.216	 -0.805
       4.220	 -0.845
       4.224	 -0.873
       4.228	 -0.863
       4.232	 -0.818
       4.236	 -0.735
       4.240	 -0.655
       4.244	 -0.578
       4.248	 -0.512
       4.252	 -0.443
       4.256	 -0.375
       4.260	 -0.300
       4.264	 -0.233
       4.268	 -0.163
       4.272	 -0.098
       4.276	 -0.033
       4.280	  0.028
       4.284	  0.060
       4.288	  0.092
       4.292	  0.125
       4.296	  0.158
       4.300	  0.175
       4.304	  0.188
       4.308	  0.180
       4.312	  0.155
       4.316	  0.125
       4.320	  0.102
       4.324	  0.072
       4.328	  0.058
       4.332	  0.050
       4.336	  0.058
       4.340	  0.072
       4.344	  0.092
       4.348	  0.105
       4.352	  0.130
       4.356	  0.155
       4.360	  0.188
       4.364	  0.220
       4.368	  0.240
       4.372	  0.253
       4.376	  0.268
       4.380	  0.287
       4.384	  0.325
       4.388	  0.357
       4.392	  0.365
       4.396	  0.345
       4.400	  0.285
       4.404	  0.200
       4.408	  0.083
       4.412	 -0.070
       4.416	 -0.212
       4.420	 -0.320
       4.424	 -0.407
       4.428	 -0.463
       4.432	 -0.512
       4.436	 -0.560
       4.440	 -0.618
       4.444	 -0.670
       4.448	 -0.708
       4.452	 -0.695
       4.456	 -0.630
       4.460	 -0.515
       4.464	 -0.378
       4.468	 -0.240
       4.472	 -0.122
       4.476	 -0.025
       4.480	  0.070
       4.484	  0.147
       4.488	  0.212
       4.492	  0.265
       4.496	  0.292
       4.500	  0.287
       4.504	  0.278
       4.508	  0.273
       4.512	  0.280
       4.516	  0.297
       4.520	  0.310
       4.524	  0.300
       4.528	  0.287
       4.532	  0.268
       4.536	  0.260
       4.540	  0.260
       4.544	  0.265
       4.548	  0.253
       4.552	  0.235
       4.556	  0.220
       4.560	  0.207
       4.564	  0.200
       4.568	  0.203
       4.572	  0.188
       4.576	  0.170
       4.580	  0.142
       4.584	  0.115
       4.588	  0.102
       4.592	  0.092
       4.596	  0.085
       4.600	  0.077
       4.604	  0.077
       4.608	  0.070
       4.612	  0.050
       4.616	  0.007
       4.620	 -0.070
       4.624	 -0.158
       4.628	 -0.253
       4.632	 -0.378
       4.636	 -0.495
       4.640	 -0.610
       4.644	 -0.710
       4.648	 -0.772
       4.652	 -0.800
       4.656	 -0.820
       4.660	 -0.833
       4.664	 -0.833
       4.668	 -0.812
       4.672	 -0.760
       4.676	 -0.670
       4.680	 -0.532
       4.684	 -0.352
       4.688	 -0.175
       4.692	 -0.020
       4.696	  0.117
       4.700	  0.223
       4.704	  0.312
       4.708	  0.375
       4.712	  0.398
       4.716	  0.395
       4.720	  0.365
       4.724	  0.325
       4.728	  0.285
       4.732	  0.240
       4.736	  0.207
       4.740	  0.182
       4.744	  0.158
       4.748	  0.125
       4.752	  0.090
       4.756	  0.060
       4.760	  0.045
       4.764	  0.028
       4.768	  0.013
       4.772	  0.005
       4.776	  0.000
       4.780	  0.000
       4.784	  0.005
       4.788	  0.007
       4.792	  0.018
       4.796	  0.025
       4.800	  0.025
       4.804	  0.025
       4.808	  0.013
       4.812	  0.000
       4.816	 -0.037
       4.820	 -0.050
       4.824	 -0.065
       4.828	 -0.072
       4.832	 -0.090
       4.836	 -0.122
       4.840	 -0.180
       4.844	 -0.253
       4.848	 -0.365
       4.852	 -0.492
       4.856	 -0.618
       4.860	 -0.740
       4.864	 -0.845
       4.868	 -0.917
       4.872	 -0.960
       4.876	 -0.948
       4.880	 -0.885
       4.884	 -0.755
       4.888	 -0.565
       4.892	 -0.325
       4.896	 -0.085
       4.900	  0.150
       4.904	  0.333
       4.908	  0.455
       4.912	  0.547
       4.916	  0.618
       4.920	  0.675
       4.924	  0.690
       4.928	  0.655
       4.932	  0.580
       4.936	  0.487
       4.940	  0.398
       4.944	  0.320
       4.948	  0.268
       4.952	  0.235
       4.956	  0.215
       4.960	  0.200
       4.964	  0.182
       4.968	  0.168
       4.972	  0.158
       4.976	  0.155
       4.980	  0.155
       4.984	  0.155
       4.988	  0.163
       4.992	  0.168
       4.996	  0.170
       5.000	  0.180
       5.004	  0.195
       5.008	  0.223
       5.012	  0.255
       5.016	  0.268
       5.020	  0.268
       5.024	  0.247
       5.028	  0.223
       5.032	  0.207
       5.036	  0.200
       5.040	  0.203
       5.044	  0.188
       5.048	  0.147
       5.052	  0.083
       5.056	 -0.033
       5.060	 -0.163
       5.064	 -0.310
       5.068	 -0.448
       5.072	 -0.565
       5.076	 -0.657
       5.080	 -0.728
       5.084	 -0.760
       5.088	 -0.755
       5.092	 -0.703
       5.096	 -0.590
       5.100	 -0.422
       5.104	 -0.212
       5.108	  0.045
       5.112	  0.287
       5.116	  0.507
       5.120	  0.677
       5.124	  0.772
       5.128	  0.805
       5.132	  0.775
       5.136	  0.715
       5.140	  0.642
       5.144	  0.557
       5.148	  0.463
       5.152	  0.383
       5.156	  0.300
       5.160	  0.240
       5.164	  0.203
       5.168	  0.180
       5.172	  0.158
       5.176	  0.147
       5.180	  0.135
       5.184	  0.122
       5.188	  0.110
       5.192	  0.098
       5.196	  0.090
       5.200	  0.085
       5.204	  0.090
       5.208	  0.085
       5.212	  0.085
       5.216	  0.077
       5.220	  0.085
       5.224	  0.092
       5.228	  0.115
       5.232	  0.125
       5.236	  0.147
       5.240	  0.158
       5.244	  0.170
       5.248	  0.188
       5.252	  0.207
       5.256	  0.200
       5.260	  0.155
       5.264	  0.058
       5.268	 -0.102
       5.272	 -0.297
       5.276	 -0.505
       5.280	 -0.708
       5.284	 -0.877
       5.288	 -1.000
       5.292	 -1.067
       5.296	 -1.093
       5.300	 -1.080
       5.304	 -1.028
       5.308	 -0.897
       5.312	 -0.720
       5.316	 -0.520
       5.320	 -0.305
       5.324	 -0.102
       5.328	  0.083
       5.332	  0.245
       5.336	  0.385
       5.340	  0.487
       5.344	  0.573
       5.348	  0.610
       5.352	  0.635
       5.356	  0.623
       5.360	  0.603
       5.364	  0.570
       5.368	  0.532
       5.372	  0.482
       5.376	  0.440
       5.380	  0.395
       5.384	  0.350
       5.388	  0.343
       5.392	  0.325
       5.396	  0.318
       5.400	  0.305
       5.404	  0.297
       5.408	  0.287
       5.412	  0.285
       5.416	  0.273
       5.420	  0.280
       5.424	  0.268
       5.428	  0.260
       5.432	  0.253
       5.436	  0.255
       5.440	  0.260
       5.444	  0.247
       5.448	  0.233
       5.452	  0.235
       5.456	  0.247
       5.460	  0.253
       5.464	  0.240
       5.468	  0.203
       5.472	  0.138
       5.476	  0.050
       5.480	 -0.092
       5.484	 -0.228
       5.488	 -0.365
       5.492	 -0.487
       5.496	 -0.593
       5.500	 -0.667
       5.504	 -0.723
       5.508	 -0.723
       5.512	 -0.688
       5.516	 -0.642
       5.520	 -0.578
       5.524	 -0.527
       5.528	 -0.472
       5.532	 -0.395
       5.536	 -0.300
       5.540	 -0.228
       5.544	 -0.155
       5.548	 -0.083
       5.552	  0.005
       5.556	  0.065
       5.560	  0.130
       5.564	  0.207
       5.568	  0.278
       5.572	  0.343
       5.576	  0.390
       5.580	  0.435
       5.584	  0.460
       5.588	  0.475
       5.592	  0.480
       5.596	  0.472
       5.600	  0.468
       5.604	  0.460
       5.608	  0.455
       5.612	  0.440
       5.616	  0.427
       5.620	  0.417
       5.624	  0.410
       5.628	  0.395
       5.632	  0.383
       5.636	  0.390
       5.640	  0.410
       5.644	  0.440
       5.648	  0.455
       5.652	  0.460
       5.656	  0.450
       5.660	  0.460
       5.664	  0.448
       5.668	  0.422
       5.672	  0.383
       5.676	  0.320
       5.680	  0.255
       5.684	  0.163
       5.688	  0.065
       5.692	 -0.052
       5.696	 -0.188
       5.700	 -0.312
       5.704	 -0.398
       5.708	 -0.448
       5.712	 -0.430
       5.716	 -0.383
       5.720	 -0.310
       5.724	 -0.255
       5.728	 -0.215
       5.732	 -0.180
       5.736	 -0.130
       5.740	 -0.077
       5.744	 -0.028
       5.748	  0.013
       5.752	  0.028
       5.756	  0.040
       5.760	  0.065
       5.764	  0.102
       5.768	  0.163
       5.772	  0.228
       5.776	  0.280
       5.780	  0.338
       5.784	  0.385
       5.788	  0.422
       5.792	  0.455
       5.796	  0.487
       5.800	  0.512
       5.804	  0.537
       5.808	  0.547
       5.812	  0.532
       5.816	  0.482
       5.820	  0.417
       5.824	  0.343
       5.828	  0.287
       5.832	  0.235
       5.836	  0.195
       5.840	  0.147
       5.844	  0.115
       5.848	  0.098
       5.852	  0.115
       5.856	  0.138
       5.860	  0.168
       5.864	  0.200
       5.868	  0.220
       5.872	  0.212
       5.876	  0.175
       5.880	  0.098
       5.884	  0.000
       5.888	 -0.122
       5.892	 -0.253
       5.896	 -0.390
       5.900	 -0.520
       5.904	 -0.618
       5.908	 -0.688
       5.912	 -0.735
       5.916	 -0.755
       5.920	 -0.760
       5.924	 -0.752
       5.928	 -0.733
       5.932	 -0.690
       5.936	 -0.637
       5.940	 -0.585
       5.944	 -0.527
       5.948	 -0.472
       5.952	 -0.427
       5.956	 -0.390
       5.960	 -0.352
       5.964	 -0.318
       5.968	 -0.287
       5.972	 -0.215
       5.976	 -0.138
       5.980	 -0.058
       5.984	  0.028
       5.988	  0.110
       5.992	  0.180
       5.996	  0.247
       6.000	  0.318
       6.004	  0.390
       6.008	  0.455
       6.012	  0.492
       6.016	  0.505
       6.020	  0.512
       6.024	  0.515
       6.028	  0.527
       6.032	  0.540
       6.036	  0.552
       6.040	  0.545
       6.044	  0.520
       6.048	  0.475
       6.052	  0.427
       6.056	  0.383
       6.060	  0.352
       6.064	  0.338
       6.068	  0.318
       6.072	  0.285
       6.076	  0.233
       6.080	  0.150
       6.084	  0.045
       6.088	 -0.072
       6.092	 -0.168
       6.096	 -0.235
       6.100	 -0.280
       6.104	 -0.300
       6.108	 -0.325
       6.112	 -0.365
       6.116	 -0.435
       6.120	 -0.520
       6.124	 -0.610
       6.128	 -0.670
       6.132	 -0.720
       6.136	 -0.755
       6.140	 -0.797
       6.144	 -0.833
       6.148	 -0.858
       6.152	 -0.838
       6.156	 -0.820
       6.160	 -0.800
       6.164	 -0.797
       6.168	 -0.780
       6.172	 -0.755
       6.176	 -0.710
       6.180	 -0.655
       6.184	 -0.590
       6.188	 -0.512
       6.192	 -0.430
       6.196	 -0.330
       6.200	 -0.203
       6.204	 -0.065
       6.208	  0.083
       6.212	  0.207
       6.216	  0.297
       6.220	  0.378
       6.224	  0.455
       6.228	  0.532
       6.232	  0.603
       6.236	  0.667
       6.240	  0.708
       6.244	  0.715
       6.248	  0.690
       6.252	  0.645
       6.256	  0.610
       6.260	  0.593
       6.264	  0.578
       6.268	  0.560
       6.272	  0.537
       6.276	  0.515
       6.280	  0.492
       6.284	  0.448
       6.288	  0.375
       6.292	  0.278
       6.296	  0.190
       6.300	  0.147
       6.304	  0.155
       6.308	  0.188
       6.312	  0.195
       6.316	  0.195
       6.320	  0.188
       6.324	  0.155
       6.328	  0.098
       6.332	  0.000
       6.336	 -0.125
       6.340	 -0.247
       6.344	 -0.362
       6.348	 -0.468
       6.352	 -0.580
       6.356	 -0.690
       6.360	 -0.780
       6.364	 -0.838
       6.368	 -0.870
       6.372	 -0.885
       6.376	 -0.882
       6.380	 -0.870
       6.384	 -0.853
       6.388	 -0.838
       6.392	 -0.805
       6.396	 -0.765
       6.400	 -0.708
       6.404	 -0.625
       6.408	 -0.527
       6.412	 -0.417
       6.416	 -0.300
       6.420	 -0.170
       6.424	 -0.037
       6.428	  0.115
       6.432	  0.247
       6.436	  0.375
       6.440	  0.460
       6.444	  0.525
       6.448	  0.557
       6.452	  0.573
       6.456	  0.557
       6.460	  0.525
       6.464	  0.480
       6.468	  0.435
       6.472	  0.407
       6.476	  0.383
       6.480	  0.343
       6.484	  0.292
       6.488	  0.240
       6.492	  0.195
       6.496	  0.180
       6.500	  0.207
       6.504	  0.273
       6.508	  0.350
       6.512	  0.390
       6.516	  0.407
       6.520	  0.407
       6.524	  0.385
       6.528	  0.352
       6.532	  0.292
       6.536	  0.215
       6.540	  0.125
       6.544	  0.058
       6.548	 -0.020
       6.552	 -0.072
       6.556	 -0.130
       6.560	 -0.182
       6.564	 -0.245
       6.568	 -0.318
       6.572	 -0.407
       6.576	 -0.492
       6.580	 -0.573
       6.584	 -0.625
       6.588	 -0.657
       6.592	 -0.667
       6.596	 -0.645
       6.600	 -0.593
       6.604	 -0.507
       6.608	 -0.422
       6.612	 -0.333
       6.616	 -0.253
       6.620	 -0.163
       6.624	 -0.083
       6.628	  0.018
       6.632	  0.102
       6.636	  0.188
       6.640	  0.268
       6.644	  0.350
       6.648	  0.427
       6.652	  0.505
       6.656	  0.585
       6.660	  0.650
       6.664	  0.708
       6.668	  0.755
       6.672	  0.792
       6.676	  0.818
       6.680	  0.812
       6.684	  0.772
       6.688	  0.700
       6.692	  0.610
       6.696	  0.495
       6.700	  0.383
       6.704	  0.287
       6.708	  0.245
       6.712	  0.223
       6.716	  0.207
       6.720	  0.190
       6.724	  0.158
       6.728	  0.125
       6.732	  0.077
       6.736	  0.040
       6.740	 -0.040
       6.744	 -0.130
       6.748	 -0.235
       6.752	 -0.333
       6.756	 -0.422
       6.760	 -0.495
       6.764	 -0.552
       6.768	 -0.603
       6.772	 -0.650
       6.776	 -0.700
       6.780	 -0.760
       6.784	 -0.787
       6.788	 -0.785
       6.792	 -0.820
       6.796	 -0.820
       6.800	 -0.818
       6.804	 -0.800
       6.808	 -0.833
       6.812	 -0.688
       6.816	 -0.448
       6.820	 -0.228
       6.824	 -0.070
       6.828	  0.005
       6.832	 -0.018
       6.836	 -0.037
       6.840	 -0.037
       6.844	 -0.020
       6.848	 -0.018
       6.852	  0.013
       6.856	  0.050
       6.860	  0.085
       6.864	  0.102
       6.868	  0.117
       6.872	  0.180
       6.876	  0.265
       6.880	  0.343
       6.884	  0.403
       6.888	  0.463
       6.892	  0.512
       6.896	  0.552
       6.900	  0.570
       6.904	  0.565
       6.908	  0.547
       6.912	  0.545
       6.916	  0.552
       6.920	  0.552
       6.924	  0.527
       6.928	  0.472
       6.932	  0.403
       6.936	  0.370
       6.940	  0.357
       6.944	  0.343
       6.948	  0.287
       6.952	  0.190
       6.956	  0.052
       6.960	 -0.102
       6.964	 -0.245
       6.968	 -0.362
       6.972	 -0.463
       6.976	 -0.545
       6.980	 -0.625
       6.984	 -0.708
       6.988	 -0.787
       6.992	 -0.850
       6.996	 -0.897
       7.000	 -0.935
       7.004	 -0.960
       7.008	 -0.970
       7.012	 -0.968
       7.016	 -0.950
       7.020	 -0.897
       7.024	 -0.833
       7.028	 -0.752
       7.032	 -0.657
       7.036	 -0.552
       7.040	 -0.443
       7.044	 -0.343
       7.048	 -0.268
       7.052	 -0.228
       7.056	 -0.212
       7.060	 -0.200
       7.064	 -0.188
       7.068	 -0.180
       7.072	 -0.180
       7.076	 -0.170
       7.080	 -0.158
       7.084	 -0.125
       7.088	 -0.072
       7.092	  0.000
       7.096	  0.070
       7.100	  0.135
       7.104	  0.203
       7.108	  0.255
       7.112	  0.273
       7.116	  0.265
       7.120	  0.247
       7.124	  0.228
       7.128	  0.220
       7.132	  0.203
       7.136	  0.188
       7.140	  0.155
       7.144	  0.117
       7.148	  0.065
       7.152	  0.018
       7.156	 -0.028
       7.160	 -0.045
       7.164	 -0.060
       7.168	 -0.085
       7.172	 -0.130
       7.176	 -0.203
       7.180	 -0.297
       7.184	 -0.403
       7.188	 -0.515
       7.192	 -0.623
       7.196	 -0.695
       7.200	 -0.743
       7.204	 -0.760
       7.208	 -0.760
       7.212	 -0.755
       7.216	 -0.765
       7.220	 -0.767
       7.224	 -0.785
       7.228	 -0.785
       7.232	 -0.772
       7.236	 -0.723
       7.240	 -0.662
       7.244	 -0.580
       7.248	 -0.487
       7.252	 -0.398
       7.256	 -0.345
       7.260	 -0.305
       7.264	 -0.292
       7.268	 -0.278
       7.272	 -0.255
       7.276	 -0.233
       7.280	 -0.207
       7.284	 -0.188
       7.288	 -0.163
       7.292	 -0.130
       7.296	 -0.092
       7.300	 -0.052
       7.304	  0.007
       7.308	  0.058
       7.312	  0.105
       7.316	  0.147
       7.320	  0.188
       7.324	  0.212
       7.328	  0.235
       7.332	  0.255
       7.336	  0.278
       7.340	  0.268
       7.344	  0.233
       7.348	  0.163
       7.352	  0.077
       7.356	 -0.025
       7.360	 -0.090
       7.364	 -0.138
       7.368	 -0.158
       7.372	 -0.168
       7.376	 -0.168
       7.380	 -0.180
       7.384	 -0.212
       7.388	 -0.255
       7.392	 -0.312
       7.396	 -0.378
       7.400	 -0.440
       7.404	 -0.482
       7.408	 -0.520
       7.412	 -0.552
       7.416	 -0.578
       7.420	 -0.593
       7.424	 -0.625
       7.428	 -0.662
       7.432	 -0.703
       7.436	 -0.743
       7.440	 -0.767
       7.444	 -0.765
       7.448	 -0.723
       7.452	 -0.645
       7.456	 -0.537
       7.460	 -0.410
       7.464	 -0.285
       7.468	 -0.163
       7.472	 -0.045
       7.476	  0.090
       7.480	  0.207
       7.484	  0.325
       7.488	  0.422
       7.492	  0.492
       7.496	  0.537
       7.500	  0.552
       7.504	  0.557
       7.508	  0.560
       7.512	  0.560
       7.516	  0.557
       7.520	  0.560
       7.524	  0.560
       7.528	  0.573
       7.532	  0.590
       7.536	  0.613
       7.540	  0.618
       7.544	  0.605
       7.548	  0.565
       7.552	  0.495
       7.556	  0.398
       7.560	  0.287
       7.564	  0.180
       7.568	  0.090
       7.572	  0.028
       7.576	  0.007
       7.580	 -0.018
       7.584	 -0.033
       7.588	 -0.058
       7.592	 -0.115
       7.596	 -0.190
       7.600	 -0.287
       7.604	 -0.390
       7.608	 -0.482
       7.612	 -0.590
       7.616	 -0.690
       7.620	 -0.565
       7.624	 -0.370
       7.628	 -0.190
       7.632	 -0.060
       7.636	 -0.018
       7.640	 -0.040
       7.644	 -0.052
       7.648	 -0.033
       7.652	 -0.028
       7.656	 -0.033
       7.660	  0.007
       7.664	  0.072
       7.668	  0.155
       7.672	  0.235
       7.676	  0.325
       7.680	  0.440
       7.684	  0.540
       7.688	  0.613
       7.692	  0.690
       7.696	  0.765
       7.700	  0.825
       7.704	  0.877
       7.708	  0.902
       7.712	  0.905
       7.716	  0.910
       7.720	  0.935
       7.724	  0.960
       7.728	  1.000
       7.732	  1.035
       7.736	  1.065
       7.740	  1.073
       7.744	  1.065
       7.748	  1.028
       7.752	  0.960
       7.756	  0.877
       7.760	  0.805
       7.764	  0.723
       7.768	  0.667
       7.772	  0.623
       7.776	  0.585
       7.780	  0.565
       7.784	  0.565
       7.788	  0.578
       7.792	  0.580
       7.796	  0.560
       7.800	  0.495
       7.804	  0.422
       7.808	  0.352
       7.812	  0.273
       7.816	  0.195
       7.820	  0.125
       7.824	  0.033
       7.828	 -0.050
       7.832	 -0.117
       7.836	 -0.190
       7.840	 -0.268
       7.844	 -0.350
       7.848	 -0.417
       7.852	 -0.455
       7.856	 -0.472
       7.860	 -0.448
       7.864	 -0.395
       7.868	 -0.312
       7.872	 -0.190
       7.876	 -0.083
       7.880	  0.013
       7.884	  0.092
       7.888	  0.170
       7.892	  0.247
       7.896	  0.338
       7.900	  0.403
       7.904	  0.455
       7.908	  0.512
       7.912	  0.565
       7.916	  0.610
       7.920	  0.645
       7.924	  0.675
       7.928	  0.708
       7.932	  0.748
       7.936	  0.807
       7.940	  0.873
       7.944	  0.938
       7.948	  0.955
       7.952	  0.922
       7.956	  0.850
       7.960	  0.755
       7.964	  0.655
       7.968	  0.560
       7.972	  0.487
       7.976	  0.422
       7.980	  0.375
       7.984	  0.357
       7.988	  0.362
       7.992	  0.362
       7.996	  0.350
       8.000	  0.325
       8.004	  0.297
       8.008	  0.255
       8.012	  0.207
       8.016	  0.138
       8.020	  0.058
       8.024	 -0.060
       8.028	 -0.182
       8.032	 -0.300
       8.036	 -0.385
       8.040	 -0.455
       8.044	 -0.505
       8.048	 -0.560
       8.052	 -0.593
       8.056	 -0.635
       8.060	 -0.618
       8.064	 -0.560
       8.068	 -0.472
       8.072	 -0.375
       8.076	 -0.268
       8.080	 -0.158
       8.084	 -0.052
       8.088	  0.060
       8.092	  0.150
       8.096	  0.228
       8.100	  0.292
       8.104	  0.370
       8.108	  0.430
       8.112	  0.480
       8.116	  0.505
       8.120	  0.520
       8.124	  0.520
       8.128	  0.520
       8.132	  0.525
       8.136	  0.540
       8.140	  0.573
       8.144	  0.618
       8.148	  0.667
       8.152	  0.710
       8.156	  0.708
       8.160	  0.675
       8.164	  0.618
       8.168	  0.547
       8.172	  0.472
       8.176	  0.398
       8.180	  0.333
       8.184	  0.285
       8.188	  0.253
       8.192	  0.233
       8.196	  0.220
       8.200	  0.207
       8.204	  0.200
       8.208	  0.182
       8.212	  0.147
       8.216	  0.083
       8.220	 -0.018
       8.224	 -0.138
       8.228	 -0.265
       8.232	 -0.378
       8.236	 -0.460
       8.240	 -0.507
       8.244	 -0.527
       8.248	 -0.540
       8.252	 -0.557
       8.256	 -0.560
       8.260	 -0.545
       8.264	 -0.487
       8.268	 -0.385
       8.272	 -0.260
       8.276	 -0.130
       8.280	  0.013
       8.284	  0.117
       8.288	  0.207
       8.292	  0.278
       8.296	  0.343
       8.300	  0.398
       8.304	  0.448
       8.308	  0.482
       8.312	  0.495
       8.316	  0.505
       8.320	  0.512
       8.324	  0.500
       8.328	  0.487
       8.332	  0.450
       8.336	  0.410
       8.340	  0.375
       8.344	  0.330
       8.348	  0.287
       8.352	  0.260
       8.356	  0.245
       8.360	  0.223
       8.364	  0.158
       8.368	  0.037
       8.372	 -0.117
       8.376	 -0.260
       8.380	 -0.383
       8.384	 -0.460
       8.388	 -0.520
       8.392	 -0.557
       8.396	 -0.580
       8.400	 -0.585
       8.404	 -0.593
       8.408	 -0.623
       8.412	 -0.662
       8.416	 -0.723
       8.420	 -0.838
       8.424	 -0.752
       8.428	 -0.505
       8.432	 -0.278
       8.436	 -0.090
       8.440	  0.000
       8.444	 -0.020
       8.448	 -0.050
       8.452	 -0.045
       8.456	  0.028
       8.460	  0.170
       8.464	  0.375
       8.468	  0.618
       8.472	  0.845
       8.476	  0.995
       8.480	  1.085
       8.484	  1.177
       8.488	  1.275
       8.492	  1.350
       8.496	  1.405
       8.500	  1.462
       8.504	  1.520
       8.508	  1.548
       8.512	  1.573
       8.516	  1.593
       8.520	  1.620
       8.524	  1.625
       8.528	  1.617
       8.532	  1.605
       8.536	  1.600
       8.540	  1.600
       8.544	  1.597
       8.548	  1.593
       8.552	  1.593
       8.556	  1.605
       8.560	  1.625
       8.564	  1.630
       8.568	  1.610
       8.572	  1.545
       8.576	  1.435
       8.580	  1.295
       8.584	  1.145
       8.588	  1.008
       8.592	  0.882
       8.596	  0.780
       8.600	  0.700
       8.604	  0.645
       8.608	  0.613
       8.612	  0.585
       8.616	  0.545
       8.620	  0.480
       8.624	  0.398
       8.628	  0.310
       8.632	  0.220
       8.636	  0.138
       8.640	  0.052
       8.644	 -0.037
       8.648	 -0.115
       8.652	 -0.180
       8.656	 -0.223
       8.660	 -0.245
       8.664	 -0.247
       8.668	 -0.228
       8.672	 -0.180
       8.676	 -0.105
       8.680	 -0.018
       8.684	  0.102
       8.688	  0.228
       8.692	  0.357
       8.696	  0.487
       8.700	  0.610
       8.704	  0.723
       8.708	  0.812
       8.712	  0.882
       8.716	  0.927
       8.720	  0.955
       8.724	  0.975
       8.728	  0.993
       8.732	  1.008
       8.736	  1.032
       8.740	  1.040
       8.744	  1.065
       8.748	  1.100
       8.752	  1.145
       8.756	  1.188
       8.760	  1.220
       8.764	  1.242
       8.768	  1.262
       8.772	  1.268
       8.776	  1.252
       8.780	  1.198
       8.784	  1.110
       8.788	  1.008
       8.792	  0.890
       8.796	  0.792
       8.800	  0.723
       8.804	  0.677
       8.808	  0.642
       8.812	  0.610
       8.816	  0.580
       8.820	  0.547
       8.824	  0.500
       8.828	  0.435
       8.832	  0.345
       8.836	  0.255
       8.840	  0.168
       8.844	  0.070
       8.848	 -0.045
       8.852	 -0.147
       8.856	 -0.245
       8.860	 -0.338
       8.864	 -0.427
       8.868	 -0.515
       8.872	 -0.605
       8.876	 -0.645
       8.880	 -0.637
       8.884	 -0.585
       8.888	 -0.500
       8.892	 -0.410
       8.896	 -0.325
       8.900	 -0.233
       8.904	 -0.130
       8.908	 -0.033
       8.912	  0.072
       8.916	  0.150
       8.920	  0.220
       8.924	  0.260
       8.928	  0.287
       8.932	  0.300
       8.936	  0.312
       8.940	  0.318
       8.944	  0.325
       8.948	  0.325
       8.952	  0.330
       8.956	  0.325
       8.960	  0.320
       8.964	  0.318
       8.968	  0.318
       8.972	  0.338
       8.976	  0.378
       8.980	  0.443
       8.984	  0.527
       8.988	  0.598
       8.992	  0.630
       8.996	  0.598
       9.000	  0.500
       9.004	  0.398
       9.008	  0.325
       9.012	  0.285
       9.016	  0.265
       9.020	  0.278
       9.024	  0.280
       9.028	  0.285
       9.032	  0.273
       9.036	  0.245
       9.040	  0.203
       9.044	  0.155
       9.048	  0.092
       9.052	  0.025
       9.056	 -0.077
       9.060	 -0.168
       9.064	 -0.265
       9.068	 -0.362
       9.072	 -0.448
       9.076	 -0.520
       9.080	 -0.560
       9.084	 -0.552
       9.088	 -0.500
       9.092	 -0.430
       9.096	 -0.345
       9.100	 -0.253
       9.104	 -0.150
       9.108	 -0.050
       9.112	  0.060
       9.116	  0.142
       9.120	  0.195
       9.124	  0.215
       9.128	  0.220
       9.132	  0.212
       9.136	  0.220
       9.140	  0.235
       9.144	  0.255
       9.148	  0.273
       9.152	  0.280
       9.156	  0.278
       9.160	  0.280
       9.164	  0.287
       9.168	  0.318
       9.172	  0.352
       9.176	  0.395
       9.180	  0.422
       9.184	  0.440
       9.188	  0.450
       9.192	  0.468
       9.196	  0.500
       9.200	  0.505
       9.204	  0.468
       9.208	  0.378
       9.212	  0.265
       9.216	  0.142
       9.220	  0.060
       9.224	  0.000
       9.228	 -0.040
       9.232	 -0.052
       9.236	 -0.058
       9.240	 -0.070
       9.244	 -0.092
       9.248	 -0.130
       9.252	 -0.175
       9.256	 -0.228
       9.260	 -0.305
       9.264	 -0.403
       9.268	 -0.515
       9.272	 -0.642
       9.276	 -0.748
       9.280	 -0.838
       9.284	 -0.885
       9.288	 -0.905
       9.292	 -0.905
       9.296	 -0.895
       9.300	 -0.853
       9.304	 -0.772
       9.308	 -0.662
       9.312	 -0.537
       9.316	 -0.398
       9.320	 -0.268
       9.324	 -0.155
       9.328	 -0.060
       9.332	  0.018
       9.336	  0.072
       9.340	  0.102
       9.344	  0.122
       9.348	  0.130
       9.352	  0.125
       9.356	  0.125
       9.360	  0.130
       9.364	  0.125
       9.368	  0.115
       9.372	  0.098
       9.376	  0.098
       9.380	  0.110
       9.384	  0.125
       9.388	  0.138
       9.392	  0.138
       9.396	  0.142
       9.400	  0.138
       9.404	  0.125
       9.408	  0.077
       9.412	  0.000
       9.416	 -0.122
       9.420	 -0.247
       9.424	 -0.370
       9.428	 -0.480
       9.432	 -0.585
       9.436	 -0.682
       9.440	 -0.785
       9.444	 -0.882
       9.448	 -0.970
       9.452	 -1.035
       9.456	 -1.080
       9.460	 -1.110
       9.464	 -1.125
       9.468	 -1.130
       9.472	 -1.137
       9.476	 -1.150
       9.480	 -1.177
       9.484	 -1.208
       9.488	 -1.220
       9.492	 -1.198
       9.496	 -1.145
       9.500	 -1.080
       9.504	 -1.000
       9.508	 -0.897
       9.512	 -0.787
       9.516	 -0.657
       9.520	 -0.505
       9.524	 -0.345
       9.528	 -0.207
       9.532	 -0.090
       9.536	  0.018
       9.540	  0.090
       9.544	  0.147
       9.548	  0.188
       9.552	  0.228
       9.556	  0.265
       9.560	  0.305
       9.564	  0.320
       9.568	  0.338
       9.572	  0.352
       9.576	  0.362
       9.580	  0.357
       9.584	  0.333
       9.588	  0.292
       9.592	  0.235
       9.596	  0.175
       9.600	  0.122
       9.604	  0.060
       9.608	  0.007
       9.612	 -0.052
       9.616	 -0.085
       9.620	 -0.102
       9.624	 -0.117
       9.628	 -0.138
       9.632	 -0.175
       9.636	 -0.200
       9.640	 -0.212
       9.644	 -0.212
       9.648	 -0.195
       9.652	 -0.180
       9.656	 -0.170
       9.660	 -0.180
       9.664	 -0.200
       9.668	 -0.240
       9.672	 -0.285
       9.676	 -0.333
       9.680	 -0.375
       9.684	 -0.410
       9.688	 -0.455
       9.692	 -0.500
       9.696	 -0.540
       9.700	 -0.560
       9.704	 -0.540
       9.708	 -0.492
       9.712	 -0.410
       9.716	 -0.333
       9.720	 -0.245
       9.724	 -0.125
       9.728	  0.018
       9.732	  0.147
       9.736	  0.285
       9.740	  0.362
       9.744	  0.415
       9.748	  0.450
       9.752	  0.468
       9.756	  0.475
       9.760	  0.480
       9.764	  0.480
       9.768	  0.475
       9.772	  0.468
       9.776	  0.450
       9.780	  0.415
       9.784	  0.378
       9.788	  0.350
       9.792	  0.330
       9.796	  0.333
       9.800	  0.370
       9.804	  0.427
       9.808	  0.495
       9.812	  0.565
       9.816	  0.625
       9.820	  0.667
       9.824	  0.677
       9.828	  0.667
       9.832	  0.625
       9.836	  0.578
       9.840	  0.527
       9.844	  0.495
       9.848	  0.472
       9.852	  0.440
       9.856	  0.385
       9.860	  0.320
       9.864	  0.253
       9.868	  0.168
       9.872	  0.072
       9.876	 -0.033
       9.880	 -0.115
       9.884	 -0.188
       9.888	 -0.253
       9.892	 -0.320
       9.896	 -0.390
       9.900	 -0.472
       9.904	 -0.552
       9.908	 -0.630
       9.912	 -0.690
       9.916	 -0.740
       9.920	 -0.748
       9.924	 -0.743
       9.928	 -0.723
       9.932	 -0.690
       9.936	 -0.637
       9.940	 -0.560
       9.944	 -0.468
       9.948	 -0.383
       9.952	 -0.310
       9.956	 -0.245
       9.960	 -0.180
       9.964	 -0.115
       9.968	 -0.040
       9.972	  0.020
       9.976	  0.050
       9.980	  0.077
       9.984	  0.110
       9.988	  0.147
       9.992	  0.182
       9.996	  0.220
