Elapsed_time	ECG
       0.000	 -0.375
       0.004	 -0.345
       0.008	 -0.290
       0.012	 -0.215
       0.016	 -0.207
       0.020	 -0.203
       0.024	 -0.217
       0.028	 -0.278
       0.032	 -0.300
       0.036	 -0.305
       0.040	 -0.260
       0.044	 -0.233
       0.048	 -0.247
       0.052	 -0.188
       0.056	 -0.098
       0.060	  0.035
       0.064	  0.133
       0.068	  0.170
       0.072	  0.185
       0.076	  0.185
       0.080	  0.172
       0.084	  0.193
       0.088	  0.260
       0.092	  0.312
       0.096	  0.312
       0.100	  0.278
       0.104	  0.275
       0.108	  0.292
       0.112	  0.312
       0.116	  0.275
       0.120	  0.225
       0.124	  0.170
       0.128	  0.195
       0.132	  0.237
       0.136	  0.237
       0.140	  0.193
       0.144	  0.158
       0.148	  0.165
       0.152	  0.177
       0.156	  0.163
       0.160	  0.150
       0.164	  0.113
       0.168	  0.090
       0.172	  0.087
       0.176	  0.113
       0.180	  0.155
       0.184	  0.207
       0.188	  0.233
       0.192	  0.230
       0.196	  0.163
       0.200	  0.080
       0.204	  0.043
       0.208	  0.028
       0.212	  0.058
       0.216	  0.087
       0.220	  0.072
       0.224	  0.035
       0.228	  0.037
       0.232	  0.068
       0.236	  0.147
       0.240	  0.237
       0.244	  0.253
       0.248	  0.255
       0.252	  0.275
       0.256	  0.372
       0.260	  0.623
       0.264	  0.833
       0.268	  1.020
       0.272	  1.215
       0.276	  1.455
       0.280	  1.573
       0.284	  1.528
       0.288	  1.310
       0.292	  0.875
       0.296	  0.552
       0.300	  0.432
       0.304	  0.440
       0.308	  0.448
       0.312	  0.435
       0.316	  0.510
       0.320	  0.440
       0.324	  0.120
       0.328	 -0.268
       0.332	 -0.627
       0.336	 -0.807
       0.340	 -0.838
       0.344	 -0.823
       0.348	 -0.802
       0.352	 -0.765
       0.356	 -0.630
       0.360	 -0.458
       0.364	 -0.465
       0.368	 -0.530
       0.372	 -0.560
       0.376	 -0.575
       0.380	 -0.562
       0.384	 -0.537
       0.388	 -0.560
       0.392	 -0.560
       0.396	 -0.540
       0.400	 -0.545
       0.404	 -0.540
       0.408	 -0.517
       0.412	 -0.487
       0.416	 -0.477
       0.420	 -0.507
       0.424	 -0.547
       0.428	 -0.552
       0.432	 -0.545
       0.436	 -0.507
       0.440	 -0.398
       0.444	 -0.338
       0.448	 -0.383
       0.452	 -0.427
       0.456	 -0.470
       0.460	 -0.412
       0.464	 -0.260
       0.468	 -0.090
       0.472	  0.020
       0.476	  0.052
       0.480	  0.072
       0.484	  0.155
       0.488	  0.282
       0.492	  0.395
       0.496	  0.455
       0.500	  0.472
       0.504	  0.432
       0.508	  0.357
       0.512	  0.290
       0.516	  0.285
       0.520	  0.328
       0.524	  0.343
       0.528	  0.307
       0.532	  0.237
       0.536	  0.203
       0.540	  0.247
       0.544	  0.282
       0.548	  0.245
       0.552	  0.180
       0.556	  0.117
       0.560	  0.142
       0.564	  0.215
       0.568	  0.255
       0.572	  0.230
       0.576	  0.195
       0.580	  0.207
       0.584	  0.185
       0.588	  0.110
       0.592	  0.060
       0.596	  0.075
       0.600	  0.125
       0.604	  0.312
       0.608	  0.578
       0.612	  0.772
       0.616	  0.877
       0.620	  0.950
       0.624	  0.960
       0.628	  0.927
       0.632	  0.875
       0.636	  0.762
       0.640	  0.657
       0.644	  0.552
       0.648	  0.427
       0.652	  0.338
       0.656	  0.282
       0.660	  0.268
       0.664	  0.448
       0.668	  0.645
       0.672	  0.672
       0.676	  0.405
       0.680	  0.052
       0.684	 -0.245
       0.688	 -0.507
       0.692	 -0.660
       0.696	 -0.718
       0.700	 -0.718
       0.704	 -0.635
       0.708	 -0.530
       0.712	 -0.440
       0.716	 -0.427
       0.720	 -0.427
       0.724	 -0.388
       0.728	 -0.315
       0.732	 -0.263
       0.736	 -0.237
       0.740	 -0.233
       0.744	 -0.307
       0.748	 -0.417
       0.752	 -0.432
       0.756	 -0.403
       0.760	 -0.390
       0.764	 -0.395
       0.768	 -0.440
       0.772	 -0.463
       0.776	 -0.427
       0.780	 -0.357
       0.784	 -0.300
       0.788	 -0.290
       0.792	 -0.268
       0.796	 -0.240
       0.800	 -0.247
       0.804	 -0.307
       0.808	 -0.328
       0.812	 -0.255
       0.816	 -0.147
       0.820	 -0.072
       0.824	  0.000
       0.828	  0.052
       0.832	  0.095
       0.836	  0.155
       0.840	  0.215
       0.844	  0.307
       0.848	  0.420
       0.852	  0.532
       0.856	  0.585
       0.860	  0.570
       0.864	  0.510
       0.868	  0.510
       0.872	  0.583
       0.876	  0.627
       0.880	  0.660
       0.884	  0.755
       0.888	  0.892
       0.892	  0.958
       0.896	  0.905
       0.900	  0.860
       0.904	  0.855
       0.908	  0.900
       0.912	  0.915
       0.916	  0.792
       0.920	  0.605
       0.924	  0.427
       0.928	  0.328
       0.932	  0.275
       0.936	  0.270
       0.940	  0.263
       0.944	  0.210
       0.948	  0.098
       0.952	 -0.058
       0.956	 -0.185
       0.960	 -0.215
       0.964	 -0.177
       0.968	 -0.120
       0.972	 -0.120
       0.976	 -0.135
       0.980	 -0.128
       0.984	 -0.120
       0.988	 -0.155
       0.992	 -0.180
       0.996	 -0.188
       1.000	 -0.223
       1.004	 -0.247
       1.008	 -0.240
       1.012	 -0.215
       1.016	 -0.207
       1.020	 -0.188
       1.024	 -0.200
       1.028	 -0.195
       1.032	 -0.172
       1.036	 -0.142
       1.040	 -0.102
       1.044	 -0.105
       1.048	 -0.142
       1.052	 -0.165
       1.056	 -0.203
       1.060	 -0.263
       1.064	 -0.292
       1.068	 -0.255
       1.072	 -0.185
       1.076	 -0.095
       1.080	  0.072
       1.084	  0.207
       1.088	  0.323
       1.092	  0.410
       1.096	  0.463
       1.100	  0.568
       1.104	  0.750
       1.108	  0.825
       1.112	  0.733
       1.116	  0.510
       1.120	  0.240
       1.124	  0.068
       1.128	  0.068
       1.132	  0.045
       1.136	 -0.125
       1.140	 -0.360
       1.144	 -0.578
       1.148	 -0.703
       1.152	 -0.795
       1.156	 -0.840
       1.160	 -0.875
       1.164	 -0.897
       1.168	 -0.853
       1.172	 -0.750
       1.176	 -0.657
       1.180	 -0.585
       1.184	 -0.547
       1.188	 -0.487
       1.192	 -0.417
       1.196	 -0.350
       1.200	 -0.300
       1.204	 -0.270
       1.208	 -0.260
       1.212	 -0.263
       1.216	 -0.245
       1.220	 -0.210
       1.224	 -0.185
       1.228	 -0.158
       1.232	 -0.150
       1.236	 -0.140
       1.240	 -0.147
       1.244	 -0.110
       1.248	 -0.075
       1.252	 -0.060
       1.256	 -0.060
       1.260	 -0.022
       1.264	  0.060
       1.268	  0.142
       1.272	  0.188
       1.276	  0.210
       1.280	  0.210
       1.284	  0.240
       1.288	  0.285
       1.292	  0.352
       1.296	  0.417
       1.300	  0.485
       1.304	  0.537
       1.308	  0.575
       1.312	  0.605
       1.316	  0.605
       1.320	  0.613
       1.324	  0.598
       1.328	  0.570
       1.332	  0.525
       1.336	  0.487
       1.340	  0.440
       1.344	  0.403
       1.348	  0.357
       1.352	  0.323
       1.356	  0.285
       1.360	  0.245
       1.364	  0.195
       1.368	  0.155
       1.372	  0.125
       1.376	  0.110
       1.380	  0.080
       1.384	  0.068
       1.388	  0.065
       1.392	  0.050
       1.396	  0.028
       1.400	  0.013
       1.404	 -0.020
       1.408	 -0.022
       1.412	  0.000
       1.416	  0.000
       1.420	 -0.035
       1.424	 -0.050
       1.428	 -0.045
       1.432	 -0.037
       1.436	  0.015
       1.440	  0.030
       1.444	  0.045
       1.448	  0.052
       1.452	  0.030
       1.456	  0.000
       1.460	  0.013
       1.464	  0.030
       1.468	  0.095
       1.472	  0.170
       1.476	  0.223
       1.480	  0.255
       1.484	  0.263
       1.488	  0.285
       1.492	  0.343
       1.496	  0.412
       1.500	  0.495
       1.504	  0.598
       1.508	  0.675
       1.512	  0.743
       1.516	  0.748
       1.520	  0.748
       1.524	  0.757
       1.528	  0.705
       1.532	  0.637
       1.536	  0.590
       1.540	  0.515
       1.544	  0.420
       1.548	  0.323
       1.552	  0.255
       1.556	  0.203
       1.560	  0.120
       1.564	  0.030
       1.568	 -0.060
       1.572	 -0.117
       1.576	 -0.163
       1.580	 -0.177
       1.584	 -0.207
       1.588	 -0.240
       1.592	 -0.270
       1.596	 -0.255
       1.600	 -0.237
       1.604	 -0.225
       1.608	 -0.217
       1.612	 -0.215
       1.616	 -0.200
       1.620	 -0.217
       1.624	 -0.263
       1.628	 -0.278
       1.632	 -0.297
       1.636	 -0.285
       1.640	 -0.282
       1.644	 -0.278
       1.648	 -0.275
       1.652	 -0.275
       1.656	 -0.292
       1.660	 -0.335
       1.664	 -0.398
       1.668	 -0.458
       1.672	 -0.450
       1.676	 -0.412
       1.680	 -0.425
       1.684	 -0.420
       1.688	 -0.300
       1.692	 -0.113
       1.696	  0.095
       1.700	  0.233
       1.704	  0.343
       1.708	  0.443
       1.712	  0.555
       1.716	  0.600
       1.720	  0.598
       1.724	  0.537
       1.728	  0.517
       1.732	  0.492
       1.736	  0.485
       1.740	  0.507
       1.744	  0.642
       1.748	  0.890
       1.752	  1.005
       1.756	  0.792
       1.760	  0.443
       1.764	  0.128
       1.768	 -0.150
       1.772	 -0.365
       1.776	 -0.560
       1.780	 -0.740
       1.784	 -0.807
       1.788	 -0.725
       1.792	 -0.615
       1.796	 -0.555
       1.800	 -0.560
       1.804	 -0.562
       1.808	 -0.545
       1.812	 -0.510
       1.816	 -0.492
       1.820	 -0.458
       1.824	 -0.465
       1.828	 -0.465
       1.832	 -0.450
       1.836	 -0.432
       1.840	 -0.425
       1.844	 -0.360
       1.848	 -0.240
       1.852	 -0.177
       1.856	 -0.225
       1.860	 -0.312
       1.864	 -0.417
       1.868	 -0.472
       1.872	 -0.443
       1.876	 -0.390
       1.880	 -0.390
       1.884	 -0.375
       1.888	 -0.352
       1.892	 -0.328
       1.896	 -0.315
       1.900	 -0.315
       1.904	 -0.290
       1.908	 -0.255
       1.912	 -0.240
       1.916	 -0.233
       1.920	 -0.203
       1.924	 -0.147
       1.928	 -0.075
       1.932	 -0.028
       1.936	  0.028
       1.940	  0.050
       1.944	  0.080
       1.948	  0.110
       1.952	  0.163
       1.956	  0.170
       1.960	  0.155
       1.964	  0.163
       1.968	  0.188
       1.972	  0.177
       1.976	  0.163
       1.980	  0.158
       1.984	  0.155
       1.988	  0.150
       1.992	  0.163
       1.996	  0.155
       2.000	  0.113
       2.004	  0.105
       2.008	  0.105
       2.012	  0.083
       2.016	  0.072
       2.020	  0.090
       2.024	  0.080
       2.028	  0.090
       2.032	  0.142
       2.036	  0.193
       2.040	  0.165
       2.044	  0.083
       2.048	 -0.068
       2.052	 -0.158
       2.056	 -0.147
       2.060	 -0.098
       2.064	 -0.075
       2.068	 -0.058
       2.072	 -0.045
       2.076	  0.000
       2.080	  0.030
       2.084	  0.045
       2.088	  0.037
       2.092	  0.035
       2.096	  0.080
       2.100	  0.142
       2.104	  0.142
       2.108	  0.102
       2.112	  0.083
       2.116	  0.155
       2.120	  0.403
       2.124	  0.645
       2.128	  0.833
       2.132	  0.988
       2.136	  1.167
       2.140	  1.242
       2.144	  1.298
       2.148	  1.228
       2.152	  0.975
       2.156	  0.718
       2.160	  0.552
       2.164	  0.552
       2.168	  0.690
       2.172	  0.848
       2.176	  0.950
       2.180	  0.780
       2.184	  0.365
       2.188	 -0.120
       2.192	 -0.470
       2.196	 -0.705
       2.200	 -0.853
       2.204	 -0.922
       2.208	 -0.943
       2.212	 -0.900
       2.216	 -0.802
       2.220	 -0.720
       2.224	 -0.695
       2.228	 -0.667
       2.232	 -0.665
       2.236	 -0.642
       2.240	 -0.623
       2.244	 -0.615
       2.248	 -0.623
       2.252	 -0.620
       2.256	 -0.627
       2.260	 -0.627
       2.264	 -0.645
       2.268	 -0.642
       2.272	 -0.637
       2.276	 -0.637
       2.280	 -0.642
       2.284	 -0.652
       2.288	 -0.652
       2.292	 -0.652
       2.296	 -0.652
       2.300	 -0.645
       2.304	 -0.600
       2.308	 -0.590
       2.312	 -0.568
       2.316	 -0.530
       2.320	 -0.500
       2.324	 -0.448
       2.328	 -0.372
       2.332	 -0.292
       2.336	 -0.163
       2.340	 -0.043
       2.344	  0.050
       2.348	  0.075
       2.352	  0.125
       2.356	  0.177
       2.360	  0.245
       2.364	  0.275
       2.368	  0.305
       2.372	  0.305
       2.376	  0.278
       2.380	  0.270
       2.384	  0.253
       2.388	  0.217
       2.392	  0.207
       2.396	  0.200
       2.400	  0.188
       2.404	  0.203
       2.408	  0.193
       2.412	  0.165
       2.416	  0.147
       2.420	  0.142
       2.424	  0.158
       2.428	  0.170
       2.432	  0.170
       2.436	  0.140
       2.440	  0.117
       2.444	  0.117
       2.448	  0.060
       2.452	 -0.058
       2.456	 -0.098
       2.460	  0.005
       2.464	  0.233
       2.468	  0.537
       2.472	  0.733
       2.476	  0.795
       2.480	  0.802
       2.484	  0.818
       2.488	  0.853
       2.492	  0.863
       2.496	  0.810
       2.500	  0.777
       2.504	  0.695
       2.508	  0.578
       2.512	  0.525
       2.516	  0.537
       2.520	  0.635
       2.524	  0.823
       2.528	  0.953
       2.532	  0.838
       2.536	  0.455
       2.540	  0.022
       2.544	 -0.305
       2.548	 -0.522
       2.552	 -0.652
       2.556	 -0.720
       2.560	 -0.735
       2.564	 -0.695
       2.568	 -0.620
       2.572	 -0.562
       2.576	 -0.530
       2.580	 -0.510
       2.584	 -0.448
       2.588	 -0.405
       2.592	 -0.435
       2.596	 -0.510
       2.600	 -0.545
       2.604	 -0.495
       2.608	 -0.455
       2.612	 -0.432
       2.616	 -0.448
       2.620	 -0.443
       2.624	 -0.443
       2.628	 -0.427
       2.632	 -0.417
       2.636	 -0.403
       2.640	 -0.405
       2.644	 -0.425
       2.648	 -0.465
       2.652	 -0.470
       2.656	 -0.455
       2.660	 -0.410
       2.664	 -0.365
       2.668	 -0.305
       2.672	 -0.245
       2.676	 -0.215
       2.680	 -0.177
       2.684	 -0.158
       2.688	 -0.117
       2.692	 -0.037
       2.696	  0.072
       2.700	  0.180
       2.704	  0.290
       2.708	  0.352
       2.712	  0.398
       2.716	  0.420
       2.720	  0.448
       2.724	  0.480
       2.728	  0.495
       2.732	  0.507
       2.736	  0.552
       2.740	  0.593
       2.744	  0.710
       2.748	  0.838
       2.752	  0.945
       2.756	  0.975
       2.760	  0.938
       2.764	  0.900
       2.768	  0.930
       2.772	  0.935
       2.776	  0.900
       2.780	  0.770
       2.784	  0.657
       2.788	  0.568
       2.792	  0.492
       2.796	  0.435
       2.800	  0.357
       2.804	  0.285
       2.808	  0.217
       2.812	  0.177
       2.816	  0.125
       2.820	  0.030
       2.824	 -0.068
       2.828	 -0.105
       2.832	 -0.087
       2.836	 -0.072
       2.840	 -0.113
       2.844	 -0.125
       2.848	 -0.110
       2.852	 -0.068
       2.856	  0.013
       2.860	  0.030
       2.864	 -0.058
       2.868	 -0.128
       2.872	 -0.135
       2.876	 -0.110
       2.880	 -0.095
       2.884	 -0.105
       2.888	 -0.120
       2.892	 -0.125
       2.896	 -0.133
       2.900	 -0.135
       2.904	 -0.087
       2.908	 -0.060
       2.912	  0.000
       2.916	  0.030
       2.920	  0.022
       2.924	 -0.030
       2.928	 -0.068
       2.932	 -0.090
       2.936	 -0.113
       2.940	 -0.185
       2.944	 -0.158
       2.948	  0.028
       2.952	  0.278
       2.956	  0.537
       2.960	  0.698
       2.964	  0.757
       2.968	  0.833
       2.972	  0.882
       2.976	  0.912
       2.980	  0.838
       2.984	  0.713
       2.988	  0.645
       2.992	  0.652
       2.996	  0.652
       3.000	  0.620
       3.004	  0.615
       3.008	  0.690
       3.012	  0.912
       3.016	  1.117
       3.020	  1.032
       3.024	  0.725
       3.028	  0.383
       3.032	  0.072
       3.036	 -0.172
       3.040	 -0.300
       3.044	 -0.450
       3.048	 -0.608
       3.052	 -0.615
       3.056	 -0.477
       3.060	 -0.372
       3.064	 -0.285
       3.068	 -0.285
       3.072	 -0.343
       3.076	 -0.360
       3.080	 -0.270
       3.084	 -0.217
       3.088	 -0.225
       3.092	 -0.247
       3.096	 -0.305
       3.100	 -0.357
       3.104	 -0.312
       3.108	 -0.170
       3.112	 -0.045
       3.116	 -0.045
       3.120	 -0.095
       3.124	 -0.102
       3.128	 -0.050
       3.132	  0.050
       3.136	  0.052
       3.140	 -0.120
       3.144	 -0.203
       3.148	 -0.150
       3.152	 -0.075
       3.156	 -0.022
       3.160	 -0.052
       3.164	 -0.075
       3.168	  0.000
       3.172	  0.030
       3.176	  0.095
       3.180	  0.117
       3.184	  0.102
       3.188	  0.155
       3.192	  0.200
       3.196	  0.225
       3.200	  0.230
       3.204	  0.268
       3.208	  0.245
       3.212	  0.240
       3.216	  0.350
       3.220	  0.420
       3.224	  0.365
       3.228	  0.330
       3.232	  0.268
       3.236	  0.240
       3.240	  0.282
       3.244	  0.305
       3.248	  0.270
       3.252	  0.300
       3.256	  0.395
       3.260	  0.425
       3.264	  0.278
       3.268	  0.188
       3.272	  0.147
       3.276	  0.117
       3.280	  0.217
       3.284	  0.292
       3.288	  0.233
       3.292	  0.207
       3.296	  0.245
       3.300	  0.260
       3.304	  0.240
       3.308	  0.245
       3.312	  0.180
       3.316	  0.068
       3.320	  0.030
       3.324	  0.037
       3.328	  0.125
       3.332	  0.263
       3.336	  0.388
       3.340	  0.432
       3.344	  0.417
       3.348	  0.247
       3.352	  0.155
       3.356	  0.177
       3.360	  0.268
       3.364	  0.420
       3.368	  0.537
       3.372	  0.562
       3.376	  0.608
       3.380	  0.705
       3.384	  0.907
       3.388	  0.988
       3.392	  0.943
       3.396	  0.877
       3.400	  0.772
       3.404	  0.690
       3.408	  0.667
       3.412	  0.660
       3.416	  0.593
       3.420	  0.492
       3.424	  0.448
       3.428	  0.450
       3.432	  0.360
       3.436	  0.207
       3.440	  0.083
       3.444	 -0.065
       3.448	 -0.155
       3.452	 -0.165
       3.456	 -0.120
       3.460	 -0.052
       3.464	 -0.050
       3.468	 -0.050
       3.472	  0.022
       3.476	  0.065
       3.480	  0.020
       3.484	 -0.060
       3.488	 -0.128
       3.492	 -0.217
       3.496	 -0.260
       3.500	 -0.210
       3.504	 -0.163
       3.508	 -0.072
       3.512	 -0.037
       3.516	 -0.065
       3.520	 -0.058
       3.524	 -0.058
       3.528	 -0.098
       3.532	 -0.105
       3.536	 -0.128
       3.540	 -0.193
       3.544	 -0.210
       3.548	 -0.200
       3.552	 -0.150
       3.556	 -0.072
       3.560	  0.087
       3.564	  0.253
       3.568	  0.390
       3.572	  0.472
       3.576	  0.575
       3.580	  0.718
       3.584	  0.855
       3.588	  0.960
       3.592	  0.930
       3.596	  0.840
       3.600	  0.772
       3.604	  0.657
       3.608	  0.540
       3.612	  0.552
       3.616	  0.690
       3.620	  0.995
       3.624	  1.117
       3.628	  0.922
       3.632	  0.552
       3.636	  0.247
       3.640	  0.072
       3.644	 -0.050
       3.648	 -0.215
       3.652	 -0.425
       3.656	 -0.545
       3.660	 -0.507
       3.664	 -0.458
       3.668	 -0.412
       3.672	 -0.388
       3.676	 -0.398
       3.680	 -0.403
       3.684	 -0.388
       3.688	 -0.375
       3.692	 -0.312
       3.696	 -0.217
       3.700	 -0.210
       3.704	 -0.233
       3.708	 -0.270
       3.712	 -0.275
       3.716	 -0.300
       3.720	 -0.335
       3.724	 -0.300
       3.728	 -0.253
       3.732	 -0.240
       3.736	 -0.255
       3.740	 -0.307
       3.744	 -0.315
       3.748	 -0.270
       3.752	 -0.207
       3.756	 -0.170
       3.760	 -0.195
       3.764	 -0.225
       3.768	 -0.230
       3.772	 -0.223
       3.776	 -0.185
       3.780	 -0.120
       3.784	 -0.065
       3.788	 -0.030
       3.792	  0.043
       3.796	  0.075
       3.800	  0.120
       3.804	  0.223
       3.808	  0.278
       3.812	  0.260
       3.816	  0.245
       3.820	  0.260
       3.824	  0.282
       3.828	  0.300
       3.832	  0.300
       3.836	  0.338
       3.840	  0.320
       3.844	  0.297
       3.848	  0.285
       3.852	  0.268
       3.856	  0.230
       3.860	  0.177
       3.864	  0.195
       3.868	  0.285
       3.872	  0.312
       3.876	  0.268
       3.880	  0.247
       3.884	  0.237
       3.888	  0.210
       3.892	  0.207
       3.896	  0.233
       3.900	  0.230
       3.904	  0.210
       3.908	  0.155
       3.912	  0.140
       3.916	  0.163
       3.920	  0.188
       3.924	  0.237
       3.928	  0.292
       3.932	  0.237
       3.936	  0.150
       3.940	  0.105
       3.944	  0.120
       3.948	  0.163
       3.952	  0.225
       3.956	  0.255
       3.960	  0.253
       3.964	  0.170
       3.968	  0.095
       3.972	  0.113
       3.976	  0.142
       3.980	  0.177
       3.984	  0.270
       3.988	  0.405
       3.992	  0.605
       3.996	  0.777
       4.000	  0.905
       4.004	  0.998
       4.008	  1.147
       4.012	  1.280
       4.016	  1.325
       4.020	  1.198
       4.024	  0.892
       4.028	  0.645
       4.032	  0.547
       4.036	  0.502
       4.040	  0.515
       4.044	  0.575
       4.048	  0.665
       4.052	  0.608
       4.056	  0.292
       4.060	 -0.098
       4.064	 -0.410
       4.068	 -0.575
       4.072	 -0.585
       4.076	 -0.555
       4.080	 -0.615
       4.084	 -0.665
       4.088	 -0.608
       4.092	 -0.492
       4.096	 -0.448
       4.100	 -0.450
       4.104	 -0.425
       4.108	 -0.425
       4.112	 -0.412
       4.116	 -0.383
       4.120	 -0.365
       4.124	 -0.345
       4.128	 -0.343
       4.132	 -0.383
       4.136	 -0.410
       4.140	 -0.417
       4.144	 -0.398
       4.148	 -0.390
       4.152	 -0.417
       4.156	 -0.463
       4.160	 -0.532
       4.164	 -0.560
       4.168	 -0.517
       4.172	 -0.450
       4.176	 -0.388
       4.180	 -0.345
       4.184	 -0.352
       4.188	 -0.345
       4.192	 -0.328
       4.196	 -0.270
       4.200	 -0.172
       4.204	 -0.075
       4.208	  0.028
       4.212	  0.120
       4.216	  0.203
       4.220	  0.307
       4.224	  0.405
       4.228	  0.455
       4.232	  0.443
       4.236	  0.420
       4.240	  0.367
       4.244	  0.350
       4.248	  0.330
       4.252	  0.328
       4.256	  0.330
       4.260	  0.305
       4.264	  0.253
       4.268	  0.223
       4.272	  0.207
       4.276	  0.233
       4.280	  0.260
       4.284	  0.255
       4.288	  0.247
       4.292	  0.225
       4.296	  0.203
       4.300	  0.193
       4.304	  0.185
       4.308	  0.163
       4.312	  0.128
       4.316	  0.105
       4.320	  0.035
       4.324	 -0.072
       4.328	 -0.052
       4.332	  0.090
       4.336	  0.335
       4.340	  0.615
       4.344	  0.772
       4.348	  0.838
       4.352	  0.892
       4.356	  0.958
       4.360	  1.058
       4.364	  1.055
       4.368	  0.853
       4.372	  0.613
       4.376	  0.403
       4.380	  0.278
       4.384	  0.233
       4.388	  0.263
       4.392	  0.315
       4.396	  0.390
       4.400	  0.403
       4.404	  0.147
       4.408	 -0.215
       4.412	 -0.432
       4.416	 -0.570
       4.420	 -0.613
       4.424	 -0.635
       4.428	 -0.682
       4.432	 -0.720
       4.436	 -0.672
       4.440	 -0.578
       4.444	 -0.517
       4.448	 -0.537
       4.452	 -0.545
       4.456	 -0.530
       4.460	 -0.510
       4.464	 -0.472
       4.468	 -0.432
       4.472	 -0.410
       4.476	 -0.420
       4.480	 -0.440
       4.484	 -0.435
       4.488	 -0.420
       4.492	 -0.390
       4.496	 -0.398
       4.500	 -0.455
       4.504	 -0.487
       4.508	 -0.507
       4.512	 -0.502
       4.516	 -0.495
       4.520	 -0.470
       4.524	 -0.455
       4.528	 -0.448
       4.532	 -0.417
       4.536	 -0.375
       4.540	 -0.330
       4.544	 -0.278
       4.548	 -0.188
       4.552	 -0.068
       4.556	  0.022
       4.560	  0.072
       4.564	  0.117
       4.568	  0.165
       4.572	  0.210
       4.576	  0.255
       4.580	  0.305
       4.584	  0.330
       4.588	  0.367
       4.592	  0.372
       4.596	  0.330
       4.600	  0.345
       4.604	  0.398
       4.608	  0.420
       4.612	  0.395
       4.616	  0.335
       4.620	  0.350
       4.624	  0.425
       4.628	  0.537
       4.632	  0.627
       4.636	  0.690
       4.640	  0.735
       4.644	  0.802
       4.648	  0.787
       4.652	  0.772
       4.656	  0.750
       4.660	  0.675
       4.664	  0.600
       4.668	  0.525
       4.672	  0.458
       4.676	  0.375
       4.680	  0.328
       4.684	  0.292
       4.688	  0.217
       4.692	  0.120
       4.696	  0.052
       4.700	 -0.037
       4.704	 -0.140
       4.708	 -0.245
       4.712	 -0.285
       4.716	 -0.300
       4.720	 -0.292
       4.724	 -0.263
       4.728	 -0.195
       4.732	 -0.170
       4.736	 -0.177
       4.740	 -0.207
       4.744	 -0.240
       4.748	 -0.260
       4.752	 -0.282
       4.756	 -0.292
       4.760	 -0.275
       4.764	 -0.255
       4.768	 -0.230
       4.772	 -0.203
       4.776	 -0.230
       4.780	 -0.275
       4.784	 -0.278
       4.788	 -0.255
       4.792	 -0.215
       4.796	 -0.207
       4.800	 -0.230
       4.804	 -0.225
       4.808	 -0.268
       4.812	 -0.312
       4.816	 -0.297
       4.820	 -0.230
       4.824	 -0.188
       4.828	 -0.128
       4.832	  0.035
       4.836	  0.247
       4.840	  0.350
       4.844	  0.357
       4.848	  0.350
       4.852	  0.350
       4.856	  0.335
       4.860	  0.255
       4.864	 -0.058
       4.868	 -0.522
       4.872	 -0.975
       4.876	 -1.272
       4.880	 -1.478
       4.884	 -1.625
       4.888	 -1.620
       4.892	 -1.542
       4.896	 -1.343
       4.900	 -1.160
       4.904	 -1.020
       4.908	 -0.890
       4.912	 -0.748
       4.916	 -0.635
       4.920	 -0.537
       4.924	 -0.465
       4.928	 -0.350
       4.932	 -0.260
       4.936	 -0.185
       4.940	 -0.133
       4.944	 -0.113
       4.948	 -0.105
       4.952	 -0.098
       4.956	 -0.087
       4.960	 -0.068
       4.964	 -0.043
       4.968	  0.013
       4.972	  0.045
       4.976	  0.083
       4.980	  0.113
       4.984	  0.147
       4.988	  0.180
       4.992	  0.203
       4.996	  0.255
       5.000	  0.300
       5.004	  0.360
       5.008	  0.443
       5.012	  0.562
       5.016	  0.667
       5.020	  0.743
       5.024	  0.795
       5.028	  0.848
       5.032	  0.885
       5.036	  0.920
       5.040	  0.965
       5.044	  0.995
       5.048	  0.990
       5.052	  0.983
       5.056	  0.965
       5.060	  0.945
       5.064	  0.912
       5.068	  0.855
       5.072	  0.748
       5.076	  0.627
       5.080	  0.525
       5.084	  0.470
       5.088	  0.427
       5.092	  0.365
       5.096	  0.297
       5.100	  0.195
       5.104	  0.142
       5.108	  0.113
       5.112	  0.102
       5.116	  0.080
       5.120	  0.058
       5.124	  0.058
       5.128	  0.022
       5.132	 -0.030
       5.136	 -0.043
       5.140	 -0.060
       5.144	 -0.075
       5.148	 -0.060
       5.152	 -0.037
       5.156	 -0.030
       5.160	 -0.037
       5.164	 -0.043
       5.168	 -0.028
       5.172	  0.013
       5.176	  0.045
       5.180	  0.035
       5.184	  0.015
       5.188	  0.005
       5.192	 -0.050
       5.196	 -0.060
       5.200	 -0.068
       5.204	 -0.065
       5.208	 -0.043
       5.212	  0.015
       5.216	  0.037
       5.220	  0.065
       5.224	  0.080
       5.228	  0.128
       5.232	  0.185
       5.236	  0.253
       5.240	  0.292
       5.244	  0.335
       5.248	  0.360
       5.252	  0.383
       5.256	  0.405
       5.260	  0.448
       5.264	  0.525
       5.268	  0.660
       5.272	  0.728
       5.276	  0.688
       5.280	  0.657
       5.284	  0.608
       5.288	  0.585
       5.292	  0.532
       5.296	  0.465
       5.300	  0.380
       5.304	  0.297
       5.308	  0.247
       5.312	  0.207
       5.316	  0.125
       5.320	  0.037
       5.324	 -0.075
       5.328	 -0.150
       5.332	 -0.223
       5.336	 -0.268
       5.340	 -0.247
       5.344	 -0.210
       5.348	 -0.215
       5.352	 -0.230
       5.356	 -0.285
       5.360	 -0.343
       5.364	 -0.335
       5.368	 -0.285
       5.372	 -0.300
       5.376	 -0.320
       5.380	 -0.328
       5.384	 -0.335
       5.388	 -0.323
       5.392	 -0.285
       5.396	 -0.268
       5.400	 -0.270
       5.404	 -0.268
       5.408	 -0.285
       5.412	 -0.320
       5.416	 -0.367
       5.420	 -0.395
       5.424	 -0.427
       5.428	 -0.417
       5.432	 -0.367
       5.436	 -0.372
       5.440	 -0.410
       5.444	 -0.398
       5.448	 -0.275
       5.452	 -0.075
       5.456	  0.135
       5.460	  0.263
       5.464	  0.367
       5.468	  0.465
       5.472	  0.525
       5.476	  0.570
       5.480	  0.560
       5.484	  0.502
       5.488	  0.465
       5.492	  0.412
       5.496	  0.388
       5.500	  0.465
       5.504	  0.718
       5.508	  0.958
       5.512	  0.853
       5.516	  0.465
       5.520	  0.043
       5.524	 -0.285
       5.528	 -0.455
       5.532	 -0.540
       5.536	 -0.630
       5.540	 -0.698
       5.544	 -0.680
       5.548	 -0.608
       5.552	 -0.578
       5.556	 -0.562
       5.560	 -0.560
       5.564	 -0.532
       5.568	 -0.492
       5.572	 -0.477
       5.576	 -0.472
       5.580	 -0.440
       5.584	 -0.410
       5.588	 -0.403
       5.592	 -0.398
       5.596	 -0.390
       5.600	 -0.388
       5.604	 -0.372
       5.608	 -0.372
       5.612	 -0.365
       5.616	 -0.343
       5.620	 -0.292
       5.624	 -0.270
       5.628	 -0.290
       5.632	 -0.338
       5.636	 -0.367
       5.640	 -0.345
       5.644	 -0.328
       5.648	 -0.330
       5.652	 -0.315
       5.656	 -0.312
       5.660	 -0.335
       5.664	 -0.330
       5.668	 -0.282
       5.672	 -0.223
       5.676	 -0.165
       5.680	 -0.102
       5.684	 -0.087
       5.688	 -0.043
       5.692	  0.068
       5.696	  0.163
       5.700	  0.165
       5.704	  0.142
       5.708	  0.140
       5.712	  0.150
       5.716	  0.188
       5.720	  0.237
       5.724	  0.230
       5.728	  0.203
       5.732	  0.193
       5.736	  0.188
       5.740	  0.180
       5.744	  0.185
       5.748	  0.177
       5.752	  0.140
       5.756	  0.095
       5.760	  0.058
       5.764	  0.045
       5.768	  0.072
       5.772	  0.105
       5.776	  0.117
       5.780	  0.117
       5.784	  0.125
       5.788	  0.133
       5.792	  0.125
       5.796	  0.120
       5.800	  0.083
       5.804	  0.050
       5.808	  0.013
       5.812	  0.013
       5.816	  0.015
       5.820	  0.013
       5.824	 -0.030
       5.828	 -0.035
       5.832	  0.007
       5.836	  0.050
       5.840	  0.065
       5.844	  0.052
       5.848	  0.030
       5.852	  0.007
       5.856	  0.052
       5.860	  0.120
       5.864	  0.117
       5.868	  0.133
       5.872	  0.180
       5.876	  0.312
       5.880	  0.583
       5.884	  0.757
       5.888	  0.875
       5.892	  1.018
       5.896	  1.177
       5.900	  1.258
       5.904	  1.340
       5.908	  1.190
       5.912	  0.890
       5.916	  0.630
       5.920	  0.510
       5.924	  0.502
       5.928	  0.590
       5.932	  0.757
       5.936	  0.838
       5.940	  0.620
       5.944	  0.180
       5.948	 -0.343
       5.952	 -0.667
       5.956	 -0.807
       5.960	 -0.838
       5.964	 -0.848
       5.968	 -0.833
       5.972	 -0.765
       5.976	 -0.695
       5.980	 -0.615
       5.984	 -0.608
       5.988	 -0.642
       5.992	 -0.608
       5.996	 -0.552
       6.000	 -0.545
       6.004	 -0.532
       6.008	 -0.517
       6.012	 -0.530
       6.016	 -0.545
       6.020	 -0.585
       6.024	 -0.615
       6.028	 -0.605
       6.032	 -0.585
       6.036	 -0.575
       6.040	 -0.583
       6.044	 -0.590
       6.048	 -0.585
       6.052	 -0.578
       6.056	 -0.545
       6.060	 -0.500
       6.064	 -0.502
       6.068	 -0.485
       6.072	 -0.458
       6.076	 -0.450
       6.080	 -0.440
       6.084	 -0.412
       6.088	 -0.357
       6.092	 -0.270
       6.096	 -0.150
       6.100	 -0.060
       6.104	  0.043
       6.108	  0.110
       6.112	  0.207
       6.116	  0.305
       6.120	  0.357
       6.124	  0.350
       6.128	  0.323
       6.132	  0.290
       6.136	  0.297
       6.140	  0.292
       6.144	  0.297
       6.148	  0.275
       6.152	  0.233
       6.156	  0.188
       6.160	  0.147
       6.164	  0.142
       6.168	  0.170
       6.172	  0.177
       6.176	  0.195
       6.180	  0.203
       6.184	  0.172
       6.188	  0.142
       6.192	  0.150
       6.196	  0.147
       6.200	  0.125
       6.204	  0.087
       6.208	 -0.043
       6.212	 -0.135
       6.216	 -0.113
       6.220	  0.028
       6.224	  0.282
       6.228	  0.570
       6.232	  0.740
       6.236	  0.810
       6.240	  0.838
       6.244	  0.840
       6.248	  0.855
       6.252	  0.868
       6.256	  0.825
       6.260	  0.787
       6.264	  0.705
       6.268	  0.575
       6.272	  0.470
       6.276	  0.417
       6.280	  0.495
       6.284	  0.695
       6.288	  0.855
       6.292	  0.810
       6.296	  0.525
       6.300	  0.090
       6.304	 -0.285
       6.308	 -0.515
       6.312	 -0.637
       6.316	 -0.688
       6.320	 -0.688
       6.324	 -0.660
       6.328	 -0.600
       6.332	 -0.517
       6.336	 -0.465
       6.340	 -0.470
       6.344	 -0.487
       6.348	 -0.510
       6.352	 -0.502
       6.356	 -0.480
       6.360	 -0.455
       6.364	 -0.403
       6.368	 -0.375
       6.372	 -0.388
       6.376	 -0.405
       6.380	 -0.425
       6.384	 -0.435
       6.388	 -0.425
       6.392	 -0.427
       6.396	 -0.435
       6.400	 -0.465
       6.404	 -0.495
       6.408	 -0.507
       6.412	 -0.470
       6.416	 -0.448
       6.420	 -0.465
       6.424	 -0.465
       6.428	 -0.405
       6.432	 -0.338
       6.436	 -0.285
       6.440	 -0.230
       6.444	 -0.163
       6.448	 -0.105
       6.452	 -0.030
       6.456	  0.052
       6.460	  0.110
       6.464	  0.150
       6.468	  0.207
       6.472	  0.292
       6.476	  0.390
       6.480	  0.472
       6.484	  0.552
       6.488	  0.605
       6.492	  0.593
       6.496	  0.585
       6.500	  0.593
       6.504	  0.645
       6.508	  0.713
       6.512	  0.787
       6.516	  0.890
       6.520	  0.920
       6.524	  0.885
       6.528	  0.882
       6.532	  0.855
       6.536	  0.802
       6.540	  0.718
       6.544	  0.615
       6.548	  0.540
       6.552	  0.487
       6.556	  0.448
       6.560	  0.367
       6.564	  0.255
       6.568	  0.165
       6.572	  0.068
       6.576	 -0.030
       6.580	 -0.072
       6.584	 -0.102
       6.588	 -0.105
       6.592	 -0.120
       6.596	 -0.165
       6.600	 -0.225
       6.604	 -0.237
       6.608	 -0.230
       6.612	 -0.210
       6.616	 -0.185
       6.620	 -0.172
       6.624	 -0.165
       6.628	 -0.158
       6.632	 -0.165
       6.636	 -0.147
       6.640	 -0.135
       6.644	 -0.128
       6.648	 -0.142
       6.652	 -0.163
       6.656	 -0.180
       6.660	 -0.203
       6.664	 -0.195
       6.668	 -0.163
       6.672	 -0.172
       6.676	 -0.223
       6.680	 -0.275
       6.684	 -0.328
       6.688	 -0.388
       6.692	 -0.398
       6.696	 -0.360
       6.700	 -0.320
       6.704	 -0.275
       6.708	 -0.188
       6.712	 -0.030
       6.716	  0.180
       6.720	  0.380
       6.724	  0.570
       6.728	  0.838
       6.732	  1.087
       6.736	  1.205
       6.740	  1.058
       6.744	  0.757
       6.748	  0.570
       6.752	  0.675
       6.756	  0.950
       6.760	  1.238
       6.764	  1.260
       6.768	  0.890
       6.772	  0.352
       6.776	 -0.128
       6.780	 -0.427
       6.784	 -0.598
       6.788	 -0.665
       6.792	 -0.690
       6.796	 -0.725
       6.800	 -0.710
       6.804	 -0.620
       6.808	 -0.530
       6.812	 -0.480
       6.816	 -0.470
       6.820	 -0.412
       6.824	 -0.357
       6.828	 -0.335
       6.832	 -0.328
       6.836	 -0.300
       6.840	 -0.297
       6.844	 -0.323
       6.848	 -0.375
       6.852	 -0.383
       6.856	 -0.345
       6.860	 -0.305
       6.864	 -0.290
       6.868	 -0.282
       6.872	 -0.297
       6.876	 -0.300
       6.880	 -0.292
       6.884	 -0.305
       6.888	 -0.290
       6.892	 -0.270
       6.896	 -0.255
       6.900	 -0.255
       6.904	 -0.253
       6.908	 -0.245
       6.912	 -0.233
       6.916	 -0.207
       6.920	 -0.158
       6.924	 -0.113
       6.928	 -0.050
       6.932	  0.060
       6.936	  0.177
       6.940	  0.260
       6.944	  0.300
       6.948	  0.307
       6.952	  0.330
       6.956	  0.365
       6.960	  0.375
       6.964	  0.388
       6.968	  0.388
       6.972	  0.365
       6.976	  0.335
       6.980	  0.290
       6.984	  0.260
       6.988	  0.233
       6.992	  0.223
       6.996	  0.223
       7.000	  0.207
       7.004	  0.193
       7.008	  0.158
       7.012	  0.172
       7.016	  0.172
       7.020	  0.135
       7.024	  0.135
       7.028	  0.133
       7.032	  0.128
       7.036	  0.128
       7.040	  0.128
       7.044	  0.117
       7.048	  0.087
       7.052	  0.095
       7.056	  0.105
       7.060	  0.090
       7.064	  0.072
       7.068	  0.068
       7.072	  0.065
       7.076	  0.072
       7.080	  0.080
       7.084	  0.072
       7.088	  0.060
       7.092	  0.075
       7.096	  0.128
       7.100	  0.165
       7.104	  0.223
       7.108	  0.275
       7.112	  0.285
       7.116	  0.323
       7.120	  0.345
       7.124	  0.360
       7.128	  0.403
       7.132	  0.425
       7.136	  0.495
       7.140	  0.605
       7.144	  0.733
       7.148	  0.807
       7.152	  0.787
       7.156	  0.765
       7.160	  0.740
       7.164	  0.725
       7.168	  0.718
       7.172	  0.688
       7.176	  0.600
       7.180	  0.487
       7.184	  0.388
       7.188	  0.307
       7.192	  0.233
       7.196	  0.142
       7.200	  0.020
       7.204	 -0.083
       7.208	 -0.158
       7.212	 -0.165
       7.216	 -0.142
       7.220	 -0.135
       7.224	 -0.163
       7.228	 -0.170
       7.232	 -0.172
       7.236	 -0.163
       7.240	 -0.172
       7.244	 -0.185
       7.248	 -0.188
       7.252	 -0.203
       7.256	 -0.215
       7.260	 -0.233
       7.264	 -0.230
       7.268	 -0.225
       7.272	 -0.195
       7.276	 -0.155
       7.280	 -0.140
       7.284	 -0.180
       7.288	 -0.230
       7.292	 -0.270
       7.296	 -0.290
       7.300	 -0.330
       7.304	 -0.372
       7.308	 -0.372
       7.312	 -0.388
       7.316	 -0.435
       7.320	 -0.412
       7.324	 -0.285
       7.328	 -0.080
       7.332	  0.102
       7.336	  0.253
       7.340	  0.375
       7.344	  0.465
       7.348	  0.568
       7.352	  0.672
       7.356	  0.713
       7.360	  0.688
       7.364	  0.645
       7.368	  0.598
       7.372	  0.575
       7.376	  0.600
       7.380	  0.802
       7.384	  1.025
       7.388	  0.968
       7.392	  0.613
       7.396	  0.163
       7.400	 -0.217
       7.404	 -0.417
       7.408	 -0.510
       7.412	 -0.605
       7.416	 -0.705
       7.420	 -0.720
       7.424	 -0.652
       7.428	 -0.585
       7.432	 -0.525
       7.436	 -0.487
       7.440	 -0.480
       7.444	 -0.480
       7.448	 -0.477
       7.452	 -0.448
       7.456	 -0.412
       7.460	 -0.372
       7.464	 -0.367
       7.468	 -0.375
       7.472	 -0.367
       7.476	 -0.350
       7.480	 -0.320
       7.484	 -0.292
       7.488	 -0.278
       7.492	 -0.275
       7.496	 -0.275
       7.500	 -0.290
       7.504	 -0.270
       7.508	 -0.253
       7.512	 -0.237
       7.516	 -0.245
       7.520	 -0.268
       7.524	 -0.278
       7.528	 -0.260
       7.532	 -0.240
       7.536	 -0.210
       7.540	 -0.195
       7.544	 -0.203
       7.548	 -0.188
       7.552	 -0.125
       7.556	 -0.050
       7.560	  0.037
       7.564	  0.098
       7.568	  0.155
       7.572	  0.203
       7.576	  0.247
       7.580	  0.292
       7.584	  0.320
       7.588	  0.328
       7.592	  0.335
       7.596	  0.330
       7.600	  0.268
       7.604	  0.240
       7.608	  0.253
       7.612	  0.260
       7.616	  0.278
       7.620	  0.297
       7.624	  0.270
       7.628	  0.253
       7.632	  0.233
       7.636	  0.225
       7.640	  0.215
       7.644	  0.215
       7.648	  0.188
       7.652	  0.165
       7.656	  0.150
       7.660	  0.135
       7.664	  0.133
       7.668	  0.142
       7.672	  0.142
       7.676	  0.133
       7.680	  0.128
       7.684	  0.135
       7.688	  0.140
       7.692	  0.117
       7.696	  0.117
       7.700	  0.095
       7.704	  0.068
       7.708	  0.050
       7.712	  0.058
       7.716	  0.083
       7.720	  0.110
       7.724	  0.113
       7.728	  0.128
       7.732	  0.188
       7.736	  0.268
       7.740	  0.352
       7.744	  0.403
       7.748	  0.410
       7.752	  0.443
       7.756	  0.480
       7.760	  0.522
       7.764	  0.552
       7.768	  0.600
       7.772	  0.705
       7.776	  0.785
       7.780	  0.802
       7.784	  0.815
       7.788	  0.802
       7.792	  0.750
       7.796	  0.695
       7.800	  0.613
       7.804	  0.552
       7.808	  0.480
       7.812	  0.425
       7.816	  0.350
       7.820	  0.278
       7.824	  0.215
       7.828	  0.147
       7.832	  0.083
       7.836	 -0.045
       7.840	 -0.165
       7.844	 -0.170
       7.848	 -0.165
       7.852	 -0.185
       7.856	 -0.170
       7.860	 -0.150
       7.864	 -0.133
       7.868	 -0.133
       7.872	 -0.133
       7.876	 -0.117
       7.880	 -0.120
       7.884	 -0.150
       7.888	 -0.172
       7.892	 -0.193
       7.896	 -0.193
       7.900	 -0.165
       7.904	 -0.150
       7.908	 -0.155
       7.912	 -0.170
       7.916	 -0.170
       7.920	 -0.170
       7.924	 -0.217
       7.928	 -0.285
       7.932	 -0.292
       7.936	 -0.247
       7.940	 -0.285
       7.944	 -0.328
       7.948	 -0.233
       7.952	 -0.068
       7.956	  0.113
       7.960	  0.263
       7.964	  0.398
       7.968	  0.502
       7.972	  0.585
       7.976	  0.657
       7.980	  0.705
       7.984	  0.733
       7.988	  0.748
       7.992	  0.725
       7.996	  0.665
       8.000	  0.630
       8.004	  0.757
       8.008	  1.028
       8.012	  1.137
       8.016	  0.870
       8.020	  0.435
       8.024	  0.050
       8.028	 -0.230
       8.032	 -0.395
       8.036	 -0.522
       8.040	 -0.630
       8.044	 -0.660
       8.048	 -0.585
       8.052	 -0.495
       8.056	 -0.463
       8.060	 -0.487
       8.064	 -0.510
       8.068	 -0.495
       8.072	 -0.440
       8.076	 -0.417
       8.080	 -0.410
       8.084	 -0.390
       8.088	 -0.343
       8.092	 -0.315
       8.096	 -0.300
       8.100	 -0.292
       8.104	 -0.275
       8.108	 -0.270
       8.112	 -0.300
       8.116	 -0.312
       8.120	 -0.300
       8.124	 -0.285
       8.128	 -0.240
       8.132	 -0.225
       8.136	 -0.247
       8.140	 -0.282
       8.144	 -0.278
       8.148	 -0.270
       8.152	 -0.245
       8.156	 -0.230
       8.160	 -0.215
       8.164	 -0.193
       8.168	 -0.180
       8.172	 -0.165
       8.176	 -0.120
       8.180	 -0.060
       8.184	  0.000
       8.188	  0.060
       8.192	  0.105
       8.196	  0.163
       8.200	  0.230
       8.204	  0.270
       8.208	  0.275
       8.212	  0.297
       8.216	  0.335
       8.220	  0.367
       8.224	  0.367
       8.228	  0.335
       8.232	  0.282
       8.236	  0.260
       8.240	  0.275
       8.244	  0.297
       8.248	  0.278
       8.252	  0.245
       8.256	  0.233
       8.260	  0.240
       8.264	  0.253
       8.268	  0.240
       8.272	  0.217
       8.276	  0.203
       8.280	  0.215
       8.284	  0.225
       8.288	  0.223
       8.292	  0.217
       8.296	  0.210
       8.300	  0.210
       8.304	  0.233
       8.308	  0.225
       8.312	  0.215
       8.316	  0.200
       8.320	  0.172
       8.324	  0.133
       8.328	  0.120
       8.332	  0.105
       8.336	  0.120
       8.340	  0.142
       8.344	  0.155
       8.348	  0.147
       8.352	  0.135
       8.356	  0.102
       8.360	  0.105
       8.364	  0.172
       8.368	  0.223
       8.372	  0.245
       8.376	  0.305
       8.380	  0.455
       8.384	  0.720
       8.388	  0.922
       8.392	  1.095
       8.396	  1.347
       8.400	  1.560
       8.404	  1.670
       8.408	  1.575
       8.412	  1.198
       8.416	  0.815
       8.420	  0.630
       8.424	  0.593
       8.428	  0.682
       8.432	  0.743
       8.436	  0.725
       8.440	  0.480
       8.444	  0.028
       8.448	 -0.410
       8.452	 -0.718
       8.456	 -0.870
       8.460	 -0.870
       8.464	 -0.840
       8.468	 -0.818
       8.472	 -0.762
       8.476	 -0.650
       8.480	 -0.545
       8.484	 -0.507
       8.488	 -0.472
       8.492	 -0.420
       8.496	 -0.375
       8.500	 -0.375
       8.504	 -0.375
       8.508	 -0.410
       8.512	 -0.440
       8.516	 -0.465
       8.520	 -0.450
       8.524	 -0.440
       8.528	 -0.405
       8.532	 -0.417
       8.536	 -0.405
       8.540	 -0.420
       8.544	 -0.455
       8.548	 -0.458
       8.552	 -0.448
       8.556	 -0.435
       8.560	 -0.443
       8.564	 -0.440
       8.568	 -0.435
       8.572	 -0.412
       8.576	 -0.345
       8.580	 -0.260
       8.584	 -0.215
       8.588	 -0.155
       8.592	 -0.037
       8.596	  0.105
       8.600	  0.165
       8.604	  0.237
       8.608	  0.315
       8.612	  0.372
       8.616	  0.420
       8.620	  0.465
       8.624	  0.465
       8.628	  0.477
       8.632	  0.487
       8.636	  0.463
       8.640	  0.403
       8.644	  0.338
       8.648	  0.285
       8.652	  0.270
       8.656	  0.270
       8.660	  0.268
       8.664	  0.247
       8.668	  0.240
       8.672	  0.245
       8.676	  0.268
       8.680	  0.268
       8.684	  0.233
       8.688	  0.225
       8.692	  0.170
       8.696	  0.133
       8.700	  0.117
       8.704	  0.102
       8.708	  0.007
       8.712	 -0.043
       8.716	  0.030
       8.720	  0.193
       8.724	  0.465
       8.728	  0.703
       8.732	  0.830
       8.736	  0.912
       8.740	  0.950
       8.744	  0.958
       8.748	  0.983
       8.752	  0.958
       8.756	  0.868
       8.760	  0.762
       8.764	  0.590
       8.768	  0.440
       8.772	  0.398
       8.776	  0.465
       8.780	  0.642
       8.784	  0.772
       8.788	  0.795
       8.792	  0.507
       8.796	  0.045
       8.800	 -0.330
       8.804	 -0.525
       8.808	 -0.635
       8.812	 -0.680
       8.816	 -0.710
       8.820	 -0.703
       8.824	 -0.627
       8.828	 -0.532
       8.832	 -0.472
       8.836	 -0.463
       8.840	 -0.470
       8.844	 -0.425
       8.848	 -0.395
       8.852	 -0.390
       8.856	 -0.398
       8.860	 -0.375
       8.864	 -0.335
       8.868	 -0.335
       8.872	 -0.352
       8.876	 -0.357
       8.880	 -0.335
       8.884	 -0.328
       8.888	 -0.320
       8.892	 -0.315
       8.896	 -0.335
       8.900	 -0.383
       8.904	 -0.398
       8.908	 -0.380
       8.912	 -0.372
       8.916	 -0.357
       8.920	 -0.328
       8.924	 -0.300
       8.928	 -0.253
       8.932	 -0.180
       8.936	 -0.105
       8.940	 -0.050
       8.944	  0.050
       8.948	  0.125
       8.952	  0.195
       8.956	  0.270
       8.960	  0.300
       8.964	  0.335
       8.968	  0.365
       8.972	  0.403
       8.976	  0.420
       8.980	  0.432
       8.984	  0.390
       8.988	  0.360
       8.992	  0.390
       8.996	  0.455
       9.000	  0.530
       9.004	  0.598
       9.008	  0.608
       9.012	  0.615
       9.016	  0.645
       9.020	  0.690
       9.024	  0.743
       9.028	  0.833
       9.032	  0.935
       9.036	  0.968
       9.040	  0.935
       9.044	  0.882
       9.048	  0.810
       9.052	  0.757
       9.056	  0.705
       9.060	  0.657
       9.064	  0.547
       9.068	  0.420
       9.072	  0.338
       9.076	  0.268
       9.080	  0.210
       9.084	  0.158
       9.088	  0.117
       9.092	  0.030
       9.096	 -0.043
       9.100	 -0.065
       9.104	 -0.052
       9.108	 -0.058
       9.112	 -0.087
       9.116	 -0.113
       9.120	 -0.095
       9.124	 -0.080
       9.128	 -0.050
       9.132	 -0.045
       9.136	 -0.068
       9.140	 -0.102
       9.144	 -0.165
       9.148	 -0.247
       9.152	 -0.263
       9.156	 -0.233
       9.160	 -0.215
       9.164	 -0.203
       9.168	 -0.217
       9.172	 -0.268
       9.176	 -0.245
       9.180	 -0.172
       9.184	 -0.098
       9.188	 -0.028
       9.192	  0.253
       9.196	  0.680
       9.200	  0.980
       9.204	  1.125
       9.208	  1.115
       9.212	  1.123
       9.216	  1.183
       9.220	  1.288
       9.224	  1.395
       9.228	  1.290
       9.232	  0.890
       9.236	  0.472
       9.240	  0.087
       9.244	 -0.323
       9.248	 -0.570
       9.252	 -0.645
       9.256	 -0.733
       9.260	 -0.815
       9.264	 -0.823
       9.268	 -0.772
       9.272	 -0.713
       9.276	 -0.667
       9.280	 -0.600
       9.284	 -0.560
       9.288	 -0.502
       9.292	 -0.458
       9.296	 -0.477
       9.300	 -0.500
       9.304	 -0.492
       9.308	 -0.510
       9.312	 -0.480
       9.316	 -0.450
       9.320	 -0.432
       9.324	 -0.417
       9.328	 -0.412
       9.332	 -0.425
       9.336	 -0.420
       9.340	 -0.405
       9.344	 -0.398
       9.348	 -0.375
       9.352	 -0.343
       9.356	 -0.323
       9.360	 -0.307
       9.364	 -0.315
       9.368	 -0.338
       9.372	 -0.345
       9.376	 -0.343
       9.380	 -0.330
       9.384	 -0.282
       9.388	 -0.200
       9.392	 -0.098
       9.396	  0.000
       9.400	  0.030
       9.404	  0.087
       9.408	  0.125
       9.412	  0.193
       9.416	  0.290
       9.420	  0.372
       9.424	  0.390
       9.428	  0.417
       9.432	  0.410
       9.436	  0.398
       9.440	  0.375
       9.444	  0.345
       9.448	  0.307
       9.452	  0.292
       9.456	  0.297
       9.460	  0.282
       9.464	  0.270
       9.468	  0.245
       9.472	  0.223
       9.476	  0.203
       9.480	  0.207
       9.484	  0.207
       9.488	  0.200
       9.492	  0.163
       9.496	  0.147
       9.500	  0.113
       9.504	  0.117
       9.508	  0.120
       9.512	  0.120
       9.516	  0.105
       9.520	  0.102
       9.524	  0.090
       9.528	  0.068
       9.532	  0.050
       9.536	  0.072
       9.540	  0.058
       9.544	  0.068
       9.548	  0.060
       9.552	 -0.028
       9.556	 -0.075
       9.560	 -0.035
       9.564	  0.035
       9.568	  0.052
       9.572	  0.065
       9.576	  0.090
       9.580	  0.180
       9.584	  0.425
       9.588	  0.710
       9.592	  0.935
       9.596	  1.095
       9.600	  1.185
       9.604	  1.117
       9.608	  0.870
       9.612	  0.590
       9.616	  0.345
       9.620	  0.237
       9.624	  0.315
       9.628	  0.502
       9.632	  0.635
       9.636	  0.515
       9.640	  0.158
       9.644	 -0.315
       9.648	 -0.698
       9.652	 -0.897
       9.656	 -0.965
       9.660	 -0.973
       9.664	 -0.958
       9.668	 -0.935
       9.672	 -0.853
       9.676	 -0.755
       9.680	 -0.695
       9.684	 -0.650
       9.688	 -0.583
       9.692	 -0.502
       9.696	 -0.472
       9.700	 -0.500
       9.704	 -0.522
       9.708	 -0.532
       9.712	 -0.510
       9.716	 -0.487
       9.720	 -0.472
       9.724	 -0.487
       9.728	 -0.515
       9.732	 -0.545
       9.736	 -0.517
       9.740	 -0.507
       9.744	 -0.510
       9.748	 -0.500
       9.752	 -0.480
       9.756	 -0.448
       9.760	 -0.432
       9.764	 -0.417
       9.768	 -0.405
       9.772	 -0.388
       9.776	 -0.320
       9.780	 -0.237
       9.784	 -0.172
       9.788	 -0.080
       9.792	  0.050
       9.796	  0.142
       9.800	  0.225
       9.804	  0.330
       9.808	  0.403
       9.812	  0.435
       9.816	  0.432
       9.820	  0.450
       9.824	  0.465
       9.828	  0.465
       9.832	  0.443
       9.836	  0.412
       9.840	  0.395
       9.844	  0.388
       9.848	  0.425
       9.852	  0.425
       9.856	  0.330
       9.860	  0.158
       9.864	 -0.028
       9.868	 -0.165
       9.872	 -0.245
       9.876	 -0.270
       9.880	 -0.312
       9.884	 -0.480
       9.888	 -0.695
       9.892	 -0.945
       9.896	 -1.230
       9.900	 -1.538
       9.904	 -1.782
       9.908	 -1.925
       9.912	 -2.007
       9.916	 -2.047
       9.920	 -2.070
       9.924	 -2.127
       9.928	 -2.145
       9.932	 -2.053
       9.936	 -1.875
       9.940	 -1.573
       9.944	 -1.245
       9.948	 -1.065
       9.952	 -0.998
       9.956	 -1.020
       9.960	 -1.087
       9.964	 -1.167
       9.968	 -1.265
       9.972	 -1.410
       9.976	 -1.470
       9.980	 -1.452
       9.984	 -1.333
       9.988	 -1.115
       9.992	 -0.900
       9.996	 -0.657
