Elapsed_time	ECG
       0.000	  0.064
       0.004	  0.072
       0.008	  0.084
       0.012	  0.104
       0.016	  0.109
       0.020	  0.120
       0.024	  0.134
       0.028	  0.149
       0.032	  0.161
       0.036	  0.169
       0.040	  0.179
       0.044	  0.180
       0.048	  0.189
       0.052	  0.189
       0.056	  0.190
       0.060	  0.189
       0.064	  0.194
       0.068	  0.198
       0.072	  0.193
       0.076	  0.188
       0.080	  0.176
       0.084	  0.171
       0.088	  0.158
       0.092	  0.144
       0.096	  0.136
       0.100	  0.136
       0.104	  0.133
       0.108	  0.117
       0.112	  0.115
       0.116	  0.115
       0.120	  0.120
       0.124	  0.117
       0.128	  0.115
       0.132	  0.119
       0.136	  0.114
       0.140	  0.111
       0.144	  0.101
       0.148	  0.096
       0.152	  0.090
       0.156	  0.086
       0.160	  0.075
       0.164	  0.065
       0.168	  0.070
       0.172	  0.074
       0.176	  0.080
       0.180	  0.076
       0.184	  0.084
       0.188	  0.092
       0.192	  0.102
       0.196	  0.109
       0.200	  0.117
       0.204	  0.133
       0.208	  0.141
       0.212	  0.140
       0.216	  0.126
       0.220	  0.128
       0.224	  0.129
       0.228	  0.120
       0.232	  0.098
       0.236	  0.062
       0.240	  0.039
       0.244	  0.026
       0.248	  0.031
       0.252	  0.037
       0.256	  0.048
       0.260	  0.051
       0.264	  0.050
       0.268	  0.048
       0.272	  0.048
       0.276	  0.050
       0.280	  0.046
       0.284	  0.041
       0.288	  0.033
       0.292	  0.034
       0.296	  0.037
       0.300	  0.040
       0.304	  0.039
       0.308	  0.040
       0.312	  0.046
       0.316	  0.043
       0.320	  0.040
       0.324	  0.035
       0.328	  0.039
       0.332	  0.045
       0.336	  0.048
       0.340	  0.055
       0.344	  0.059
       0.348	  0.070
       0.352	  0.075
       0.356	  0.075
       0.360	  0.080
       0.364	  0.094
       0.368	  0.110
       0.372	  0.114
       0.376	  0.117
       0.380	  0.116
       0.384	  0.119
       0.388	  0.113
       0.392	  0.104
       0.396	  0.091
       0.400	  0.085
       0.404	  0.080
       0.408	  0.064
       0.412	  0.040
       0.416	  0.021
       0.420	  0.010
       0.424	 -0.003
       0.428	 -0.015
       0.432	 -0.020
       0.436	 -0.020
       0.440	 -0.016
       0.444	 -0.021
       0.448	 -0.026
       0.452	 -0.025
       0.456	 -0.022
       0.460	 -0.018
       0.464	 -0.025
       0.468	 -0.021
       0.472	 -0.013
       0.476	 -0.003
       0.480	 -0.001
       0.484	  0.000
       0.488	  0.007
       0.492	  0.020
       0.496	  0.024
       0.500	  0.024
       0.504	  0.035
       0.508	  0.058
       0.512	  0.087
       0.516	  0.125
       0.520	  0.193
       0.524	  0.281
       0.528	  0.381
       0.532	  0.460
       0.536	  0.512
       0.540	  0.541
       0.544	  0.530
       0.548	  0.492
       0.552	  0.404
       0.556	  0.325
       0.560	  0.259
       0.564	  0.207
       0.568	  0.158
       0.572	  0.107
       0.576	  0.077
       0.580	  0.061
       0.584	  0.058
       0.588	  0.052
       0.592	  0.050
       0.596	  0.055
       0.600	  0.062
       0.604	  0.059
       0.608	  0.050
       0.612	  0.058
       0.616	  0.072
       0.620	  0.094
       0.624	  0.100
       0.628	  0.087
       0.632	  0.065
       0.636	  0.043
       0.640	  0.021
       0.644	 -0.005
       0.648	 -0.015
       0.652	 -0.026
       0.656	 -0.051
       0.660	 -0.085
       0.664	 -0.100
       0.668	 -0.089
       0.672	 -0.094
       0.676	 -0.107
       0.680	 -0.124
       0.684	 -0.130
       0.688	 -0.125
       0.692	 -0.117
       0.696	 -0.117
       0.700	 -0.129
       0.704	 -0.142
       0.708	 -0.150
       0.712	 -0.158
       0.716	 -0.160
       0.720	 -0.164
       0.724	 -0.164
       0.728	 -0.168
       0.732	 -0.170
       0.736	 -0.170
       0.740	 -0.165
       0.744	 -0.155
       0.748	 -0.150
       0.752	 -0.142
       0.756	 -0.135
       0.760	 -0.121
       0.764	 -0.115
       0.768	 -0.104
       0.772	 -0.085
       0.776	 -0.062
       0.780	 -0.040
       0.784	 -0.021
       0.788	 -0.007
       0.792	  0.004
       0.796	  0.016
       0.800	  0.024
       0.804	  0.034
       0.808	  0.043
       0.812	  0.056
       0.816	  0.065
       0.820	  0.074
       0.824	  0.081
       0.828	  0.085
       0.832	  0.085
       0.836	  0.079
       0.840	  0.075
       0.844	  0.069
       0.848	  0.068
       0.852	  0.065
       0.856	  0.066
       0.860	  0.070
       0.864	  0.075
       0.868	  0.076
       0.872	  0.077
       0.876	  0.079
       0.880	  0.075
       0.884	  0.074
       0.888	  0.069
       0.892	  0.068
       0.896	  0.069
       0.900	  0.071
       0.904	  0.076
       0.908	  0.079
       0.912	  0.087
       0.916	  0.094
       0.920	  0.104
       0.924	  0.096
       0.928	  0.081
       0.932	  0.066
       0.936	  0.058
       0.940	  0.052
       0.944	  0.041
       0.948	  0.034
       0.952	  0.022
       0.956	  0.007
       0.960	 -0.015
       0.964	 -0.028
       0.968	 -0.026
       0.972	 -0.030
       0.976	 -0.025
       0.980	 -0.022
       0.984	 -0.028
       0.988	 -0.036
       0.992	 -0.044
       0.996	 -0.046
       1.000	 -0.055
       1.004	 -0.061
       1.008	 -0.068
       1.012	 -0.074
       1.016	 -0.077
       1.020	 -0.080
       1.024	 -0.080
       1.028	 -0.084
       1.032	 -0.089
       1.036	 -0.101
       1.040	 -0.110
       1.044	 -0.116
       1.048	 -0.130
       1.052	 -0.138
       1.056	 -0.141
       1.060	 -0.139
       1.064	 -0.141
       1.068	 -0.145
       1.072	 -0.147
       1.076	 -0.155
       1.080	 -0.161
       1.084	 -0.172
       1.088	 -0.179
       1.092	 -0.194
       1.096	 -0.198
       1.100	 -0.199
       1.104	 -0.196
       1.108	 -0.189
       1.112	 -0.182
       1.116	 -0.180
       1.120	 -0.184
       1.124	 -0.185
       1.128	 -0.184
       1.132	 -0.177
       1.136	 -0.175
       1.140	 -0.180
       1.144	 -0.185
       1.148	 -0.190
       1.152	 -0.193
       1.156	 -0.203
       1.160	 -0.211
       1.164	 -0.217
       1.168	 -0.224
       1.172	 -0.224
       1.176	 -0.224
       1.180	 -0.229
       1.184	 -0.237
       1.188	 -0.242
       1.192	 -0.247
       1.196	 -0.247
       1.200	 -0.249
       1.204	 -0.245
       1.208	 -0.245
       1.212	 -0.247
       1.216	 -0.244
       1.220	 -0.246
       1.224	 -0.249
       1.228	 -0.247
       1.232	 -0.245
       1.236	 -0.237
       1.240	 -0.233
       1.244	 -0.229
       1.248	 -0.230
       1.252	 -0.228
       1.256	 -0.226
       1.260	 -0.224
       1.264	 -0.223
       1.268	 -0.219
       1.272	 -0.215
       1.276	 -0.198
       1.280	 -0.159
       1.284	 -0.090
       1.288	 -0.005
       1.292	  0.096
       1.296	  0.193
       1.300	  0.251
       1.304	  0.281
       1.308	  0.259
       1.312	  0.199
       1.316	  0.104
       1.320	 -0.001
       1.324	 -0.089
       1.328	 -0.170
       1.332	 -0.240
       1.336	 -0.302
       1.340	 -0.356
       1.344	 -0.389
       1.348	 -0.421
       1.352	 -0.429
       1.356	 -0.439
       1.360	 -0.435
       1.364	 -0.438
       1.368	 -0.440
       1.372	 -0.432
       1.376	 -0.432
       1.380	 -0.425
       1.384	 -0.434
       1.388	 -0.429
       1.392	 -0.432
       1.396	 -0.426
       1.400	 -0.420
       1.404	 -0.419
       1.408	 -0.410
       1.412	 -0.414
       1.416	 -0.414
       1.420	 -0.421
       1.424	 -0.412
       1.428	 -0.414
       1.432	 -0.405
       1.436	 -0.396
       1.440	 -0.395
       1.444	 -0.390
       1.448	 -0.391
       1.452	 -0.386
       1.456	 -0.394
       1.460	 -0.389
       1.464	 -0.385
       1.468	 -0.380
       1.472	 -0.375
       1.476	 -0.379
       1.480	 -0.381
       1.484	 -0.390
       1.488	 -0.386
       1.492	 -0.389
       1.496	 -0.381
       1.500	 -0.371
       1.504	 -0.352
       1.508	 -0.340
       1.512	 -0.326
       1.516	 -0.306
       1.520	 -0.291
       1.524	 -0.274
       1.528	 -0.259
       1.532	 -0.244
       1.536	 -0.226
       1.540	 -0.205
       1.544	 -0.179
       1.548	 -0.154
       1.552	 -0.130
       1.556	 -0.116
       1.560	 -0.102
       1.564	 -0.089
       1.568	 -0.075
       1.572	 -0.071
       1.576	 -0.068
       1.580	 -0.068
       1.584	 -0.061
       1.588	 -0.055
       1.592	 -0.045
       1.596	 -0.035
       1.600	 -0.035
       1.604	 -0.030
       1.608	 -0.022
       1.612	 -0.010
       1.616	 -0.005
       1.620	 -0.001
       1.624	  0.007
       1.628	  0.010
       1.632	  0.018
       1.636	  0.021
       1.640	  0.030
       1.644	  0.030
       1.648	  0.030
       1.652	  0.029
       1.656	  0.036
       1.660	  0.051
       1.664	  0.068
       1.668	  0.085
       1.672	  0.101
       1.676	  0.116
       1.680	  0.125
       1.684	  0.138
       1.688	  0.145
       1.692	  0.147
       1.696	  0.145
       1.700	  0.135
       1.704	  0.125
       1.708	  0.115
       1.712	  0.115
       1.716	  0.115
       1.720	  0.117
       1.724	  0.113
       1.728	  0.110
       1.732	  0.107
       1.736	  0.099
       1.740	  0.092
       1.744	  0.081
       1.748	  0.084
       1.752	  0.089
       1.756	  0.096
       1.760	  0.098
       1.764	  0.095
       1.768	  0.098
       1.772	  0.098
       1.776	  0.095
       1.780	  0.083
       1.784	  0.075
       1.788	  0.066
       1.792	  0.055
       1.796	  0.040
       1.800	  0.028
       1.804	  0.029
       1.808	  0.022
       1.812	  0.019
       1.816	  0.010
       1.820	  0.009
       1.824	  0.004
       1.828	 -0.003
       1.832	 -0.005
       1.836	 -0.011
       1.840	 -0.013
       1.844	 -0.010
       1.848	 -0.007
       1.852	 -0.004
       1.856	  0.009
       1.860	  0.030
       1.864	  0.051
       1.868	  0.075
       1.872	  0.091
       1.876	  0.115
       1.880	  0.135
       1.884	  0.151
       1.888	  0.158
       1.892	  0.177
       1.896	  0.199
       1.900	  0.210
       1.904	  0.219
       1.908	  0.223
       1.912	  0.236
       1.916	  0.237
       1.920	  0.236
       1.924	  0.233
       1.928	  0.229
       1.932	  0.229
       1.936	  0.225
       1.940	  0.223
       1.944	  0.215
       1.948	  0.220
       1.952	  0.217
       1.956	  0.217
       1.960	  0.216
       1.964	  0.220
       1.968	  0.226
       1.972	  0.228
       1.976	  0.228
       1.980	  0.219
       1.984	  0.220
       1.988	  0.219
       1.992	  0.215
       1.996	  0.206
       2.000	  0.200
       2.004	  0.199
       2.008	  0.194
       2.012	  0.194
       2.016	  0.189
       2.020	  0.190
       2.024	  0.191
       2.028	  0.193
       2.032	  0.194
       2.036	  0.191
       2.040	  0.199
       2.044	  0.205
       2.048	  0.228
       2.052	  0.264
       2.056	  0.331
       2.060	  0.417
       2.064	  0.515
       2.068	  0.604
       2.072	  0.659
       2.076	  0.684
       2.080	  0.646
       2.084	  0.584
       2.088	  0.489
       2.092	  0.409
       2.096	  0.340
       2.100	  0.285
       2.104	  0.237
       2.108	  0.188
       2.112	  0.155
       2.116	  0.121
       2.120	  0.095
       2.124	  0.070
       2.128	  0.056
       2.132	  0.049
       2.136	  0.034
       2.140	  0.024
       2.144	  0.010
       2.148	 -0.001
       2.152	 -0.015
       2.156	 -0.030
       2.160	 -0.039
       2.164	 -0.036
       2.168	 -0.043
       2.172	 -0.068
       2.176	 -0.104
       2.180	 -0.140
       2.184	 -0.179
       2.188	 -0.216
       2.192	 -0.242
       2.196	 -0.237
       2.200	 -0.204
       2.204	 -0.175
       2.208	 -0.169
       2.212	 -0.175
       2.216	 -0.169
       2.220	 -0.160
       2.224	 -0.151
       2.228	 -0.159
       2.232	 -0.163
       2.236	 -0.164
       2.240	 -0.168
       2.244	 -0.176
       2.248	 -0.188
       2.252	 -0.190
       2.256	 -0.199
       2.260	 -0.203
       2.264	 -0.210
       2.268	 -0.211
       2.272	 -0.211
       2.276	 -0.215
       2.280	 -0.217
       2.284	 -0.219
       2.288	 -0.201
       2.292	 -0.175
       2.296	 -0.133
       2.300	 -0.089
       2.304	 -0.051
       2.308	 -0.013
       2.312	  0.025
       2.316	  0.059
       2.320	  0.086
       2.324	  0.110
       2.328	  0.130
       2.332	  0.147
       2.336	  0.160
       2.340	  0.175
       2.344	  0.175
       2.348	  0.176
       2.352	  0.170
       2.356	  0.171
       2.360	  0.170
       2.364	  0.170
       2.368	  0.174
       2.372	  0.180
       2.376	  0.193
       2.380	  0.199
       2.384	  0.207
       2.388	  0.204
       2.392	  0.200
       2.396	  0.196
       2.400	  0.190
       2.404	  0.185
       2.408	  0.166
       2.412	  0.155
       2.416	  0.146
       2.420	  0.147
       2.424	  0.147
       2.428	  0.152
       2.432	  0.161
       2.436	  0.160
       2.440	  0.165
       2.444	  0.164
       2.448	  0.171
       2.452	  0.172
       2.456	  0.174
       2.460	  0.171
       2.464	  0.163
       2.468	  0.164
       2.472	  0.163
       2.476	  0.165
       2.480	  0.164
       2.484	  0.166
       2.488	  0.169
       2.492	  0.179
       2.496	  0.186
       2.500	  0.186
       2.504	  0.190
       2.508	  0.184
       2.512	  0.179
       2.516	  0.168
       2.520	  0.166
       2.524	  0.169
       2.528	  0.166
       2.532	  0.169
       2.536	  0.165
       2.540	  0.168
       2.544	  0.160
       2.548	  0.155
       2.552	  0.152
       2.556	  0.146
       2.560	  0.142
       2.564	  0.140
       2.568	  0.141
       2.572	  0.146
       2.576	  0.156
       2.580	  0.160
       2.584	  0.166
       2.588	  0.170
       2.592	  0.177
       2.596	  0.182
       2.600	  0.188
       2.604	  0.195
       2.608	  0.201
       2.612	  0.210
       2.616	  0.210
       2.620	  0.212
       2.624	  0.212
       2.628	  0.214
       2.632	  0.215
       2.636	  0.215
       2.640	  0.219
       2.644	  0.214
       2.648	  0.217
       2.652	  0.215
       2.656	  0.211
       2.660	  0.204
       2.664	  0.201
       2.668	  0.201
       2.672	  0.193
       2.676	  0.190
       2.680	  0.182
       2.684	  0.179
       2.688	  0.174
       2.692	  0.170
       2.696	  0.169
       2.700	  0.171
       2.704	  0.176
       2.708	  0.169
       2.712	  0.169
       2.716	  0.168
       2.720	  0.174
       2.724	  0.176
       2.728	  0.180
       2.732	  0.190
       2.736	  0.193
       2.740	  0.201
       2.744	  0.203
       2.748	  0.214
       2.752	  0.217
       2.756	  0.229
       2.760	  0.239
       2.764	  0.237
       2.768	  0.242
       2.772	  0.240
       2.776	  0.245
       2.780	  0.245
       2.784	  0.261
       2.788	  0.274
       2.792	  0.297
       2.796	  0.323
       2.800	  0.360
       2.804	  0.425
       2.808	  0.507
       2.812	  0.619
       2.816	  0.705
       2.820	  0.797
       2.824	  0.845
       2.828	  0.864
       2.832	  0.839
       2.836	  0.745
       2.840	  0.647
       2.844	  0.537
       2.848	  0.464
       2.852	  0.386
       2.856	  0.325
       2.860	  0.274
       2.864	  0.229
       2.868	  0.196
       2.872	  0.169
       2.876	  0.158
       2.880	  0.142
       2.884	  0.130
       2.888	  0.111
       2.892	  0.101
       2.896	  0.092
       2.900	  0.087
       2.904	  0.083
       2.908	  0.075
       2.912	  0.070
       2.916	  0.059
       2.920	  0.049
       2.924	  0.035
       2.928	  0.019
       2.932	  0.010
       2.936	  0.004
       2.940	  0.005
       2.944	  0.004
       2.948	  0.010
       2.952	  0.015
       2.956	  0.015
       2.960	  0.013
       2.964	  0.014
       2.968	  0.022
       2.972	  0.019
       2.976	  0.015
       2.980	  0.013
       2.984	  0.013
       2.988	  0.011
       2.992	  0.013
       2.996	  0.019
       3.000	  0.030
       3.004	  0.049
       3.008	  0.059
       3.012	  0.068
       3.016	  0.069
       3.020	  0.071
       3.024	  0.072
       3.028	  0.080
       3.032	  0.094
       3.036	  0.098
       3.040	  0.110
       3.044	  0.113
       3.048	  0.117
       3.052	  0.121
       3.056	  0.136
       3.060	  0.154
       3.064	  0.152
       3.068	  0.161
       3.072	  0.161
       3.076	  0.166
       3.080	  0.161
       3.084	  0.160
       3.088	  0.156
       3.092	  0.155
       3.096	  0.156
       3.100	  0.147
       3.104	  0.141
       3.108	  0.135
       3.112	  0.131
       3.116	  0.119
       3.120	  0.110
       3.124	  0.104
       3.128	  0.095
       3.132	  0.085
       3.136	  0.066
       3.140	  0.059
       3.144	  0.055
       3.148	  0.056
       3.152	  0.048
       3.156	  0.031
       3.160	  0.025
       3.164	  0.024
       3.168	  0.021
       3.172	  0.020
       3.176	  0.025
       3.180	  0.029
       3.184	  0.028
       3.188	  0.024
       3.192	  0.022
       3.196	  0.026
       3.200	  0.029
       3.204	  0.028
       3.208	  0.024
       3.212	  0.025
       3.216	  0.022
       3.220	  0.020
       3.224	  0.015
       3.228	  0.010
       3.232	  0.011
       3.236	  0.014
       3.240	  0.015
       3.244	  0.009
       3.248	  0.006
       3.252	 -0.001
       3.256	 -0.010
       3.260	 -0.024
       3.264	 -0.033
       3.268	 -0.035
       3.272	 -0.043
       3.276	 -0.046
       3.280	 -0.049
       3.284	 -0.051
       3.288	 -0.060
       3.292	 -0.074
       3.296	 -0.087
       3.300	 -0.101
       3.304	 -0.110
       3.308	 -0.121
       3.312	 -0.133
       3.316	 -0.139
       3.320	 -0.149
       3.324	 -0.165
       3.328	 -0.179
       3.332	 -0.195
       3.336	 -0.207
       3.340	 -0.219
       3.344	 -0.230
       3.348	 -0.247
       3.352	 -0.263
       3.356	 -0.284
       3.360	 -0.304
       3.364	 -0.341
       3.368	 -0.379
       3.372	 -0.396
       3.376	 -0.400
       3.380	 -0.374
       3.384	 -0.360
       3.388	 -0.369
       3.392	 -0.410
       3.396	 -0.426
       3.400	 -0.410
       3.404	 -0.379
       3.408	 -0.340
       3.412	 -0.325
       3.416	 -0.318
       3.420	 -0.330
       3.424	 -0.343
       3.428	 -0.361
       3.432	 -0.378
       3.436	 -0.388
       3.440	 -0.404
       3.444	 -0.406
       3.448	 -0.417
       3.452	 -0.417
       3.456	 -0.430
       3.460	 -0.427
       3.464	 -0.422
       3.468	 -0.427
       3.472	 -0.429
       3.476	 -0.430
       3.480	 -0.411
       3.484	 -0.400
       3.488	 -0.381
       3.492	 -0.365
       3.496	 -0.351
       3.500	 -0.338
       3.504	 -0.321
       3.508	 -0.300
       3.512	 -0.285
       3.516	 -0.266
       3.520	 -0.258
       3.524	 -0.250
       3.528	 -0.242
       3.532	 -0.233
       3.536	 -0.212
       3.540	 -0.182
       3.544	 -0.130
       3.548	 -0.050
       3.552	  0.055
       3.556	  0.154
       3.560	  0.240
       3.564	  0.295
       3.568	  0.316
       3.572	  0.286
       3.576	  0.220
       3.580	  0.134
       3.584	  0.056
       3.588	 -0.003
       3.592	 -0.054
       3.596	 -0.090
       3.600	 -0.124
       3.604	 -0.142
       3.608	 -0.151
       3.612	 -0.163
       3.616	 -0.168
       3.620	 -0.170
       3.624	 -0.171
       3.628	 -0.176
       3.632	 -0.180
       3.636	 -0.179
       3.640	 -0.174
       3.644	 -0.166
       3.648	 -0.163
       3.652	 -0.156
       3.656	 -0.145
       3.660	 -0.138
       3.664	 -0.140
       3.668	 -0.144
       3.672	 -0.147
       3.676	 -0.151
       3.680	 -0.155
       3.684	 -0.163
       3.688	 -0.164
       3.692	 -0.170
       3.696	 -0.172
       3.700	 -0.176
       3.704	 -0.186
       3.708	 -0.190
       3.712	 -0.193
       3.716	 -0.196
       3.720	 -0.206
       3.724	 -0.210
       3.728	 -0.212
       3.732	 -0.212
       3.736	 -0.212
       3.740	 -0.211
       3.744	 -0.196
       3.748	 -0.185
       3.752	 -0.172
       3.756	 -0.168
       3.760	 -0.156
       3.764	 -0.140
       3.768	 -0.125
       3.772	 -0.114
       3.776	 -0.100
       3.780	 -0.085
       3.784	 -0.070
       3.788	 -0.055
       3.792	 -0.043
       3.796	 -0.031
       3.800	 -0.015
       3.804	  0.004
       3.808	  0.015
       3.812	  0.026
       3.816	  0.040
       3.820	  0.054
       3.824	  0.064
       3.828	  0.069
       3.832	  0.075
       3.836	  0.081
       3.840	  0.089
       3.844	  0.085
       3.848	  0.085
       3.852	  0.084
       3.856	  0.089
       3.860	  0.086
       3.864	  0.084
       3.868	  0.085
       3.872	  0.076
       3.876	  0.072
       3.880	  0.064
       3.884	  0.056
       3.888	  0.051
       3.892	  0.049
       3.896	  0.049
       3.900	  0.037
       3.904	  0.037
       3.908	  0.037
       3.912	  0.044
       3.916	  0.045
       3.920	  0.046
       3.924	  0.048
       3.928	  0.048
       3.932	  0.046
       3.936	  0.040
       3.940	  0.036
       3.944	  0.033
       3.948	  0.033
       3.952	  0.030
       3.956	  0.030
       3.960	  0.035
       3.964	  0.040
       3.968	  0.044
       3.972	  0.043
       3.976	  0.045
       3.980	  0.049
       3.984	  0.056
       3.988	  0.059
       3.992	  0.055
       3.996	  0.050
       4.000	  0.045
       4.004	  0.043
       4.008	  0.041
       4.012	  0.045
       4.016	  0.049
       4.020	  0.048
       4.024	  0.043
       4.028	  0.039
       4.032	  0.044
       4.036	  0.048
       4.040	  0.052
       4.044	  0.050
       4.048	  0.052
       4.052	  0.050
       4.056	  0.043
       4.060	  0.039
       4.064	  0.034
       4.068	  0.033
       4.072	  0.029
       4.076	  0.028
       4.080	  0.022
       4.084	  0.016
       4.088	  0.011
       4.092	  0.006
       4.096	 -0.001
       4.100	 -0.009
       4.104	 -0.013
       4.108	 -0.024
       4.112	 -0.033
       4.116	 -0.039
       4.120	 -0.040
       4.124	 -0.043
       4.128	 -0.049
       4.132	 -0.049
       4.136	 -0.046
       4.140	 -0.037
       4.144	 -0.034
       4.148	 -0.030
       4.152	 -0.028
       4.156	 -0.026
       4.160	 -0.026
       4.164	 -0.026
       4.168	 -0.025
       4.172	 -0.029
       4.176	 -0.025
       4.180	 -0.028
       4.184	 -0.034
       4.188	 -0.043
       4.192	 -0.052
       4.196	 -0.064
       4.200	 -0.084
       4.204	 -0.095
       4.208	 -0.101
       4.212	 -0.107
       4.216	 -0.114
       4.220	 -0.125
       4.224	 -0.130
       4.228	 -0.140
       4.232	 -0.146
       4.236	 -0.151
       4.240	 -0.158
       4.244	 -0.156
       4.248	 -0.160
       4.252	 -0.163
       4.256	 -0.170
       4.260	 -0.170
       4.264	 -0.168
       4.268	 -0.169
       4.272	 -0.169
       4.276	 -0.177
       4.280	 -0.180
       4.284	 -0.188
       4.288	 -0.190
       4.292	 -0.195
       4.296	 -0.194
       4.300	 -0.189
       4.304	 -0.185
       4.308	 -0.180
       4.312	 -0.176
       4.316	 -0.146
       4.320	 -0.100
       4.324	 -0.024
       4.328	  0.076
       4.332	  0.176
       4.336	  0.261
       4.340	  0.315
       4.344	  0.318
       4.348	  0.292
       4.352	  0.217
       4.356	  0.124
       4.360	  0.035
       4.364	 -0.040
       4.368	 -0.096
       4.372	 -0.145
       4.376	 -0.189
       4.380	 -0.223
       4.384	 -0.250
       4.388	 -0.260
       4.392	 -0.268
       4.396	 -0.275
       4.400	 -0.281
       4.404	 -0.289
       4.408	 -0.295
       4.412	 -0.306
       4.416	 -0.316
       4.420	 -0.328
       4.424	 -0.335
       4.428	 -0.343
       4.432	 -0.346
       4.436	 -0.356
       4.440	 -0.364
       4.444	 -0.370
       4.448	 -0.381
       4.452	 -0.390
       4.456	 -0.401
       4.460	 -0.414
       4.464	 -0.421
       4.468	 -0.436
       4.472	 -0.440
       4.476	 -0.453
       4.480	 -0.460
       4.484	 -0.476
       4.488	 -0.485
       4.492	 -0.484
       4.496	 -0.479
       4.500	 -0.475
       4.504	 -0.484
       4.508	 -0.477
       4.512	 -0.474
       4.516	 -0.465
       4.520	 -0.465
       4.524	 -0.456
       4.528	 -0.450
       4.532	 -0.439
       4.536	 -0.417
       4.540	 -0.405
       4.544	 -0.375
       4.548	 -0.346
       4.552	 -0.314
       4.556	 -0.292
       4.560	 -0.271
       4.564	 -0.247
       4.568	 -0.225
       4.572	 -0.203
       4.576	 -0.188
       4.580	 -0.169
       4.584	 -0.149
       4.588	 -0.126
       4.592	 -0.107
       4.596	 -0.084
       4.600	 -0.060
       4.604	 -0.039
       4.608	 -0.021
       4.612	 -0.005
       4.616	  0.009
       4.620	  0.022
       4.624	  0.034
       4.628	  0.040
       4.632	  0.040
       4.636	  0.039
       4.640	  0.043
       4.644	  0.040
       4.648	  0.039
       4.652	  0.035
       4.656	  0.034
       4.660	  0.036
       4.664	  0.036
       4.668	  0.037
       4.672	  0.036
       4.676	  0.041
       4.680	  0.039
       4.684	  0.040
       4.688	  0.039
       4.692	  0.039
       4.696	  0.036
       4.700	  0.030
       4.704	  0.030
       4.708	  0.026
       4.712	  0.025
       4.716	  0.022
       4.720	  0.020
       4.724	  0.020
       4.728	  0.020
       4.732	  0.028
       4.736	  0.021
       4.740	  0.021
       4.744	  0.020
       4.748	  0.020
       4.752	  0.015
       4.756	  0.013
       4.760	  0.011
       4.764	  0.007
       4.768	  0.006
       4.772	  0.004
       4.776	  0.004
       4.780	  0.005
       4.784	  0.004
       4.788	 -0.003
       4.792	 -0.005
       4.796	 -0.005
       4.800	 -0.003
       4.804	 -0.001
       4.808	 -0.005
       4.812	 -0.007
       4.816	 -0.007
       4.820	 -0.005
       4.824	 -0.003
       4.828	 -0.005
       4.832	 -0.001
       4.836	 -0.003
       4.840	 -0.005
       4.844	 -0.007
       4.848	 -0.007
       4.852	 -0.003
       4.856	 -0.009
       4.860	 -0.010
       4.864	 -0.011
       4.868	 -0.006
       4.872	 -0.004
       4.876	  0.004
       4.880	  0.009
       4.884	  0.018
       4.888	  0.025
       4.892	  0.029
       4.896	  0.026
       4.900	  0.025
       4.904	  0.029
       4.908	  0.037
       4.912	  0.045
       4.916	  0.044
       4.920	  0.040
       4.924	  0.040
       4.928	  0.041
       4.932	  0.043
       4.936	  0.039
       4.940	  0.036
       4.944	  0.029
       4.948	  0.020
       4.952	  0.009
       4.956	  0.004
       4.960	 -0.001
       4.964	 -0.009
       4.968	 -0.014
       4.972	 -0.025
       4.976	 -0.031
       4.980	 -0.036
       4.984	 -0.043
       4.988	 -0.048
       4.992	 -0.046
       4.996	 -0.045
       5.000	 -0.040
       5.004	 -0.041
       5.008	 -0.040
       5.012	 -0.041
       5.016	 -0.048
       5.020	 -0.058
       5.024	 -0.064
       5.028	 -0.065
       5.032	 -0.064
       5.036	 -0.071
       5.040	 -0.069
       5.044	 -0.062
       5.048	 -0.052
       5.052	 -0.049
       5.056	 -0.037
       5.060	 -0.004
       5.064	  0.050
       5.068	  0.144
       5.072	  0.241
       5.076	  0.349
       5.080	  0.425
       5.084	  0.472
       5.088	  0.475
       5.092	  0.440
       5.096	  0.371
       5.100	  0.271
       5.104	  0.179
       5.108	  0.101
       5.112	  0.040
       5.116	 -0.006
       5.120	 -0.045
       5.124	 -0.079
       5.128	 -0.109
       5.132	 -0.125
       5.136	 -0.135
       5.140	 -0.149
       5.144	 -0.158
       5.148	 -0.166
       5.152	 -0.169
       5.156	 -0.182
       5.160	 -0.189
       5.164	 -0.191
       5.168	 -0.194
       5.172	 -0.193
       5.176	 -0.198
       5.180	 -0.200
       5.184	 -0.210
       5.188	 -0.210
       5.192	 -0.212
       5.196	 -0.216
       5.200	 -0.219
       5.204	 -0.223
       5.208	 -0.220
       5.212	 -0.225
       5.216	 -0.231
       5.220	 -0.241
       5.224	 -0.242
       5.228	 -0.249
       5.232	 -0.259
       5.236	 -0.265
       5.240	 -0.271
       5.244	 -0.270
       5.248	 -0.275
       5.252	 -0.274
       5.256	 -0.271
       5.260	 -0.264
       5.264	 -0.258
       5.268	 -0.255
       5.272	 -0.254
       5.276	 -0.254
       5.280	 -0.251
       5.284	 -0.253
       5.288	 -0.247
       5.292	 -0.236
       5.296	 -0.226
       5.300	 -0.217
       5.304	 -0.210
       5.308	 -0.196
       5.312	 -0.182
       5.316	 -0.168
       5.320	 -0.158
       5.324	 -0.141
       5.328	 -0.122
       5.332	 -0.104
       5.336	 -0.094
       5.340	 -0.081
       5.344	 -0.066
       5.348	 -0.050
       5.352	 -0.035
       5.356	 -0.026
       5.360	 -0.016
       5.364	 -0.018
       5.368	 -0.016
       5.372	 -0.015
       5.376	 -0.016
       5.380	 -0.018
       5.384	 -0.019
       5.388	 -0.024
       5.392	 -0.035
       5.396	 -0.044
       5.400	 -0.050
       5.404	 -0.054
       5.408	 -0.059
       5.412	 -0.065
       5.416	 -0.068
       5.420	 -0.070
       5.424	 -0.072
       5.428	 -0.077
       5.432	 -0.080
       5.436	 -0.079
       5.440	 -0.077
       5.444	 -0.077
       5.448	 -0.074
       5.452	 -0.064
       5.456	 -0.061
       5.460	 -0.061
       5.464	 -0.064
       5.468	 -0.065
       5.472	 -0.061
       5.476	 -0.052
       5.480	 -0.048
       5.484	 -0.049
       5.488	 -0.049
       5.492	 -0.051
       5.496	 -0.051
       5.500	 -0.054
       5.504	 -0.054
       5.508	 -0.049
       5.512	 -0.045
       5.516	 -0.045
       5.520	 -0.050
       5.524	 -0.049
       5.528	 -0.049
       5.532	 -0.052
       5.536	 -0.058
       5.540	 -0.056
       5.544	 -0.055
       5.548	 -0.060
       5.552	 -0.062
       5.556	 -0.060
       5.560	 -0.054
       5.564	 -0.049
       5.568	 -0.045
       5.572	 -0.044
       5.576	 -0.035
       5.580	 -0.028
       5.584	 -0.022
       5.588	 -0.020
       5.592	 -0.016
       5.596	 -0.007
       5.600	 -0.003
       5.604	  0.005
       5.608	  0.013
       5.612	  0.022
       5.616	  0.029
       5.620	  0.040
       5.624	  0.051
       5.628	  0.065
       5.632	  0.085
       5.636	  0.094
       5.640	  0.104
       5.644	  0.109
       5.648	  0.117
       5.652	  0.124
       5.656	  0.134
       5.660	  0.142
       5.664	  0.141
       5.668	  0.149
       5.672	  0.149
       5.676	  0.147
       5.680	  0.144
       5.684	  0.140
       5.688	  0.138
       5.692	  0.121
       5.696	  0.115
       5.700	  0.111
       5.704	  0.110
       5.708	  0.101
       5.712	  0.092
       5.716	  0.087
       5.720	  0.089
       5.724	  0.087
       5.728	  0.081
       5.732	  0.075
       5.736	  0.071
       5.740	  0.070
       5.744	  0.066
       5.748	  0.064
       5.752	  0.064
       5.756	  0.062
       5.760	  0.065
       5.764	  0.060
       5.768	  0.061
       5.772	  0.061
       5.776	  0.070
       5.780	  0.076
       5.784	  0.076
       5.788	  0.079
       5.792	  0.086
       5.796	  0.095
       5.800	  0.105
       5.804	  0.131
       5.808	  0.188
       5.812	  0.276
       5.816	  0.384
       5.820	  0.497
       5.824	  0.588
       5.828	  0.649
       5.832	  0.675
       5.836	  0.650
       5.840	  0.601
       5.844	  0.509
       5.848	  0.429
       5.852	  0.349
       5.856	  0.284
       5.860	  0.231
       5.864	  0.189
       5.868	  0.159
       5.872	  0.126
       5.876	  0.109
       5.880	  0.090
       5.884	  0.079
       5.888	  0.064
       5.892	  0.048
       5.896	  0.039
       5.900	  0.028
       5.904	  0.024
       5.908	  0.019
       5.912	  0.020
       5.916	  0.021
       5.920	  0.024
       5.924	  0.020
       5.928	  0.011
       5.932	  0.007
       5.936	  0.003
       5.940	 -0.001
       5.944	 -0.009
       5.948	 -0.015
       5.952	 -0.022
       5.956	 -0.026
       5.960	 -0.028
       5.964	 -0.037
       5.968	 -0.044
       5.972	 -0.046
       5.976	 -0.052
       5.980	 -0.058
       5.984	 -0.060
       5.988	 -0.056
       5.992	 -0.065
       5.996	 -0.069
       6.000	 -0.072
       6.004	 -0.070
       6.008	 -0.062
       6.012	 -0.060
       6.016	 -0.056
       6.020	 -0.054
       6.024	 -0.043
       6.028	 -0.030
       6.032	 -0.020
       6.036	 -0.009
       6.040	  0.005
       6.044	  0.020
       6.048	  0.031
       6.052	  0.039
       6.056	  0.048
       6.060	  0.062
       6.064	  0.077
       6.068	  0.092
       6.072	  0.102
       6.076	  0.124
       6.080	  0.140
       6.084	  0.154
       6.088	  0.166
       6.092	  0.185
       6.096	  0.204
       6.100	  0.214
       6.104	  0.225
       6.108	  0.230
       6.112	  0.241
       6.116	  0.240
       6.120	  0.237
       6.124	  0.230
       6.128	  0.225
       6.132	  0.223
       6.136	  0.217
       6.140	  0.215
       6.144	  0.205
       6.148	  0.205
       6.152	  0.204
       6.156	  0.201
       6.160	  0.196
       6.164	  0.190
       6.168	  0.196
       6.172	  0.195
       6.176	  0.199
       6.180	  0.199
       6.184	  0.203
       6.188	  0.204
       6.192	  0.200
       6.196	  0.199
       6.200	  0.189
       6.204	  0.190
       6.208	  0.189
       6.212	  0.191
       6.216	  0.190
       6.220	  0.193
       6.224	  0.195
       6.228	  0.193
       6.232	  0.194
       6.236	  0.191
       6.240	  0.196
       6.244	  0.193
       6.248	  0.194
       6.252	  0.189
       6.256	  0.193
       6.260	  0.196
       6.264	  0.188
       6.268	  0.190
       6.272	  0.191
       6.276	  0.200
       6.280	  0.200
       6.284	  0.195
       6.288	  0.196
       6.292	  0.190
       6.296	  0.198
       6.300	  0.193
       6.304	  0.194
       6.308	  0.188
       6.312	  0.188
       6.316	  0.184
       6.320	  0.180
       6.324	  0.180
       6.328	  0.180
       6.332	  0.185
       6.336	  0.179
       6.340	  0.179
       6.344	  0.174
       6.348	  0.176
       6.352	  0.174
       6.356	  0.168
       6.360	  0.168
       6.364	  0.168
       6.368	  0.166
       6.372	  0.159
       6.376	  0.163
       6.380	  0.166
       6.384	  0.171
       6.388	  0.174
       6.392	  0.175
       6.396	  0.177
       6.400	  0.180
       6.404	  0.188
       6.408	  0.189
       6.412	  0.200
       6.416	  0.210
       6.420	  0.221
       6.424	  0.223
       6.428	  0.223
       6.432	  0.230
       6.436	  0.237
       6.440	  0.247
       6.444	  0.245
       6.448	  0.242
       6.452	  0.239
       6.456	  0.235
       6.460	  0.230
       6.464	  0.220
       6.468	  0.220
       6.472	  0.214
       6.476	  0.211
       6.480	  0.199
       6.484	  0.190
       6.488	  0.180
       6.492	  0.172
       6.496	  0.168
       6.500	  0.156
       6.504	  0.156
       6.508	  0.152
       6.512	  0.147
       6.516	  0.139
       6.520	  0.134
       6.524	  0.134
       6.528	  0.120
       6.532	  0.116
       6.536	  0.110
       6.540	  0.109
       6.544	  0.104
       6.548	  0.102
       6.552	  0.101
       6.556	  0.104
       6.560	  0.107
       6.564	  0.104
       6.568	  0.110
       6.572	  0.115
       6.576	  0.128
       6.580	  0.138
       6.584	  0.156
       6.588	  0.186
       6.592	  0.235
       6.596	  0.314
       6.600	  0.405
       6.604	  0.511
       6.608	  0.578
       6.612	  0.630
       6.616	  0.635
       6.620	  0.608
       6.624	  0.550
       6.628	  0.463
       6.632	  0.399
       6.636	  0.338
       6.640	  0.294
       6.644	  0.249
       6.648	  0.215
       6.652	  0.189
       6.656	  0.169
       6.660	  0.155
       6.664	  0.145
       6.668	  0.142
       6.672	  0.136
       6.676	  0.135
       6.680	  0.130
       6.684	  0.128
       6.688	  0.125
       6.692	  0.124
       6.696	  0.128
       6.700	  0.133
       6.704	  0.138
       6.708	  0.135
       6.712	  0.134
       6.716	  0.125
       6.720	  0.120
       6.724	  0.110
       6.728	  0.101
       6.732	  0.094
       6.736	  0.084
       6.740	  0.084
       6.744	  0.079
       6.748	  0.071
       6.752	  0.064
       6.756	  0.058
       6.760	  0.049
       6.764	  0.036
       6.768	  0.031
       6.772	  0.030
       6.776	  0.037
       6.780	  0.040
       6.784	  0.039
       6.788	  0.039
       6.792	  0.046
       6.796	  0.064
       6.800	  0.070
       6.804	  0.074
       6.808	  0.066
       6.812	  0.059
       6.816	  0.054
       6.820	  0.050
       6.824	  0.058
       6.828	  0.055
       6.832	  0.060
       6.836	  0.059
       6.840	  0.060
       6.844	  0.062
       6.848	  0.077
       6.852	  0.090
       6.856	  0.099
       6.860	  0.109
       6.864	  0.117
       6.868	  0.131
       6.872	  0.145
       6.876	  0.164
       6.880	  0.175
       6.884	  0.189
       6.888	  0.196
       6.892	  0.194
       6.896	  0.198
       6.900	  0.195
       6.904	  0.201
       6.908	  0.194
       6.912	  0.194
       6.916	  0.195
       6.920	  0.191
       6.924	  0.184
       6.928	  0.169
       6.932	  0.155
       6.936	  0.141
       6.940	  0.136
       6.944	  0.129
       6.948	  0.117
       6.952	  0.110
       6.956	  0.101
       6.960	  0.091
       6.964	  0.079
       6.968	  0.071
       6.972	  0.064
       6.976	  0.061
       6.980	  0.054
       6.984	  0.046
       6.988	  0.043
       6.992	  0.039
       6.996	  0.035
       7.000	  0.025
       7.004	  0.018
       7.008	  0.010
       7.012	  0.003
       7.016	 -0.005
       7.020	 -0.009
       7.024	 -0.015
       7.028	 -0.016
       7.032	 -0.022
       7.036	 -0.039
       7.040	 -0.051
       7.044	 -0.062
       7.048	 -0.069
       7.052	 -0.079
       7.056	 -0.086
       7.060	 -0.098
       7.064	 -0.110
       7.068	 -0.119
       7.072	 -0.126
       7.076	 -0.133
       7.080	 -0.139
       7.084	 -0.146
       7.088	 -0.155
       7.092	 -0.163
       7.096	 -0.169
       7.100	 -0.174
       7.104	 -0.180
       7.108	 -0.182
       7.112	 -0.189
       7.116	 -0.189
       7.120	 -0.193
       7.124	 -0.190
       7.128	 -0.200
       7.132	 -0.206
       7.136	 -0.211
       7.140	 -0.224
       7.144	 -0.236
       7.148	 -0.245
       7.152	 -0.242
       7.156	 -0.245
       7.160	 -0.250
       7.164	 -0.255
       7.168	 -0.264
       7.172	 -0.266
       7.176	 -0.276
       7.180	 -0.276
       7.184	 -0.275
       7.188	 -0.266
       7.192	 -0.268
       7.196	 -0.276
       7.200	 -0.281
       7.204	 -0.289
       7.208	 -0.282
       7.212	 -0.289
       7.216	 -0.292
       7.220	 -0.305
       7.224	 -0.311
       7.228	 -0.320
       7.232	 -0.335
       7.236	 -0.351
       7.240	 -0.372
       7.244	 -0.388
       7.248	 -0.414
       7.252	 -0.431
       7.256	 -0.445
       7.260	 -0.455
       7.264	 -0.465
       7.268	 -0.490
       7.272	 -0.507
       7.276	 -0.531
       7.280	 -0.537
       7.284	 -0.550
       7.288	 -0.550
       7.292	 -0.551
       7.296	 -0.556
       7.300	 -0.560
       7.304	 -0.571
       7.308	 -0.573
       7.312	 -0.580
       7.316	 -0.574
       7.320	 -0.569
       7.324	 -0.566
       7.328	 -0.561
       7.332	 -0.561
       7.336	 -0.556
       7.340	 -0.556
       7.344	 -0.540
       7.348	 -0.529
       7.352	 -0.511
       7.356	 -0.491
       7.360	 -0.451
       7.364	 -0.394
       7.368	 -0.306
       7.372	 -0.198
       7.376	 -0.081
       7.380	  0.014
       7.384	  0.068
       7.388	  0.074
       7.392	  0.031
       7.396	 -0.059
       7.400	 -0.165
       7.404	 -0.260
       7.408	 -0.325
       7.412	 -0.389
       7.416	 -0.436
       7.420	 -0.481
       7.424	 -0.516
       7.428	 -0.540
       7.432	 -0.559
       7.436	 -0.556
       7.440	 -0.562
       7.444	 -0.560
       7.448	 -0.570
       7.452	 -0.566
       7.456	 -0.573
       7.460	 -0.578
       7.464	 -0.576
       7.468	 -0.586
       7.472	 -0.578
       7.476	 -0.584
       7.480	 -0.576
       7.484	 -0.586
       7.488	 -0.593
       7.492	 -0.599
       7.496	 -0.608
       7.500	 -0.610
       7.504	 -0.632
       7.508	 -0.636
       7.512	 -0.656
       7.516	 -0.661
       7.520	 -0.676
       7.524	 -0.684
       7.528	 -0.688
       7.532	 -0.704
       7.536	 -0.706
       7.540	 -0.728
       7.544	 -0.723
       7.548	 -0.736
       7.552	 -0.736
       7.556	 -0.741
       7.560	 -0.743
       7.564	 -0.734
       7.568	 -0.736
       7.572	 -0.726
       7.576	 -0.734
       7.580	 -0.725
       7.584	 -0.728
       7.588	 -0.718
       7.592	 -0.706
       7.596	 -0.700
       7.600	 -0.686
       7.604	 -0.685
       7.608	 -0.664
       7.612	 -0.652
       7.616	 -0.624
       7.620	 -0.605
       7.624	 -0.586
       7.628	 -0.564
       7.632	 -0.546
       7.636	 -0.524
       7.640	 -0.510
       7.644	 -0.485
       7.648	 -0.469
       7.652	 -0.450
       7.656	 -0.440
       7.660	 -0.430
       7.664	 -0.427
       7.668	 -0.430
       7.672	 -0.422
       7.676	 -0.424
       7.680	 -0.417
       7.684	 -0.415
       7.688	 -0.409
       7.692	 -0.407
       7.696	 -0.409
       7.700	 -0.400
       7.704	 -0.398
       7.708	 -0.390
       7.712	 -0.390
       7.716	 -0.381
       7.720	 -0.366
       7.724	 -0.351
       7.728	 -0.343
       7.732	 -0.339
       7.736	 -0.329
       7.740	 -0.326
       7.744	 -0.318
       7.748	 -0.314
       7.752	 -0.297
       7.756	 -0.287
       7.760	 -0.280
       7.764	 -0.276
       7.768	 -0.289
       7.772	 -0.292
       7.776	 -0.295
       7.780	 -0.280
       7.784	 -0.271
       7.788	 -0.255
       7.792	 -0.244
       7.796	 -0.239
       7.800	 -0.239
       7.804	 -0.250
       7.808	 -0.250
       7.812	 -0.250
       7.816	 -0.246
       7.820	 -0.255
       7.824	 -0.259
       7.828	 -0.264
       7.832	 -0.269
       7.836	 -0.270
       7.840	 -0.276
       7.844	 -0.276
       7.848	 -0.281
       7.852	 -0.286
       7.856	 -0.292
       7.860	 -0.300
       7.864	 -0.299
       7.868	 -0.304
       7.872	 -0.304
       7.876	 -0.301
       7.880	 -0.292
       7.884	 -0.292
       7.888	 -0.292
       7.892	 -0.299
       7.896	 -0.301
       7.900	 -0.302
       7.904	 -0.299
       7.908	 -0.289
       7.912	 -0.286
       7.916	 -0.276
       7.920	 -0.270
       7.924	 -0.264
       7.928	 -0.254
       7.932	 -0.240
       7.936	 -0.223
       7.940	 -0.209
       7.944	 -0.198
       7.948	 -0.189
       7.952	 -0.176
       7.956	 -0.163
       7.960	 -0.145
       7.964	 -0.140
       7.968	 -0.136
       7.972	 -0.134
       7.976	 -0.135
       7.980	 -0.138
       7.984	 -0.140
       7.988	 -0.142
       7.992	 -0.156
       7.996	 -0.170
       8.000	 -0.175
       8.004	 -0.174
       8.008	 -0.174
       8.012	 -0.188
       8.016	 -0.203
       8.020	 -0.212
       8.024	 -0.209
       8.028	 -0.206
       8.032	 -0.206
       8.036	 -0.212
       8.040	 -0.220
       8.044	 -0.224
       8.048	 -0.226
       8.052	 -0.225
       8.056	 -0.231
       8.060	 -0.235
       8.064	 -0.241
       8.068	 -0.250
       8.072	 -0.242
       8.076	 -0.241
       8.080	 -0.234
       8.084	 -0.242
       8.088	 -0.240
       8.092	 -0.236
       8.096	 -0.231
       8.100	 -0.225
       8.104	 -0.211
       8.108	 -0.169
       8.112	 -0.096
       8.116	  0.011
       8.120	  0.135
       8.124	  0.249
       8.128	  0.338
       8.132	  0.385
       8.136	  0.381
       8.140	  0.343
       8.144	  0.251
       8.148	  0.156
       8.152	  0.066
       8.156	  0.000
       8.160	 -0.051
       8.164	 -0.091
       8.168	 -0.121
       8.172	 -0.147
       8.176	 -0.160
       8.180	 -0.166
       8.184	 -0.171
       8.188	 -0.179
       8.192	 -0.184
       8.196	 -0.184
       8.200	 -0.185
       8.204	 -0.185
       8.208	 -0.185
       8.212	 -0.185
       8.216	 -0.182
       8.220	 -0.185
       8.224	 -0.193
       8.228	 -0.198
       8.232	 -0.199
       8.236	 -0.195
       8.240	 -0.196
       8.244	 -0.198
       8.248	 -0.199
       8.252	 -0.193
       8.256	 -0.185
       8.260	 -0.182
       8.264	 -0.188
       8.268	 -0.188
       8.272	 -0.182
       8.276	 -0.182
       8.280	 -0.182
       8.284	 -0.180
       8.288	 -0.171
       8.292	 -0.171
       8.296	 -0.170
       8.300	 -0.166
       8.304	 -0.163
       8.308	 -0.156
       8.312	 -0.152
       8.316	 -0.142
       8.320	 -0.135
       8.324	 -0.126
       8.328	 -0.121
       8.332	 -0.119
       8.336	 -0.110
       8.340	 -0.100
       8.344	 -0.084
       8.348	 -0.065
       8.352	 -0.048
       8.356	 -0.034
       8.360	 -0.016
       8.364	 -0.001
       8.368	  0.011
       8.372	  0.019
       8.376	  0.031
       8.380	  0.045
       8.384	  0.056
       8.388	  0.069
       8.392	  0.081
       8.396	  0.094
       8.400	  0.100
       8.404	  0.109
       8.408	  0.109
       8.412	  0.115
       8.416	  0.122
       8.420	  0.126
       8.424	  0.126
       8.428	  0.125
       8.432	  0.125
       8.436	  0.122
       8.440	  0.122
       8.444	  0.119
       8.448	  0.121
       8.452	  0.122
       8.456	  0.125
       8.460	  0.124
       8.464	  0.128
       8.468	  0.134
       8.472	  0.134
       8.476	  0.141
       8.480	  0.147
       8.484	  0.154
       8.488	  0.156
       8.492	  0.159
       8.496	  0.168
       8.500	  0.168
       8.504	  0.174
       8.508	  0.175
       8.512	  0.180
       8.516	  0.182
       8.520	  0.189
       8.524	  0.193
       8.528	  0.195
       8.532	  0.198
       8.536	  0.193
       8.540	  0.196
       8.544	  0.189
       8.548	  0.182
       8.552	  0.181
       8.556	  0.189
       8.560	  0.196
       8.564	  0.189
       8.568	  0.198
       8.572	  0.205
       8.576	  0.219
       8.580	  0.217
       8.584	  0.220
       8.588	  0.229
       8.592	  0.224
       8.596	  0.228
       8.600	  0.220
       8.604	  0.221
       8.608	  0.215
       8.612	  0.220
       8.616	  0.223
       8.620	  0.224
       8.624	  0.230
       8.628	  0.225
       8.632	  0.228
       8.636	  0.221
       8.640	  0.226
       8.644	  0.223
       8.648	  0.224
       8.652	  0.220
       8.656	  0.215
       8.660	  0.214
       8.664	  0.210
       8.668	  0.212
       8.672	  0.206
       8.676	  0.209
       8.680	  0.207
       8.684	  0.211
       8.688	  0.212
       8.692	  0.217
       8.696	  0.224
       8.700	  0.224
       8.704	  0.231
       8.708	  0.233
       8.712	  0.241
       8.716	  0.247
       8.720	  0.251
       8.724	  0.258
       8.728	  0.264
       8.732	  0.271
       8.736	  0.268
       8.740	  0.268
       8.744	  0.265
       8.748	  0.276
       8.752	  0.289
       8.756	  0.295
       8.760	  0.299
       8.764	  0.304
       8.768	  0.309
       8.772	  0.300
       8.776	  0.300
       8.780	  0.295
       8.784	  0.292
       8.788	  0.287
       8.792	  0.281
       8.796	  0.284
       8.800	  0.279
       8.804	  0.282
       8.808	  0.274
       8.812	  0.270
       8.816	  0.264
       8.820	  0.266
       8.824	  0.269
       8.828	  0.264
       8.832	  0.269
       8.836	  0.270
       8.840	  0.281
       8.844	  0.282
       8.848	  0.287
       8.852	  0.289
       8.856	  0.292
       8.860	  0.300
       8.864	  0.295
       8.868	  0.302
       8.872	  0.304
       8.876	  0.309
       8.880	  0.305
       8.884	  0.311
       8.888	  0.323
       8.892	  0.325
       8.896	  0.339
       8.900	  0.354
       8.904	  0.407
       8.908	  0.476
       8.912	  0.584
       8.916	  0.675
       8.920	  0.756
       8.924	  0.797
       8.928	  0.791
       8.932	  0.757
       8.936	  0.666
       8.940	  0.578
       8.944	  0.486
       8.948	  0.422
       8.952	  0.364
       8.956	  0.311
       8.960	  0.271
       8.964	  0.234
       8.968	  0.211
       8.972	  0.188
       8.976	  0.177
       8.980	  0.165
       8.984	  0.155
       8.988	  0.149
       8.992	  0.144
       8.996	  0.141
       9.000	  0.138
       9.004	  0.136
       9.008	  0.130
       9.012	  0.129
       9.016	  0.130
       9.020	  0.128
       9.024	  0.120
       9.028	  0.113
       9.032	  0.111
       9.036	  0.105
       9.040	  0.106
       9.044	  0.100
       9.048	  0.102
       9.052	  0.101
       9.056	  0.096
       9.060	  0.087
       9.064	  0.076
       9.068	  0.071
       9.072	  0.068
       9.076	  0.064
       9.080	  0.061
       9.084	  0.058
       9.088	  0.051
       9.092	  0.044
       9.096	  0.040
       9.100	  0.031
       9.104	  0.031
       9.108	  0.030
       9.112	  0.026
       9.116	  0.024
       9.120	  0.028
       9.124	  0.037
       9.128	  0.035
       9.132	  0.037
       9.136	  0.040
       9.140	  0.045
       9.144	  0.050
       9.148	  0.056
       9.152	  0.062
       9.156	  0.068
       9.160	  0.079
       9.164	  0.084
       9.168	  0.092
       9.172	  0.100
       9.176	  0.116
       9.180	  0.125
       9.184	  0.140
       9.188	  0.155
       9.192	  0.164
       9.196	  0.176
       9.200	  0.180
       9.204	  0.190
       9.208	  0.193
       9.212	  0.200
       9.216	  0.203
       9.220	  0.198
       9.224	  0.198
       9.228	  0.194
       9.232	  0.194
       9.236	  0.186
       9.240	  0.182
       9.244	  0.176
       9.248	  0.176
       9.252	  0.175
       9.256	  0.169
       9.260	  0.166
       9.264	  0.164
       9.268	  0.168
       9.272	  0.165
       9.276	  0.169
       9.280	  0.170
       9.284	  0.177
       9.288	  0.182
       9.292	  0.185
       9.296	  0.190
       9.300	  0.191
       9.304	  0.196
       9.308	  0.194
       9.312	  0.199
       9.316	  0.204
       9.320	  0.207
       9.324	  0.209
       9.328	  0.212
       9.332	  0.224
       9.336	  0.228
       9.340	  0.240
       9.344	  0.245
       9.348	  0.258
       9.352	  0.265
       9.356	  0.274
       9.360	  0.279
       9.364	  0.287
       9.368	  0.302
       9.372	  0.314
       9.376	  0.329
       9.380	  0.335
       9.384	  0.344
       9.388	  0.356
       9.392	  0.364
       9.396	  0.378
       9.400	  0.378
       9.404	  0.391
       9.408	  0.393
       9.412	  0.399
       9.416	  0.400
       9.420	  0.406
       9.424	  0.416
       9.428	  0.411
       9.432	  0.419
       9.436	  0.417
       9.440	  0.426
       9.444	  0.427
       9.448	  0.436
       9.452	  0.440
       9.456	  0.444
       9.460	  0.451
       9.464	  0.446
       9.468	  0.451
       9.472	  0.446
       9.476	  0.456
       9.480	  0.450
       9.484	  0.455
       9.488	  0.459
       9.492	  0.455
       9.496	  0.455
       9.500	  0.444
       9.504	  0.449
       9.508	  0.446
       9.512	  0.460
       9.516	  0.460
       9.520	  0.459
       9.524	  0.461
       9.528	  0.463
       9.532	  0.470
       9.536	  0.466
       9.540	  0.477
       9.544	  0.472
       9.548	  0.475
       9.552	  0.468
       9.556	  0.466
       9.560	  0.466
       9.564	  0.455
       9.568	  0.448
       9.572	  0.425
       9.576	  0.417
       9.580	  0.398
       9.584	  0.385
       9.588	  0.362
       9.592	  0.344
       9.596	  0.331
       9.600	  0.318
       9.604	  0.309
       9.608	  0.292
       9.612	  0.284
       9.616	  0.269
       9.620	  0.253
       9.624	  0.236
       9.628	  0.226
       9.632	  0.228
       9.636	  0.214
       9.640	  0.207
       9.644	  0.198
       9.648	  0.195
       9.652	  0.191
       9.656	  0.182
       9.660	  0.171
       9.664	  0.158
       9.668	  0.152
       9.672	  0.147
       9.676	  0.144
       9.680	  0.140
       9.684	  0.135
       9.688	  0.125
       9.692	  0.114
       9.696	  0.110
       9.700	  0.111
       9.704	  0.125
       9.708	  0.144
       9.712	  0.188
       9.716	  0.249
       9.720	  0.339
       9.724	  0.436
       9.728	  0.506
       9.732	  0.565
       9.736	  0.574
       9.740	  0.564
       9.744	  0.495
       9.748	  0.404
       9.752	  0.324
       9.756	  0.245
       9.760	  0.179
       9.764	  0.110
       9.768	  0.055
       9.772	  0.013
       9.776	 -0.015
       9.780	 -0.039
       9.784	 -0.062
       9.788	 -0.083
       9.792	 -0.100
       9.796	 -0.113
       9.800	 -0.125
       9.804	 -0.134
       9.808	 -0.135
       9.812	 -0.136
       9.816	 -0.141
       9.820	 -0.152
       9.824	 -0.161
       9.828	 -0.168
       9.832	 -0.176
       9.836	 -0.188
       9.840	 -0.199
       9.844	 -0.206
       9.848	 -0.215
       9.852	 -0.221
       9.856	 -0.230
       9.860	 -0.236
       9.864	 -0.242
       9.868	 -0.250
       9.872	 -0.263
       9.876	 -0.278
       9.880	 -0.286
       9.884	 -0.300
       9.888	 -0.316
       9.892	 -0.330
       9.896	 -0.336
       9.900	 -0.333
       9.904	 -0.336
       9.908	 -0.339
       9.912	 -0.345
       9.916	 -0.340
       9.920	 -0.335
       9.924	 -0.331
       9.928	 -0.323
       9.932	 -0.315
       9.936	 -0.305
       9.940	 -0.295
       9.944	 -0.280
       9.948	 -0.260
       9.952	 -0.233
       9.956	 -0.205
       9.960	 -0.175
       9.964	 -0.158
       9.968	 -0.140
       9.972	 -0.121
       9.976	 -0.105
       9.980	 -0.092
       9.984	 -0.080
       9.988	 -0.066
       9.992	 -0.054
       9.996	 -0.043
