Elapsed_time	ECG
      0.000	  0.060
      0.004	  0.020
      0.008	 -0.010
      0.012	  0.010
      0.016	 -0.065
      0.020	 -0.110
      0.024	 -0.145
      0.028	 -0.145
      0.032	 -0.110
      0.036	 -0.115
      0.040	 -0.140
      0.044	 -0.105
      0.048	 -0.105
      0.052	 -0.070
      0.056	 -0.060
      0.060	 -0.005
      0.064	  0.025
      0.068	  0.050
      0.072	  0.125
      0.076	  0.155
      0.080	  0.210
      0.084	  0.210
      0.088	  0.210
      0.092	  0.290
      0.096	  0.320
      0.100	  0.355
      0.104	  0.375
      0.108	  0.385
      0.112	  0.370
      0.116	  0.355
      0.120	  0.345
      0.124	  0.395
      0.128	  0.450
      0.132	  0.475
      0.136	  0.475
      0.140	  0.465
      0.144	  0.430
      0.148	  0.420
      0.152	  0.410
      0.156	  0.430
      0.160	  0.465
      0.164	  0.470
      0.168	  0.445
      0.172	  0.475
      0.176	  0.485
      0.180	  0.450
      0.184	  0.420
      0.188	  0.395
      0.192	  0.345
      0.196	  0.310
      0.200	  0.335
      0.204	  0.315
      0.208	  0.305
      0.212	  0.300
      0.216	  0.250
      0.220	  0.195
      0.224	  0.130
      0.228	  0.145
      0.232	  0.185
      0.236	  0.175
      0.240	  0.135
      0.244	  0.150
      0.248	  0.065
      0.252	  0.035
      0.256	 -0.005
      0.260	 -0.035
      0.264	 -0.050
      0.268	 -0.055
      0.272	 -0.025
      0.276	 -0.060
      0.280	 -0.075
      0.284	 -0.065
      0.288	 -0.100
      0.292	 -0.135
      0.296	 -0.110
      0.300	 -0.080
      0.304	 -0.045
      0.308	  0.020
      0.312	  0.045
      0.316	  0.040
      0.320	  0.070
      0.324	  0.085
      0.328	  0.030
      0.332	  0.110
      0.336	  0.175
      0.340	  0.190
      0.344	  0.180
      0.348	  0.190
      0.352	  0.200
      0.356	  0.250
      0.360	  0.225
      0.364	  0.215
      0.368	  0.265
      0.372	  0.270
      0.376	  0.320
      0.380	  0.320
      0.384	  0.340
      0.388	  0.350
      0.392	  0.340
      0.396	  0.380
      0.400	  0.385
      0.404	  0.410
      0.408	  0.475
      0.412	  0.490
      0.416	  0.495
      0.420	  0.475
      0.424	  0.460
      0.428	  0.425
      0.432	  0.425
      0.436	  0.395
      0.440	  0.365
      0.444	  0.380
      0.448	  0.335
      0.452	  0.240
      0.456	  0.220
      0.460	  0.165
      0.464	  0.110
      0.468	  0.105
      0.472	  0.105
      0.476	  0.125
      0.480	  0.110
      0.484	  0.125
      0.488	  0.085
      0.492	  0.050
      0.496	 -0.010
      0.500	 -0.030
      0.504	 -0.045
      0.508	 -0.080
      0.512	 -0.135
      0.516	 -0.145
      0.520	 -0.185
      0.524	 -0.230
      0.528	 -0.210
      0.532	 -0.250
      0.536	 -0.245
      0.540	 -0.270
      0.544	 -0.230
      0.548	 -0.270
      0.552	 -0.315
      0.556	 -0.295
      0.560	 -0.240
      0.564	 -0.175
      0.568	 -0.140
      0.572	 -0.125
      0.576	 -0.120
      0.580	 -0.095
      0.584	 -0.085
      0.588	 -0.055
      0.592	 -0.060
      0.596	 -0.040
      0.600	 -0.005
      0.604	 -0.030
      0.608	 -0.015
      0.612	  0.045
      0.616	  0.060
      0.620	  0.110
      0.624	  0.155
      0.628	  0.175
      0.632	  0.200
      0.636	  0.240
      0.640	  0.255
      0.644	  0.275
      0.648	  0.275
      0.652	  0.255
      0.656	  0.265
      0.660	  0.240
      0.664	  0.295
      0.668	  0.350
      0.672	  0.325
      0.676	  0.290
      0.680	  0.225
      0.684	  0.270
      0.688	  0.315
      0.692	  0.340
      0.696	  0.320
      0.700	  0.330
      0.704	  0.345
      0.708	  0.355
      0.712	  0.320
      0.716	  0.330
      0.720	  0.315
      0.724	  0.350
      0.728	  0.355
      0.732	  0.395
      0.736	  0.360
      0.740	  0.335
      0.744	  0.330
      0.748	  0.265
      0.752	  0.245
      0.756	  0.280
      0.760	  0.275
      0.764	  0.245
      0.768	  0.220
      0.772	  0.240
      0.776	  0.235
      0.780	  0.155
      0.784	  0.100
      0.788	  0.090
      0.792	  0.080
      0.796	  0.080
      0.800	  0.095
      0.804	  0.130
      0.808	  0.155
      0.812	  0.150
      0.816	  0.180
      0.820	  0.190
      0.824	  0.210
      0.828	  0.210
      0.832	  0.240
      0.836	  0.235
      0.840	  0.235
      0.844	  0.290
      0.848	  0.350
      0.852	  0.365
      0.856	  0.405
      0.860	  0.410
      0.864	  0.405
      0.868	  0.440
      0.872	  0.435
      0.876	  0.450
      0.880	  0.510
      0.884	  0.500
      0.888	  0.510
      0.892	  0.620
      0.896	  0.680
      0.900	  0.685
      0.904	  0.670
      0.908	  0.720
      0.912	  0.780
      0.916	  0.800
      0.920	  0.765
      0.924	  0.790
      0.928	  0.815
      0.932	  0.830
      0.936	  0.800
      0.940	  0.795
      0.944	  0.825
      0.948	  0.840
      0.952	  0.805
      0.956	  0.740
      0.960	  0.685
      0.964	  0.640
      0.968	  0.655
      0.972	  0.610
      0.976	  0.585
      0.980	  0.580
      0.984	  0.545
      0.988	  0.545
      0.992	  0.575
      0.996	  0.555
      1.000	  0.545
      1.004	  0.545
      1.008	  0.500
      1.012	  0.485
      1.016	  0.460
      1.020	  0.470
      1.024	  0.400
      1.028	  0.360
      1.032	  0.270
      1.036	  0.225
      1.040	  0.190
      1.044	  0.165
      1.048	  0.140
      1.052	  0.140
      1.056	  0.170
      1.060	  0.185
      1.064	  0.170
      1.068	  0.145
      1.072	  0.170
      1.076	  0.235
      1.080	  0.270
      1.084	  0.225
      1.088	  0.240
      1.092	  0.250
      1.096	  0.250
      1.100	  0.305
      1.104	  0.370
      1.108	  0.445
      1.112	  0.445
      1.116	  0.425
      1.120	  0.450
      1.124	  0.440
      1.128	  0.490
      1.132	  0.570
      1.136	  0.570
      1.140	  0.600
      1.144	  0.610
      1.148	  0.650
      1.152	  0.715
      1.156	  0.735
      1.160	  0.720
      1.164	  0.800
      1.168	  0.880
      1.172	  0.890
      1.176	  0.920
      1.180	  0.890
      1.184	  0.910
      1.188	  1.005
      1.192	  1.025
      1.196	  1.075
      1.200	  1.060
      1.204	  1.125
      1.208	  1.085
      1.212	  1.035
      1.216	  1.010
      1.220	  0.945
      1.224	  0.960
      1.228	  0.940
      1.232	  0.885
      1.236	  0.845
      1.240	  0.810
      1.244	  0.750
      1.248	  0.655
      1.252	  0.605
      1.256	  0.640
      1.260	  0.605
      1.264	  0.615
      1.268	  0.585
      1.272	  0.525
      1.276	  0.485
      1.280	  0.435
      1.284	  0.370
      1.288	  0.310
      1.292	  0.275
      1.296	  0.315
      1.300	  0.325
      1.304	  0.295
      1.308	  0.225
      1.312	  0.185
      1.316	  0.170
      1.320	  0.145
      1.324	  0.145
      1.328	  0.130
      1.332	  0.160
      1.336	  0.175
      1.340	  0.145
      1.344	  0.120
      1.348	  0.095
      1.352	  0.090
      1.356	  0.115
      1.360	  0.140
      1.364	  0.165
      1.368	  0.185
      1.372	  0.180
      1.376	  0.180
      1.380	  0.195
      1.384	  0.160
      1.388	  0.185
      1.392	  0.255
      1.396	  0.270
      1.400	  0.285
      1.404	  0.285
      1.408	  0.310
      1.412	  0.330
      1.416	  0.380
      1.420	  0.430
      1.424	  0.495
      1.428	  0.545
      1.432	  0.530
      1.436	  0.505
      1.440	  0.565
      1.444	  0.655
      1.448	  0.685
      1.452	  0.685
      1.456	  0.710
      1.460	  0.840
      1.464	  0.865
      1.468	  0.855
      1.472	  0.900
      1.476	  0.930
      1.480	  0.950
      1.484	  0.860
      1.488	  0.810
      1.492	  0.785
      1.496	  0.760
      1.500	  0.725
      1.504	  0.715
      1.508	  0.730
      1.512	  0.695
      1.516	  0.645
      1.520	  0.615
      1.524	  0.560
      1.528	  0.505
      1.532	  0.500
      1.536	  0.500
      1.540	  0.450
      1.544	  0.380
      1.548	  0.330
      1.552	  0.310
      1.556	  0.240
      1.560	  0.165
      1.564	  0.210
      1.568	  0.210
      1.572	  0.165
      1.576	  0.115
      1.580	  0.060
      1.584	  0.040
      1.588	  0.020
      1.592	  0.020
      1.596	  0.080
      1.600	  0.060
      1.604	  0.065
      1.608	  0.070
      1.612	  0.060
      1.616	  0.055
      1.620	  0.080
      1.624	  0.080
      1.628	  0.135
      1.632	  0.110
      1.636	  0.055
      1.640	  0.045
      1.644	  0.110
      1.648	  0.170
      1.652	  0.225
      1.656	  0.205
      1.660	  0.250
      1.664	  0.260
      1.668	  0.225
      1.672	  0.215
      1.676	  0.250
      1.680	  0.265
      1.684	  0.305
      1.688	  0.295
      1.692	  0.290
      1.696	  0.310
      1.700	  0.355
      1.704	  0.390
      1.708	  0.415
      1.712	  0.445
      1.716	  0.510
      1.720	  0.560
      1.724	  0.610
      1.728	  0.605
      1.732	  0.595
      1.736	  0.600
      1.740	  0.560
      1.744	  0.515
      1.748	  0.495
      1.752	  0.530
      1.756	  0.500
      1.760	  0.460
      1.764	  0.520
      1.768	  0.575
      1.772	  0.540
      1.776	  0.480
      1.780	  0.500
      1.784	  0.545
      1.788	  0.535
      1.792	  0.555
      1.796	  0.545
      1.800	  0.510
      1.804	  0.475
      1.808	  0.435
      1.812	  0.395
      1.816	  0.355
      1.820	  0.310
      1.824	  0.260
      1.828	  0.240
      1.832	  0.205
      1.836	  0.105
      1.840	  0.090
      1.844	  0.125
      1.848	  0.135
      1.852	  0.145
      1.856	  0.170
      1.860	  0.105
      1.864	  0.045
      1.868	  0.005
      1.872	  0.050
      1.876	  0.065
      1.880	  0.110
      1.884	  0.110
      1.888	  0.075
      1.892	  0.070
      1.896	  0.060
      1.900	  0.080
      1.904	  0.120
      1.908	  0.085
      1.912	  0.075
      1.916	  0.185
      1.920	  0.230
      1.924	  0.250
      1.928	  0.285
      1.932	  0.320
      1.936	  0.295
      1.940	  0.360
      1.944	  0.455
      1.948	  0.535
      1.952	  0.530
      1.956	  0.565
      1.960	  0.605
      1.964	  0.670
      1.968	  0.675
      1.972	  0.660
      1.976	  0.620
      1.980	  0.620
      1.984	  0.645
      1.988	  0.650
      1.992	  0.625
      1.996	  0.605
      2.000	  0.600
      2.004	  0.580
      2.008	  0.555
      2.012	  0.570
      2.016	  0.600
      2.020	  0.570
      2.024	  0.505
      2.028	  0.505
      2.032	  0.510
      2.036	  0.400
      2.040	  0.315
      2.044	  0.270
      2.048	  0.260
      2.052	  0.230
      2.056	  0.170
      2.060	  0.140
      2.064	  0.050
      2.068	 -0.035
      2.072	 -0.075
      2.076	 -0.125
      2.080	 -0.175
      2.084	 -0.170
      2.088	 -0.140
      2.092	 -0.165
      2.096	 -0.195
      2.100	 -0.185
      2.104	 -0.145
      2.108	 -0.175
      2.112	 -0.145
      2.116	 -0.165
      2.120	 -0.185
      2.124	 -0.150
      2.128	 -0.010
      2.132	  0.090
      2.136	  0.070
      2.140	  0.060
      2.144	  0.060
      2.148	  0.155
      2.152	  0.165
      2.156	  0.150
      2.160	  0.135
      2.164	  0.145
      2.168	  0.175
      2.172	  0.235
      2.176	  0.240
      2.180	  0.285
      2.184	  0.305
      2.188	  0.305
      2.192	  0.425
      2.196	  0.525
      2.200	  0.615
      2.204	  0.655
      2.208	  0.705
      2.212	  0.740
      2.216	  0.795
      2.220	  0.825
      2.224	  0.875
      2.228	  0.920
      2.232	  0.895
      2.236	  0.895
      2.240	  0.845
      2.244	  0.800
      2.248	  0.775
      2.252	  0.755
      2.256	  0.790
      2.260	  0.775
      2.264	  0.790
      2.268	  0.835
      2.272	  0.785
      2.276	  0.740
      2.280	  0.765
      2.284	  0.765
      2.288	  0.730
      2.292	  0.740
      2.296	  0.700
      2.300	  0.650
      2.304	  0.605
      2.308	  0.600
      2.312	  0.540
      2.316	  0.445
      2.320	  0.410
      2.324	  0.455
      2.328	  0.425
      2.332	  0.370
      2.336	  0.280
      2.340	  0.235
      2.344	  0.215
      2.348	  0.185
      2.352	  0.180
      2.356	  0.160
      2.360	  0.195
      2.364	  0.255
      2.368	  0.215
      2.372	  0.205
      2.376	  0.220
      2.380	  0.215
      2.384	  0.200
      2.388	  0.185
      2.392	  0.195
      2.396	  0.215
      2.400	  0.190
      2.404	  0.230
      2.408	  0.290
      2.412	  0.255
      2.416	  0.285
      2.420	  0.345
      2.424	  0.285
      2.428	  0.260
      2.432	  0.295
      2.436	  0.330
      2.440	  0.365
      2.444	  0.435
      2.448	  0.495
      2.452	  0.470
      2.456	  0.480
      2.460	  0.495
      2.464	  0.550
      2.468	  0.615
      2.472	  0.635
      2.476	  0.685
      2.480	  0.720
      2.484	  0.700
      2.488	  0.675
      2.492	  0.685
      2.496	  0.695
      2.500	  0.745
      2.504	  0.710
      2.508	  0.660
      2.512	  0.710
      2.516	  0.790
      2.520	  0.855
      2.524	  0.815
      2.528	  0.720
      2.532	  0.700
      2.536	  0.750
      2.540	  0.735
      2.544	  0.670
      2.548	  0.635
      2.552	  0.525
      2.556	  0.475
      2.560	  0.490
      2.564	  0.485
      2.568	  0.405
      2.572	  0.360
      2.576	  0.460
      2.580	  0.500
      2.584	  0.455
      2.588	  0.405
      2.592	  0.320
      2.596	  0.275
      2.600	  0.310
      2.604	  0.285
      2.608	  0.250
      2.612	  0.200
      2.616	  0.160
      2.620	  0.100
      2.624	  0.030
      2.628	  0.020
      2.632	  0.060
      2.636	  0.080
      2.640	  0.080
      2.644	  0.080
      2.648	  0.135
      2.652	  0.145
      2.656	  0.140
      2.660	  0.190
      2.664	  0.160
      2.668	  0.125
      2.672	  0.120
      2.676	  0.170
      2.680	  0.145
      2.684	  0.165
      2.688	  0.195
      2.692	  0.220
      2.696	  0.225
      2.700	  0.255
      2.704	  0.325
      2.708	  0.420
      2.712	  0.415
      2.716	  0.360
      2.720	  0.410
      2.724	  0.505
      2.728	  0.560
      2.732	  0.535
      2.736	  0.580
      2.740	  0.730
      2.744	  0.720
      2.748	  0.590
      2.752	  0.575
      2.756	  0.670
      2.760	  0.725
      2.764	  0.695
      2.768	  0.680
      2.772	  0.695
      2.776	  0.700
      2.780	  0.600
      2.784	  0.540
      2.788	  0.510
      2.792	  0.530
      2.796	  0.465
      2.800	  0.445
      2.804	  0.435
      2.808	  0.390
      2.812	  0.365
      2.816	  0.315
      2.820	  0.280
      2.824	  0.180
      2.828	  0.135
      2.832	  0.170
      2.836	  0.185
      2.840	  0.155
      2.844	  0.120
      2.848	  0.120
      2.852	  0.150
      2.856	  0.205
      2.860	  0.175
      2.864	  0.150
      2.868	  0.210
      2.872	  0.180
      2.876	  0.145
      2.880	  0.105
      2.884	  0.040
      2.888	  0.025
      2.892	  0.005
      2.896	 -0.040
      2.900	 -0.035
      2.904	 -0.070
      2.908	 -0.085
      2.912	 -0.095
      2.916	 -0.120
      2.920	 -0.180
      2.924	 -0.215
      2.928	 -0.165
      2.932	 -0.120
      2.936	 -0.180
      2.940	 -0.175
      2.944	 -0.120
      2.948	 -0.080
      2.952	 -0.105
      2.956	 -0.105
      2.960	 -0.110
      2.964	 -0.105
      2.968	 -0.135
      2.972	 -0.190
      2.976	 -0.220
      2.980	 -0.180
      2.984	 -0.130
      2.988	 -0.085
      2.992	 -0.035
      2.996	 -0.065
      3.000	 -0.085
      3.004	 -0.060
      3.008	 -0.020
      3.012	 -0.010
      3.016	 -0.020
      3.020	 -0.110
      3.024	 -0.105
      3.028	 -0.040
      3.032	  0.000
      3.036	  0.005
      3.040	  0.000
      3.044	 -0.050
      3.048	 -0.105
      3.052	 -0.135
      3.056	 -0.200
      3.060	 -0.230
      3.064	 -0.155
      3.068	 -0.050
      3.072	  0.025
      3.076	  0.095
      3.080	  0.050
      3.084	 -0.050
      3.088	 -0.125
      3.092	 -0.115
      3.096	  0.000
      3.100	  0.020
      3.104	 -0.025
      3.108	 -0.050
      3.112	 -0.030
      3.116	 -0.010
      3.120	  0.005
      3.124	  0.010
      3.128	  0.020
      3.132	  0.085
      3.136	  0.060
      3.140	  0.085
      3.144	  0.130
      3.148	  0.120
      3.152	  0.125
      3.156	  0.170
      3.160	  0.175
      3.164	  0.220
      3.168	  0.175
      3.172	  0.235
      3.176	  0.230
      3.180	  0.225
      3.184	  0.265
      3.188	  0.245
      3.192	  0.220
      3.196	  0.205
      3.200	  0.220
      3.204	  0.330
      3.208	  0.330
      3.212	  0.280
      3.216	  0.280
      3.220	  0.285
      3.224	  0.350
      3.228	  0.295
      3.232	  0.255
      3.236	  0.325
      3.240	  0.415
      3.244	  0.425
      3.248	  0.445
      3.252	  0.445
      3.256	  0.460
      3.260	  0.495
      3.264	  0.565
      3.268	  0.590
      3.272	  0.595
      3.276	  0.610
      3.280	  0.625
      3.284	  0.655
      3.288	  0.605
      3.292	  0.575
      3.296	  0.555
      3.300	  0.540
      3.304	  0.555
      3.308	  0.530
      3.312	  0.465
      3.316	  0.410
      3.320	  0.335
      3.324	  0.265
      3.328	  0.205
      3.332	  0.170
      3.336	  0.195
      3.340	  0.255
      3.344	  0.280
      3.348	  0.245
      3.352	  0.215
      3.356	  0.145
      3.360	  0.090
      3.364	  0.060
      3.368	  0.070
      3.372	  0.075
      3.376	  0.105
      3.380	  0.130
      3.384	  0.205
      3.388	  0.240
      3.392	  0.230
      3.396	  0.195
      3.400	  0.225
      3.404	  0.210
      3.408	  0.190
      3.412	  0.150
      3.416	  0.140
      3.420	  0.100
      3.424	  0.105
      3.428	  0.210
      3.432	  0.275
      3.436	  0.245
      3.440	  0.190
      3.444	  0.240
      3.448	  0.280
      3.452	  0.305
      3.456	  0.285
      3.460	  0.265
      3.464	  0.270
      3.468	  0.305
      3.472	  0.325
      3.476	  0.340
      3.480	  0.360
      3.484	  0.400
      3.488	  0.400
      3.492	  0.405
      3.496	  0.375
      3.500	  0.395
      3.504	  0.420
      3.508	  0.440
      3.512	  0.480
      3.516	  0.495
      3.520	  0.460
      3.524	  0.445
      3.528	  0.460
      3.532	  0.490
      3.536	  0.490
      3.540	  0.475
      3.544	  0.525
      3.548	  0.545
      3.552	  0.555
      3.556	  0.535
      3.560	  0.500
      3.564	  0.455
      3.568	  0.415
      3.572	  0.365
      3.576	  0.370
      3.580	  0.370
      3.584	  0.350
      3.588	  0.300
      3.592	  0.235
      3.596	  0.160
      3.600	  0.105
      3.604	  0.085
      3.608	  0.110
      3.612	  0.095
      3.616	  0.060
      3.620	  0.055
      3.624	  0.035
      3.628	  0.040
      3.632	  0.040
      3.636	  0.040
      3.640	  0.035
      3.644	  0.035
      3.648	  0.035
      3.652	  0.045
      3.656	  0.020
      3.660	  0.015
      3.664	  0.020
      3.668	  0.020
      3.672	  0.080
      3.676	  0.080
      3.680	  0.050
      3.684	  0.020
      3.688	 -0.005
      3.692	  0.015
      3.696	  0.075
      3.700	  0.110
      3.704	  0.110
      3.708	  0.095
      3.712	  0.095
      3.716	  0.100
      3.720	  0.155
      3.724	  0.205
      3.728	  0.225
      3.732	  0.275
      3.736	  0.310
      3.740	  0.360
      3.744	  0.440
      3.748	  0.450
      3.752	  0.430
      3.756	  0.470
      3.760	  0.465
      3.764	  0.490
      3.768	  0.510
      3.772	  0.460
      3.776	  0.425
      3.780	  0.500
      3.784	  0.620
      3.788	  0.690
      3.792	  0.690
      3.796	  0.655
      3.800	  0.615
      3.804	  0.580
      3.808	  0.545
      3.812	  0.570
      3.816	  0.595
      3.820	  0.570
      3.824	  0.565
      3.828	  0.515
      3.832	  0.520
      3.836	  0.495
      3.840	  0.505
      3.844	  0.480
      3.848	  0.445
      3.852	  0.420
      3.856	  0.400
      3.860	  0.420
      3.864	  0.385
      3.868	  0.365
      3.872	  0.375
      3.876	  0.385
      3.880	  0.365
      3.884	  0.365
      3.888	  0.390
      3.892	  0.365
      3.896	  0.395
      3.900	  0.405
      3.904	  0.400
      3.908	  0.385
      3.912	  0.340
      3.916	  0.335
      3.920	  0.320
      3.924	  0.320
      3.928	  0.310
      3.932	  0.295
      3.936	  0.310
      3.940	  0.265
      3.944	  0.200
      3.948	  0.190
      3.952	  0.185
      3.956	  0.170
      3.960	  0.155
      3.964	  0.120
      3.968	  0.140
      3.972	  0.135
      3.976	  0.130
      3.980	  0.145
      3.984	  0.120
      3.988	  0.070
      3.992	  0.065
      3.996	  0.040
      4.000	  0.115
      4.004	  0.160
      4.008	  0.195
      4.012	  0.215
      4.016	  0.200
      4.020	  0.180
      4.024	  0.190
      4.028	  0.215
      4.032	  0.280
      4.036	  0.330
      4.040	  0.305
      4.044	  0.305
      4.048	  0.290
      4.052	  0.310
      4.056	  0.330
      4.060	  0.315
      4.064	  0.300
      4.068	  0.300
      4.072	  0.225
      4.076	  0.180
      4.080	  0.150
      4.084	  0.210
      4.088	  0.240
      4.092	  0.170
      4.096	  0.155
      4.100	  0.190
      4.104	  0.210
      4.108	  0.235
      4.112	  0.220
      4.116	  0.200
      4.120	  0.230
      4.124	  0.250
      4.128	  0.240
      4.132	  0.260
      4.136	  0.240
      4.140	  0.275
      4.144	  0.305
      4.148	  0.325
      4.152	  0.355
      4.156	  0.315
      4.160	  0.320
      4.164	  0.335
      4.168	  0.365
      4.172	  0.345
      4.176	  0.370
      4.180	  0.355
      4.184	  0.355
      4.188	  0.380
      4.192	  0.410
      4.196	  0.460
      4.200	  0.430
      4.204	  0.405
      4.208	  0.405
      4.212	  0.425
      4.216	  0.395
      4.220	  0.380
      4.224	  0.390
      4.228	  0.375
      4.232	  0.380
      4.236	  0.355
      4.240	  0.375
      4.244	  0.315
      4.248	  0.285
      4.252	  0.285
      4.256	  0.270
      4.260	  0.215
      4.264	  0.220
      4.268	  0.330
      4.272	  0.435
      4.276	  0.345
      4.280	  0.315
      4.284	  0.365
      4.288	  0.360
      4.292	  0.310
      4.296	  0.295
      4.300	  0.330
      4.304	  0.280
      4.308	  0.220
      4.312	  0.230
      4.316	  0.240
      4.320	  0.255
      4.324	  0.230
      4.328	  0.200
      4.332	  0.250
      4.336	  0.280
      4.340	  0.320
      4.344	  0.350
      4.348	  0.375
      4.352	  0.360
      4.356	  0.380
      4.360	  0.405
      4.364	  0.475
      4.368	  0.500
      4.372	  0.520
      4.376	  0.520
      4.380	  0.480
      4.384	  0.480
      4.388	  0.520
      4.392	  0.590
      4.396	  0.635
      4.400	  0.580
      4.404	  0.575
      4.408	  0.520
      4.412	  0.510
      4.416	  0.510
      4.420	  0.525
      4.424	  0.550
      4.428	  0.505
      4.432	  0.500
      4.436	  0.480
      4.440	  0.465
      4.444	  0.490
      4.448	  0.550
      4.452	  0.620
      4.456	  0.610
      4.460	  0.615
      4.464	  0.590
      4.468	  0.520
      4.472	  0.500
      4.476	  0.495
      4.480	  0.535
      4.484	  0.585
      4.488	  0.585
      4.492	  0.535
      4.496	  0.480
      4.500	  0.450
      4.504	  0.430
      4.508	  0.440
      4.512	  0.430
      4.516	  0.415
      4.520	  0.405
      4.524	  0.385
      4.528	  0.310
      4.532	  0.320
      4.536	  0.280
      4.540	  0.260
      4.544	  0.230
      4.548	  0.195
      4.552	  0.135
      4.556	  0.060
      4.560	  0.000
      4.564	 -0.035
      4.568	 -0.060
      4.572	 -0.095
      4.576	 -0.115
      4.580	 -0.070
      4.584	 -0.075
      4.588	 -0.075
      4.592	 -0.090
      4.596	 -0.060
      4.600	 -0.040
      4.604	  0.000
      4.608	  0.055
      4.612	  0.105
      4.616	  0.160
      4.620	  0.190
      4.624	  0.220
      4.628	  0.310
      4.632	  0.310
      4.636	  0.350
      4.640	  0.375
      4.644	  0.395
      4.648	  0.465
      4.652	  0.495
      4.656	  0.480
      4.660	  0.445
      4.664	  0.405
      4.668	  0.410
      4.672	  0.410
      4.676	  0.435
      4.680	  0.480
      4.684	  0.505
      4.688	  0.565
      4.692	  0.580
      4.696	  0.545
      4.700	  0.495
      4.704	  0.465
      4.708	  0.500
      4.712	  0.495
      4.716	  0.495
      4.720	  0.485
      4.724	  0.475
      4.728	  0.435
      4.732	  0.420
      4.736	  0.410
      4.740	  0.375
      4.744	  0.325
      4.748	  0.325
      4.752	  0.360
      4.756	  0.390
      4.760	  0.385
      4.764	  0.385
      4.768	  0.380
      4.772	  0.440
      4.776	  0.380
      4.780	  0.355
      4.784	  0.365
      4.788	  0.350
      4.792	  0.330
      4.796	  0.285
      4.800	  0.250
      4.804	  0.225
      4.808	  0.160
      4.812	  0.120
      4.816	  0.095
      4.820	  0.145
      4.824	  0.140
      4.828	  0.065
      4.832	  0.015
      4.836	  0.030
      4.840	  0.005
      4.844	  0.010
      4.848	 -0.020
      4.852	  0.005
      4.856	  0.010
      4.860	  0.015
      4.864	  0.015
      4.868	  0.060
      4.872	  0.120
      4.876	  0.170
      4.880	  0.210
      4.884	  0.225
      4.888	  0.260
      4.892	  0.270
      4.896	  0.315
      4.900	  0.375
      4.904	  0.480
      4.908	  0.540
      4.912	  0.565
      4.916	  0.615
      4.920	  0.615
      4.924	  0.660
      4.928	  0.650
      4.932	  0.735
      4.936	  0.830
      4.940	  0.830
      4.944	  0.810
      4.948	  0.840
      4.952	  0.830
      4.956	  0.785
      4.960	  0.685
      4.964	  0.660
      4.968	  0.695
      4.972	  0.720
      4.976	  0.665
      4.980	  0.585
      4.984	  0.505
      4.988	  0.430
      4.992	  0.430
      4.996	  0.395
      5.000	  0.380
      5.004	  0.360
      5.008	  0.365
      5.012	  0.385
      5.016	  0.380
      5.020	  0.345
      5.024	  0.340
      5.028	  0.320
      5.032	  0.295
      5.036	  0.275
      5.040	  0.240
      5.044	  0.200
      5.048	  0.150
      5.052	  0.070
      5.056	  0.030
      5.060	  0.020
      5.064	 -0.020
      5.068	 -0.055
      5.072	 -0.050
      5.076	 -0.100
      5.080	 -0.100
      5.084	 -0.140
      5.088	 -0.110
      5.092	 -0.130
      5.096	 -0.135
      5.100	 -0.105
      5.104	 -0.095
      5.108	 -0.090
      5.112	 -0.105
      5.116	 -0.080
      5.120	 -0.070
      5.124	 -0.085
      5.128	 -0.090
      5.132	 -0.030
      5.136	 -0.015
      5.140	  0.015
      5.144	  0.010
      5.148	  0.025
      5.152	  0.105
      5.156	  0.215
      5.160	  0.300
      5.164	  0.385
      5.168	  0.400
      5.172	  0.455
      5.176	  0.540
      5.180	  0.625
      5.184	  0.695
      5.188	  0.720
      5.192	  0.760
      5.196	  0.845
      5.200	  0.905
      5.204	  0.945
      5.208	  0.945
      5.212	  0.925
      5.216	  0.920
      5.220	  0.880
      5.224	  0.870
      5.228	  0.820
      5.232	  0.785
      5.236	  0.815
      5.240	  0.755
      5.244	  0.765
      5.248	  0.705
      5.252	  0.680
      5.256	  0.685
      5.260	  0.680
      5.264	  0.630
      5.268	  0.590
      5.272	  0.570
      5.276	  0.580
      5.280	  0.520
      5.284	  0.460
      5.288	  0.430
      5.292	  0.325
      5.296	  0.250
      5.300	  0.225
      5.304	  0.215
      5.308	  0.180
      5.312	  0.220
      5.316	  0.210
      5.320	  0.160
      5.324	  0.125
      5.328	  0.075
      5.332	  0.060
      5.336	  0.075
      5.340	  0.075
      5.344	  0.040
      5.348	  0.060
      5.352	  0.045
      5.356	  0.040
      5.360	  0.045
      5.364	  0.050
      5.368	  0.035
      5.372	  0.005
      5.376	  0.000
      5.380	  0.005
      5.384	  0.035
      5.388	  0.055
      5.392	  0.075
      5.396	  0.055
      5.400	  0.015
      5.404	  0.040
      5.408	  0.050
      5.412	  0.055
      5.416	  0.050
      5.420	  0.025
      5.424	  0.045
      5.428	  0.065
      5.432	  0.115
      5.436	  0.140
      5.440	  0.165
      5.444	  0.260
      5.448	  0.260
      5.452	  0.305
      5.456	  0.325
      5.460	  0.355
      5.464	  0.395
      5.468	  0.410
      5.472	  0.475
      5.476	  0.560
      5.480	  0.545
      5.484	  0.500
      5.488	  0.470
      5.492	  0.480
      5.496	  0.505
      5.500	  0.510
      5.504	  0.490
      5.508	  0.490
      5.512	  0.495
      5.516	  0.520
      5.520	  0.510
      5.524	  0.535
      5.528	  0.515
      5.532	  0.505
      5.536	  0.530
      5.540	  0.535
      5.544	  0.510
      5.548	  0.455
      5.552	  0.425
      5.556	  0.355
      5.560	  0.280
      5.564	  0.290
      5.568	  0.295
      5.572	  0.240
      5.576	  0.225
      5.580	  0.175
      5.584	  0.105
      5.588	  0.085
      5.592	  0.095
      5.596	  0.115
      5.600	  0.180
      5.604	  0.160
      5.608	  0.170
      5.612	  0.140
      5.616	  0.125
      5.620	  0.095
      5.624	  0.060
      5.628	  0.110
      5.632	  0.170
      5.636	  0.130
      5.640	  0.130
      5.644	  0.175
      5.648	  0.165
      5.652	  0.180
      5.656	  0.150
      5.660	  0.160
      5.664	  0.170
      5.668	  0.180
      5.672	  0.170
      5.676	  0.195
      5.680	  0.205
      5.684	  0.235
      5.688	  0.220
      5.692	  0.190
      5.696	  0.230
      5.700	  0.255
      5.704	  0.295
      5.708	  0.270
      5.712	  0.280
      5.716	  0.290
      5.720	  0.315
      5.724	  0.355
      5.728	  0.320
      5.732	  0.355
      5.736	  0.355
      5.740	  0.315
      5.744	  0.335
      5.748	  0.370
      5.752	  0.360
      5.756	  0.335
      5.760	  0.330
      5.764	  0.330
      5.768	  0.360
      5.772	  0.370
      5.776	  0.435
      5.780	  0.405
      5.784	  0.380
      5.788	  0.445
      5.792	  0.545
      5.796	  0.565
      5.800	  0.510
      5.804	  0.465
      5.808	  0.485
      5.812	  0.495
      5.816	  0.460
      5.820	  0.410
      5.824	  0.430
      5.828	  0.385
      5.832	  0.340
      5.836	  0.325
      5.840	  0.345
      5.844	  0.410
      5.848	  0.375
      5.852	  0.360
      5.856	  0.405
      5.860	  0.385
      5.864	  0.355
      5.868	  0.320
      5.872	  0.325
      5.876	  0.350
      5.880	  0.340
      5.884	  0.315
      5.888	  0.270
      5.892	  0.290
      5.896	  0.290
      5.900	  0.270
      5.904	  0.245
      5.908	  0.275
      5.912	  0.285
      5.916	  0.300
      5.920	  0.345
      5.924	  0.370
      5.928	  0.375
      5.932	  0.380
      5.936	  0.385
      5.940	  0.390
      5.944	  0.420
      5.948	  0.445
      5.952	  0.435
      5.956	  0.445
      5.960	  0.450
      5.964	  0.430
      5.968	  0.410
      5.972	  0.395
      5.976	  0.375
      5.980	  0.350
      5.984	  0.345
      5.988	  0.310
      5.992	  0.290
      5.996	  0.250
      6.000	  0.195
      6.004	  0.205
      6.008	  0.225
      6.012	  0.285
      6.016	  0.275
      6.020	  0.270
      6.024	  0.305
      6.028	  0.320
      6.032	  0.270
      6.036	  0.255
      6.040	  0.250
      6.044	  0.255
      6.048	  0.245
      6.052	  0.250
      6.056	  0.270
      6.060	  0.280
      6.064	  0.245
      6.068	  0.255
      6.072	  0.300
      6.076	  0.285
      6.080	  0.300
      6.084	  0.345
      6.088	  0.345
      6.092	  0.315
      6.096	  0.330
      6.100	  0.325
      6.104	  0.360
      6.108	  0.370
      6.112	  0.365
      6.116	  0.400
      6.120	  0.405
      6.124	  0.380
      6.128	  0.380
      6.132	  0.380
      6.136	  0.390
      6.140	  0.415
      6.144	  0.430
      6.148	  0.425
      6.152	  0.455
      6.156	  0.430
      6.160	  0.415
      6.164	  0.450
      6.168	  0.440
      6.172	  0.425
      6.176	  0.480
      6.180	  0.490
      6.184	  0.480
      6.188	  0.515
      6.192	  0.495
      6.196	  0.495
      6.200	  0.540
      6.204	  0.525
      6.208	  0.505
      6.212	  0.515
      6.216	  0.500
      6.220	  0.490
      6.224	  0.490
      6.228	  0.460
      6.232	  0.420
      6.236	  0.375
      6.240	  0.375
      6.244	  0.380
      6.248	  0.365
      6.252	  0.380
      6.256	  0.405
      6.260	  0.385
      6.264	  0.435
      6.268	  0.415
      6.272	  0.385
      6.276	  0.375
      6.280	  0.400
      6.284	  0.375
      6.288	  0.330
      6.292	  0.310
      6.296	  0.295
      6.300	  0.320
      6.304	  0.295
      6.308	  0.290
      6.312	  0.330
      6.316	  0.315
      6.320	  0.330
      6.324	  0.340
      6.328	  0.315
      6.332	  0.335
      6.336	  0.335
      6.340	  0.365
      6.344	  0.375
      6.348	  0.365
      6.352	  0.390
      6.356	  0.380
      6.360	  0.385
      6.364	  0.385
      6.368	  0.395
      6.372	  0.410
      6.376	  0.420
      6.380	  0.435
      6.384	  0.430
      6.388	  0.435
      6.392	  0.445
      6.396	  0.435
      6.400	  0.395
      6.404	  0.405
      6.408	  0.430
      6.412	  0.420
      6.416	  0.440
      6.420	  0.440
      6.424	  0.425
      6.428	  0.425
      6.432	  0.455
      6.436	  0.465
      6.440	  0.470
      6.444	  0.505
      6.448	  0.510
      6.452	  0.530
      6.456	  0.520
      6.460	  0.560
      6.464	  0.600
      6.468	  0.565
      6.472	  0.540
      6.476	  0.535
      6.480	  0.525
      6.484	  0.520
      6.488	  0.445
      6.492	  0.405
      6.496	  0.335
      6.500	  0.290
      6.504	  0.245
      6.508	  0.205
      6.512	  0.205
      6.516	  0.215
      6.520	  0.225
      6.524	  0.200
      6.528	  0.190
      6.532	  0.200
      6.536	  0.210
      6.540	  0.185
      6.544	  0.190
      6.548	  0.200
      6.552	  0.210
      6.556	  0.200
      6.560	  0.195
      6.564	  0.200
      6.568	  0.250
      6.572	  0.230
      6.576	  0.235
      6.580	  0.205
      6.584	  0.230
      6.588	  0.240
      6.592	  0.235
      6.596	  0.200
      6.600	  0.200
      6.604	  0.205
      6.608	  0.250
      6.612	  0.255
      6.616	  0.270
      6.620	  0.240
      6.624	  0.220
      6.628	  0.230
      6.632	  0.255
      6.636	  0.280
      6.640	  0.250
      6.644	  0.250
      6.648	  0.245
      6.652	  0.265
      6.656	  0.295
      6.660	  0.305
      6.664	  0.265
      6.668	  0.265
      6.672	  0.280
      6.676	  0.325
      6.680	  0.360
      6.684	  0.390
      6.688	  0.410
      6.692	  0.425
      6.696	  0.450
      6.700	  0.455
      6.704	  0.505
      6.708	  0.565
      6.712	  0.585
      6.716	  0.600
      6.720	  0.620
      6.724	  0.610
      6.728	  0.625
      6.732	  0.600
      6.736	  0.575
      6.740	  0.575
      6.744	  0.520
      6.748	  0.400
      6.752	  0.330
      6.756	  0.255
      6.760	  0.190
      6.764	  0.140
      6.768	  0.120
      6.772	  0.130
      6.776	  0.115
      6.780	  0.085
      6.784	  0.075
      6.788	  0.015
      6.792	  0.020
      6.796	  0.055
      6.800	  0.110
      6.804	  0.090
      6.808	  0.135
      6.812	  0.225
      6.816	  0.255
      6.820	  0.230
      6.824	  0.285
      6.828	  0.330
      6.832	  0.385
      6.836	  0.450
      6.840	  0.490
      6.844	  0.490
      6.848	  0.510
      6.852	  0.530
      6.856	  0.540
      6.860	  0.560
      6.864	  0.550
      6.868	  0.590
      6.872	  0.660
      6.876	  0.625
      6.880	  0.595
      6.884	  0.585
      6.888	  0.565
      6.892	  0.555
      6.896	  0.555
      6.900	  0.575
      6.904	  0.595
      6.908	  0.540
      6.912	  0.530
      6.916	  0.505
      6.920	  0.495
      6.924	  0.475
      6.928	  0.505
      6.932	  0.545
      6.936	  0.580
      6.940	  0.565
      6.944	  0.560
      6.948	  0.575
      6.952	  0.605
      6.956	  0.635
      6.960	  0.675
      6.964	  0.700
      6.968	  0.700
      6.972	  0.755
      6.976	  0.775
      6.980	  0.740
      6.984	  0.705
      6.988	  0.645
      6.992	  0.610
      6.996	  0.600
      7.000	  0.545
      7.004	  0.455
      7.008	  0.420
      7.012	  0.345
      7.016	  0.270
      7.020	  0.225
      7.024	  0.190
      7.028	  0.140
      7.032	  0.100
      7.036	  0.055
      7.040	  0.015
      7.044	 -0.015
      7.048	 -0.020
      7.052	 -0.010
      7.056	 -0.005
      7.060	 -0.010
      7.064	  0.005
      7.068	  0.015
      7.072	  0.030
      7.076	  0.005
      7.080	 -0.005
      7.084	 -0.025
      7.088	  0.020
      7.092	  0.010
      7.096	  0.040
      7.100	  0.070
      7.104	  0.135
      7.108	  0.160
      7.112	  0.195
      7.116	  0.220
      7.120	  0.285
      7.124	  0.325
      7.128	  0.370
      7.132	  0.425
      7.136	  0.475
      7.140	  0.535
      7.144	  0.540
      7.148	  0.525
      7.152	  0.555
      7.156	  0.580
      7.160	  0.625
      7.164	  0.570
      7.168	  0.545
      7.172	  0.580
      7.176	  0.550
      7.180	  0.545
      7.184	  0.525
      7.188	  0.545
      7.192	  0.630
      7.196	  0.660
      7.200	  0.670
      7.204	  0.720
      7.208	  0.750
      7.212	  0.785
      7.216	  0.830
      7.220	  0.860
      7.224	  0.865
      7.228	  0.825
      7.232	  0.800
      7.236	  0.745
      7.240	  0.710
      7.244	  0.665
      7.248	  0.600
      7.252	  0.565
      7.256	  0.525
      7.260	  0.485
      7.264	  0.445
      7.268	  0.360
      7.272	  0.300
      7.276	  0.210
      7.280	  0.160
      7.284	  0.115
      7.288	  0.080
      7.292	  0.070
      7.296	  0.045
      7.300	  0.030
      7.304	  0.050
      7.308	  0.015
      7.312	  0.050
      7.316	  0.085
      7.320	  0.090
      7.324	  0.065
      7.328	  0.095
      7.332	  0.160
      7.336	  0.165
      7.340	  0.170
      7.344	  0.210
      7.348	  0.270
      7.352	  0.315
      7.356	  0.375
      7.360	  0.415
      7.364	  0.460
      7.368	  0.490
      7.372	  0.470
      7.376	  0.505
      7.380	  0.530
      7.384	  0.585
      7.388	  0.635
      7.392	  0.625
      7.396	  0.680
      7.400	  0.695
      7.404	  0.705
      7.408	  0.720
      7.412	  0.745
      7.416	  0.750
      7.420	  0.825
      7.424	  0.885
      7.428	  0.895
      7.432	  0.915
      7.436	  0.955
      7.440	  0.975
      7.444	  0.990
      7.448	  1.005
      7.452	  1.005
      7.456	  1.005
      7.460	  1.035
      7.464	  0.980
      7.468	  0.875
      7.472	  0.865
      7.476	  0.820
      7.480	  0.805
      7.484	  0.750
      7.488	  0.685
      7.492	  0.650
      7.496	  0.600
      7.500	  0.565
      7.504	  0.530
      7.508	  0.495
      7.512	  0.455
      7.516	  0.460
      7.520	  0.395
      7.524	  0.310
      7.528	  0.215
      7.532	  0.120
      7.536	  0.085
      7.540	  0.030
      7.544	  0.010
      7.548	 -0.035
      7.552	 -0.040
      7.556	 -0.035
      7.560	 -0.080
      7.564	 -0.030
      7.568	 -0.005
      7.572	 -0.030
      7.576	  0.020
      7.580	  0.000
      7.584	  0.030
      7.588	  0.035
      7.592	  0.065
      7.596	  0.065
      7.600	  0.115
      7.604	  0.140
      7.608	  0.180
      7.612	  0.220
      7.616	  0.250
      7.620	  0.275
      7.624	  0.315
      7.628	  0.330
      7.632	  0.360
      7.636	  0.420
      7.640	  0.475
      7.644	  0.470
      7.648	  0.480
      7.652	  0.550
      7.656	  0.570
      7.660	  0.565
      7.664	  0.595
      7.668	  0.590
      7.672	  0.635
      7.676	  0.630
      7.680	  0.645
      7.684	  0.685
      7.688	  0.740
      7.692	  0.770
      7.696	  0.770
      7.700	  0.765
      7.704	  0.775
      7.708	  0.780
      7.712	  0.805
      7.716	  0.800
      7.720	  0.795
      7.724	  0.775
      7.728	  0.720
      7.732	  0.710
      7.736	  0.680
      7.740	  0.635
      7.744	  0.570
      7.748	  0.530
      7.752	  0.490
      7.756	  0.470
      7.760	  0.420
      7.764	  0.400
      7.768	  0.355
      7.772	  0.290
      7.776	  0.215
      7.780	  0.155
      7.784	  0.120
      7.788	  0.060
      7.792	  0.025
      7.796	 -0.030
      7.800	 -0.070
      7.804	 -0.125
      7.808	 -0.110
      7.812	 -0.120
      7.816	 -0.105
      7.820	 -0.050
      7.824	 -0.010
      7.828	 -0.010
      7.832	  0.020
      7.836	  0.035
      7.840	  0.065
      7.844	  0.105
      7.848	  0.120
      7.852	  0.175
      7.856	  0.250
      7.860	  0.265
      7.864	  0.280
      7.868	  0.260
      7.872	  0.265
      7.876	  0.350
      7.880	  0.345
      7.884	  0.340
      7.888	  0.400
      7.892	  0.470
      7.896	  0.495
      7.900	  0.515
      7.904	  0.500
      7.908	  0.530
      7.912	  0.560
      7.916	  0.615
      7.920	  0.620
      7.924	  0.655
      7.928	  0.660
      7.932	  0.680
      7.936	  0.725
      7.940	  0.750
      7.944	  0.770
      7.948	  0.805
      7.952	  0.840
      7.956	  0.875
      7.960	  0.830
      7.964	  0.745
      7.968	  0.700
      7.972	  0.700
      7.976	  0.640
      7.980	  0.580
      7.984	  0.555
      7.988	  0.505
      7.992	  0.485
      7.996	  0.405
      8.000	  0.355
      8.004	  0.365
      8.008	  0.355
      8.012	  0.285
      8.016	  0.260
      8.020	  0.190
      8.024	  0.115
      8.028	  0.020
      8.032	 -0.070
      8.036	 -0.135
      8.040	 -0.170
      8.044	 -0.270
      8.048	 -0.300
      8.052	 -0.330
      8.056	 -0.340
      8.060	 -0.370
      8.064	 -0.390
      8.068	 -0.315
      8.072	 -0.240
      8.076	 -0.220
      8.080	 -0.170
      8.084	 -0.125
      8.088	 -0.135
      8.092	 -0.110
      8.096	 -0.075
      8.100	  0.020
      8.104	  0.075
      8.108	  0.170
      8.112	  0.220
      8.116	  0.225
      8.120	  0.330
      8.124	  0.360
      8.128	  0.375
      8.132	  0.445
      8.136	  0.535
      8.140	  0.625
      8.144	  0.650
      8.148	  0.665
      8.152	  0.695
      8.156	  0.760
      8.160	  0.785
      8.164	  0.790
      8.168	  0.785
      8.172	  0.835
      8.176	  0.895
      8.180	  0.930
      8.184	  0.955
      8.188	  0.890
      8.192	  0.940
      8.196	  0.940
      8.200	  0.905
      8.204	  0.930
      8.208	  0.890
      8.212	  0.865
      8.216	  0.850
      8.220	  0.830
      8.224	  0.775
      8.228	  0.750
      8.232	  0.680
      8.236	  0.660
      8.240	  0.660
      8.244	  0.645
      8.248	  0.605
      8.252	  0.590
      8.256	  0.545
      8.260	  0.540
      8.264	  0.465
      8.268	  0.375
      8.272	  0.325
      8.276	  0.275
      8.280	  0.175
      8.284	  0.090
      8.288	  0.020
      8.292	 -0.060
      8.296	 -0.125
      8.300	 -0.165
      8.304	 -0.190
      8.308	 -0.225
      8.312	 -0.240
      8.316	 -0.275
      8.320	 -0.265
      8.324	 -0.270
      8.328	 -0.270
      8.332	 -0.260
      8.336	 -0.250
      8.340	 -0.240
      8.344	 -0.210
      8.348	 -0.215
      8.352	 -0.170
      8.356	 -0.180
      8.360	 -0.170
      8.364	 -0.120
      8.368	 -0.100
      8.372	 -0.015
      8.376	  0.045
      8.380	  0.105
      8.384	  0.135
      8.388	  0.235
      8.392	  0.285
      8.396	  0.360
      8.400	  0.400
      8.404	  0.455
      8.408	  0.545
      8.412	  0.560
      8.416	  0.620
      8.420	  0.650
      8.424	  0.640
      8.428	  0.665
      8.432	  0.720
      8.436	  0.720
      8.440	  0.750
      8.444	  0.740
      8.448	  0.755
      8.452	  0.710
      8.456	  0.700
      8.460	  0.665
      8.464	  0.600
      8.468	  0.600
      8.472	  0.525
      8.476	  0.520
      8.480	  0.540
      8.484	  0.520
      8.488	  0.495
      8.492	  0.515
      8.496	  0.455
      8.500	  0.455
      8.504	  0.445
      8.508	  0.445
      8.512	  0.440
      8.516	  0.405
      8.520	  0.420
      8.524	  0.380
      8.528	  0.330
      8.532	  0.295
      8.536	  0.270
      8.540	  0.215
      8.544	  0.195
      8.548	  0.135
      8.552	  0.115
      8.556	  0.085
      8.560	  0.025
      8.564	  0.030
      8.568	  0.045
      8.572	  0.000
      8.576	  0.035
      8.580	  0.040
      8.584	  0.005
      8.588	 -0.025
      8.592	 -0.070
      8.596	 -0.050
      8.600	 -0.060
      8.604	 -0.070
      8.608	 -0.055
      8.612	 -0.040
      8.616	  0.035
      8.620	  0.055
      8.624	  0.115
      8.628	  0.110
      8.632	  0.135
      8.636	  0.165
      8.640	  0.260
      8.644	  0.300
      8.648	  0.330
      8.652	  0.395
      8.656	  0.445
      8.660	  0.490
      8.664	  0.555
      8.668	  0.600
      8.672	  0.600
      8.676	  0.700
      8.680	  0.745
      8.684	  0.735
      8.688	  0.760
      8.692	  0.780
      8.696	  0.785
      8.700	  0.785
      8.704	  0.785
      8.708	  0.760
      8.712	  0.775
      8.716	  0.750
      8.720	  0.750
      8.724	  0.710
      8.728	  0.695
      8.732	  0.665
      8.736	  0.655
      8.740	  0.670
      8.744	  0.640
      8.748	  0.605
      8.752	  0.550
      8.756	  0.525
      8.760	  0.485
      8.764	  0.440
      8.768	  0.395
      8.772	  0.350
      8.776	  0.305
      8.780	  0.280
      8.784	  0.260
      8.788	  0.240
      8.792	  0.185
      8.796	  0.175
      8.800	  0.190
      8.804	  0.160
      8.808	  0.200
      8.812	  0.195
      8.816	  0.210
      8.820	  0.215
      8.824	  0.180
      8.828	  0.175
      8.832	  0.160
      8.836	  0.135
      8.840	  0.100
      8.844	  0.100
      8.848	  0.080
      8.852	  0.080
      8.856	  0.070
      8.860	  0.080
      8.864	  0.130
      8.868	  0.090
      8.872	  0.060
      8.876	  0.060
      8.880	  0.110
      8.884	  0.155
      8.888	  0.140
      8.892	  0.100
      8.896	  0.140
      8.900	  0.220
      8.904	  0.290
      8.908	  0.310
      8.912	  0.375
      8.916	  0.435
      8.920	  0.430
      8.924	  0.435
      8.928	  0.520
      8.932	  0.565
      8.936	  0.555
      8.940	  0.560
      8.944	  0.545
      8.948	  0.560
      8.952	  0.540
      8.956	  0.500
      8.960	  0.505
      8.964	  0.515
      8.968	  0.500
      8.972	  0.465
      8.976	  0.490
      8.980	  0.470
      8.984	  0.430
      8.988	  0.375
      8.992	  0.315
      8.996	  0.285
      9.000	  0.280
      9.004	  0.220
      9.008	  0.235
      9.012	  0.180
      9.016	  0.125
      9.020	  0.090
      9.024	  0.020
      9.028	  0.020
      9.032	 -0.025
      9.036	 -0.030
      9.040	 -0.045
      9.044	 -0.035
      9.048	 -0.030
      9.052	 -0.020
      9.056	 -0.030
      9.060	 -0.035
      9.064	 -0.025
      9.068	  0.015
      9.072	  0.030
      9.076	  0.055
      9.080	  0.060
      9.084	  0.075
      9.088	  0.080
      9.092	  0.100
      9.096	  0.085
      9.100	  0.090
      9.104	  0.095
      9.108	  0.075
      9.112	  0.045
      9.116	  0.045
      9.120	  0.035
      9.124	  0.050
      9.128	  0.050
      9.132	  0.095
      9.136	  0.160
      9.140	  0.160
      9.144	  0.235
      9.148	  0.290
      9.152	  0.285
      9.156	  0.360
      9.160	  0.390
      9.164	  0.415
      9.168	  0.485
      9.172	  0.485
      9.176	  0.500
      9.180	  0.495
      9.184	  0.505
      9.188	  0.475
      9.192	  0.450
      9.196	  0.410
      9.200	  0.435
      9.204	  0.475
      9.208	  0.495
      9.212	  0.495
      9.216	  0.495
      9.220	  0.480
      9.224	  0.485
      9.228	  0.515
      9.232	  0.520
      9.236	  0.550
      9.240	  0.520
      9.244	  0.475
      9.248	  0.455
      9.252	  0.420
      9.256	  0.395
      9.260	  0.375
      9.264	  0.330
      9.268	  0.360
      9.272	  0.360
      9.276	  0.310
      9.280	  0.265
      9.284	  0.265
      9.288	  0.250
      9.292	  0.255
      9.296	  0.265
      9.300	  0.310
      9.304	  0.340
      9.308	  0.320
      9.312	  0.335
      9.316	  0.385
      9.320	  0.395
      9.324	  0.410
      9.328	  0.445
      9.332	  0.485
      9.336	  0.560
      9.340	  0.580
      9.344	  0.560
      9.348	  0.560
      9.352	  0.570
      9.356	  0.615
      9.360	  0.620
      9.364	  0.605
      9.368	  0.640
      9.372	  0.675
      9.376	  0.670
      9.380	  0.650
      9.384	  0.620
      9.388	  0.635
      9.392	  0.635
      9.396	  0.650
      9.400	  0.640
      9.404	  0.635
      9.408	  0.655
      9.412	  0.670
      9.416	  0.650
      9.420	  0.655
      9.424	  0.635
      9.428	  0.590
      9.432	  0.580
      9.436	  0.560
      9.440	  0.495
      9.444	  0.480
      9.448	  0.455
      9.452	  0.405
      9.456	  0.420
      9.460	  0.425
      9.464	  0.420
      9.468	  0.440
      9.472	  0.440
      9.476	  0.415
      9.480	  0.380
      9.484	  0.330
      9.488	  0.315
      9.492	  0.290
      9.496	  0.255
      9.500	  0.265
      9.504	  0.250
      9.508	  0.255
      9.512	  0.165
      9.516	  0.130
      9.520	  0.145
      9.524	  0.065
      9.528	  0.040
      9.532	  0.065
      9.536	  0.095
      9.540	  0.065
      9.544	  0.055
      9.548	  0.050
      9.552	  0.090
      9.556	  0.080
      9.560	  0.080
      9.564	  0.125
      9.568	  0.150
      9.572	  0.160
      9.576	  0.155
      9.580	  0.190
      9.584	  0.210
      9.588	  0.220
      9.592	  0.185
      9.596	  0.215
      9.600	  0.290
      9.604	  0.270
      9.608	  0.330
      9.612	  0.365
      9.616	  0.375
      9.620	  0.435
      9.624	  0.440
      9.628	  0.485
      9.632	  0.540
      9.636	  0.530
      9.640	  0.545
      9.644	  0.525
      9.648	  0.485
      9.652	  0.535
      9.656	  0.520
      9.660	  0.525
      9.664	  0.535
      9.668	  0.535
      9.672	  0.505
      9.676	  0.450
      9.680	  0.420
      9.684	  0.405
      9.688	  0.440
      9.692	  0.425
      9.696	  0.355
      9.700	  0.355
      9.704	  0.375
      9.708	  0.375
      9.712	  0.365
      9.716	  0.345
      9.720	  0.350
      9.724	  0.315
      9.728	  0.275
      9.732	  0.235
      9.736	  0.235
      9.740	  0.215
      9.744	  0.180
      9.748	  0.150
      9.752	  0.075
      9.756	  0.050
      9.760	  0.025
      9.764	  0.020
      9.768	  0.010
      9.772	 -0.085
      9.776	 -0.105
      9.780	 -0.180
      9.784	 -0.210
      9.788	 -0.270
      9.792	 -0.305
      9.796	 -0.290
      9.800	 -0.305
      9.804	 -0.315
      9.808	 -0.310
      9.812	 -0.310
      9.816	 -0.285
      9.820	 -0.250
      9.824	 -0.220
      9.828	 -0.195
      9.832	 -0.150
      9.836	 -0.105
      9.840	 -0.095
      9.844	 -0.105
      9.848	 -0.095
      9.852	 -0.025
      9.856	 -0.025
      9.860	 -0.030
      9.864	  0.045
      9.868	  0.095
      9.872	  0.140
      9.876	  0.130
      9.880	  0.145
      9.884	  0.195
      9.888	  0.215
      9.892	  0.245
      9.896	  0.275
      9.900	  0.315
      9.904	  0.300
      9.908	  0.305
      9.912	  0.290
      9.916	  0.260
      9.920	  0.220
      9.924	  0.160
      9.928	  0.090
      9.932	  0.070
      9.936	  0.060
      9.940	  0.010
      9.944	 -0.025
      9.948	 -0.050
      9.952	 -0.035
      9.956	 -0.020
      9.960	  0.015
      9.964	  0.035
      9.968	  0.010
      9.972	  0.045
      9.976	  0.020
      9.980	  0.025
      9.984	  0.000
      9.988	  0.015
      9.992	  0.000
      9.996	 -0.030
