Elapsed_time	ECG
      0.000	 -0.120
      0.004	 -0.205
      0.008	 -0.225
      0.012	 -0.265
      0.016	 -0.260
      0.020	 -0.260
      0.024	 -0.280
      0.028	 -0.315
      0.032	 -0.340
      0.036	 -0.390
      0.040	 -0.405
      0.044	 -0.385
      0.048	 -0.360
      0.052	 -0.325
      0.056	 -0.285
      0.060	 -0.235
      0.064	 -0.205
      0.068	 -0.170
      0.072	 -0.150
      0.076	 -0.070
      0.080	 -0.035
      0.084	  0.000
      0.088	  0.040
      0.092	  0.070
      0.096	  0.075
      0.100	  0.095
      0.104	  0.105
      0.108	  0.120
      0.112	  0.135
      0.116	  0.165
      0.120	  0.195
      0.124	  0.205
      0.128	  0.220
      0.132	  0.210
      0.136	  0.195
      0.140	  0.175
      0.144	  0.140
      0.148	  0.135
      0.152	  0.135
      0.156	  0.135
      0.160	  0.145
      0.164	  0.120
      0.168	  0.120
      0.172	  0.080
      0.176	  0.110
      0.180	  0.100
      0.184	  0.110
      0.188	  0.140
      0.192	  0.135
      0.196	  0.070
      0.200	  0.035
      0.204	 -0.015
      0.208	 -0.055
      0.212	 -0.085
      0.216	 -0.055
      0.220	 -0.015
      0.224	 -0.035
      0.228	 -0.080
      0.232	 -0.130
      0.236	 -0.195
      0.240	 -0.225
      0.244	 -0.255
      0.248	 -0.255
      0.252	 -0.245
      0.256	 -0.260
      0.260	 -0.300
      0.264	 -0.330
      0.268	 -0.325
      0.272	 -0.305
      0.276	 -0.275
      0.280	 -0.270
      0.284	 -0.210
      0.288	 -0.145
      0.292	 -0.090
      0.296	 -0.080
      0.300	 -0.035
      0.304	 -0.030
      0.308	  0.000
      0.312	  0.035
      0.316	  0.040
      0.320	  0.040
      0.324	  0.050
      0.328	  0.070
      0.332	  0.105
      0.336	  0.175
      0.340	  0.215
      0.344	  0.235
      0.348	  0.210
      0.352	  0.180
      0.356	  0.180
      0.360	  0.140
      0.364	  0.145
      0.368	  0.120
      0.372	  0.105
      0.376	  0.090
      0.380	  0.090
      0.384	  0.100
      0.388	  0.105
      0.392	  0.110
      0.396	  0.100
      0.400	  0.075
      0.404	  0.030
      0.408	 -0.010
      0.412	 -0.060
      0.416	 -0.075
      0.420	 -0.090
      0.424	 -0.135
      0.428	 -0.190
      0.432	 -0.240
      0.436	 -0.290
      0.440	 -0.370
      0.444	 -0.400
      0.448	 -0.400
      0.452	 -0.415
      0.456	 -0.400
      0.460	 -0.420
      0.464	 -0.445
      0.468	 -0.475
      0.472	 -0.515
      0.476	 -0.525
      0.480	 -0.510
      0.484	 -0.470
      0.488	 -0.430
      0.492	 -0.395
      0.496	 -0.395
      0.500	 -0.355
      0.504	 -0.295
      0.508	 -0.210
      0.512	 -0.080
      0.516	 -0.030
      0.520	  0.005
      0.524	  0.035
      0.528	  0.010
      0.532	  0.030
      0.536	  0.060
      0.540	  0.070
      0.544	  0.090
      0.548	  0.140
      0.552	  0.150
      0.556	  0.180
      0.560	  0.180
      0.564	  0.150
      0.568	  0.115
      0.572	  0.080
      0.576	  0.065
      0.580	  0.110
      0.584	  0.145
      0.588	  0.185
      0.592	  0.115
      0.596	  0.105
      0.600	  0.045
      0.604	  0.015
      0.608	  0.010
      0.612	 -0.035
      0.616	 -0.010
      0.620	 -0.055
      0.624	 -0.105
      0.628	 -0.135
      0.632	 -0.170
      0.636	 -0.195
      0.640	 -0.230
      0.644	 -0.250
      0.648	 -0.265
      0.652	 -0.285
      0.656	 -0.315
      0.660	 -0.335
      0.664	 -0.370
      0.668	 -0.390
      0.672	 -0.395
      0.676	 -0.390
      0.680	 -0.405
      0.684	 -0.390
      0.688	 -0.370
      0.692	 -0.360
      0.696	 -0.370
      0.700	 -0.355
      0.704	 -0.310
      0.708	 -0.245
      0.712	 -0.130
      0.716	 -0.040
      0.720	  0.040
      0.724	  0.100
      0.728	  0.105
      0.732	  0.110
      0.736	  0.120
      0.740	  0.100
      0.744	  0.130
      0.748	  0.155
      0.752	  0.200
      0.756	  0.225
      0.760	  0.280
      0.764	  0.300
      0.768	  0.305
      0.772	  0.280
      0.776	  0.275
      0.780	  0.255
      0.784	  0.215
      0.788	  0.240
      0.792	  0.245
      0.796	  0.260
      0.800	  0.245
      0.804	  0.205
      0.808	  0.165
      0.812	  0.130
      0.816	  0.090
      0.820	  0.050
      0.824	  0.030
      0.828	 -0.020
      0.832	 -0.075
      0.836	 -0.145
      0.840	 -0.195
      0.844	 -0.245
      0.848	 -0.260
      0.852	 -0.255
      0.856	 -0.260
      0.860	 -0.295
      0.864	 -0.350
      0.868	 -0.375
      0.872	 -0.425
      0.876	 -0.420
      0.880	 -0.430
      0.884	 -0.425
      0.888	 -0.410
      0.892	 -0.400
      0.896	 -0.405
      0.900	 -0.405
      0.904	 -0.415
      0.908	 -0.375
      0.912	 -0.365
      0.916	 -0.315
      0.920	 -0.255
      0.924	 -0.205
      0.928	 -0.175
      0.932	 -0.130
      0.936	 -0.085
      0.940	 -0.055
      0.944	 -0.035
      0.948	  0.015
      0.952	  0.055
      0.956	  0.090
      0.960	  0.130
      0.964	  0.145
      0.968	  0.120
      0.972	  0.120
      0.976	  0.115
      0.980	  0.110
      0.984	  0.145
      0.988	  0.195
      0.992	  0.260
      0.996	  0.290
      1.000	  0.250
      1.004	  0.215
      1.008	  0.165
      1.012	  0.125
      1.016	  0.130
      1.020	  0.160
      1.024	  0.160
      1.028	  0.120
      1.032	  0.045
      1.036	 -0.015
      1.040	 -0.075
      1.044	 -0.065
      1.048	 -0.080
      1.052	 -0.105
      1.056	 -0.155
      1.060	 -0.240
      1.064	 -0.270
      1.068	 -0.265
      1.072	 -0.250
      1.076	 -0.275
      1.080	 -0.255
      1.084	 -0.265
      1.088	 -0.280
      1.092	 -0.300
      1.096	 -0.315
      1.100	 -0.320
      1.104	 -0.320
      1.108	 -0.275
      1.112	 -0.265
      1.116	 -0.240
      1.120	 -0.190
      1.124	 -0.130
      1.128	 -0.100
      1.132	 -0.080
      1.136	 -0.070
      1.140	 -0.065
      1.144	 -0.005
      1.148	  0.050
      1.152	  0.090
      1.156	  0.110
      1.160	  0.120
      1.164	  0.145
      1.168	  0.140
      1.172	  0.160
      1.176	  0.155
      1.180	  0.195
      1.184	  0.210
      1.188	  0.230
      1.192	  0.225
      1.196	  0.225
      1.200	  0.205
      1.204	  0.170
      1.208	  0.190
      1.212	  0.200
      1.216	  0.185
      1.220	  0.155
      1.224	  0.155
      1.228	  0.190
      1.232	  0.230
      1.236	  0.215
      1.240	  0.165
      1.244	  0.095
      1.248	  0.030
      1.252	 -0.035
      1.256	  0.000
      1.260	 -0.005
      1.264	 -0.015
      1.268	 -0.065
      1.272	 -0.105
      1.276	 -0.150
      1.280	 -0.160
      1.284	 -0.160
      1.288	 -0.150
      1.292	 -0.140
      1.296	 -0.150
      1.300	 -0.190
      1.304	 -0.260
      1.308	 -0.295
      1.312	 -0.335
      1.316	 -0.330
      1.320	 -0.300
      1.324	 -0.280
      1.328	 -0.260
      1.332	 -0.250
      1.336	 -0.225
      1.340	 -0.225
      1.344	 -0.170
      1.348	 -0.145
      1.352	 -0.105
      1.356	 -0.065
      1.360	 -0.020
      1.364	  0.005
      1.368	  0.035
      1.372	  0.005
      1.376	  0.035
      1.380	  0.050
      1.384	  0.065
      1.388	  0.095
      1.392	  0.100
      1.396	  0.110
      1.400	  0.105
      1.404	  0.105
      1.408	  0.090
      1.412	  0.125
      1.416	  0.145
      1.420	  0.150
      1.424	  0.140
      1.428	  0.140
      1.432	  0.100
      1.436	  0.090
      1.440	  0.060
      1.444	  0.060
      1.448	  0.055
      1.452	  0.060
      1.456	  0.025
      1.460	  0.025
      1.464	 -0.010
      1.468	 -0.045
      1.472	 -0.080
      1.476	 -0.090
      1.480	 -0.105
      1.484	 -0.105
      1.488	 -0.095
      1.492	 -0.105
      1.496	 -0.130
      1.500	 -0.155
      1.504	 -0.175
      1.508	 -0.150
      1.512	 -0.155
      1.516	 -0.155
      1.520	 -0.155
      1.524	 -0.175
      1.528	 -0.210
      1.532	 -0.195
      1.536	 -0.210
      1.540	 -0.180
      1.544	 -0.170
      1.548	 -0.125
      1.552	 -0.095
      1.556	 -0.040
      1.560	 -0.010
      1.564	  0.030
      1.568	  0.070
      1.572	  0.075
      1.576	  0.110
      1.580	  0.120
      1.584	  0.155
      1.588	  0.170
      1.592	  0.190
      1.596	  0.175
      1.600	  0.175
      1.604	  0.170
      1.608	  0.180
      1.612	  0.195
      1.616	  0.180
      1.620	  0.215
      1.624	  0.215
      1.628	  0.200
      1.632	  0.190
      1.636	  0.165
      1.640	  0.160
      1.644	  0.145
      1.648	  0.135
      1.652	  0.140
      1.656	  0.135
      1.660	  0.105
      1.664	  0.075
      1.668	  0.060
      1.672	  0.025
      1.676	  0.015
      1.680	  0.005
      1.684	 -0.015
      1.688	 -0.020
      1.692	 -0.030
      1.696	 -0.055
      1.700	 -0.105
      1.704	 -0.165
      1.708	 -0.200
      1.712	 -0.210
      1.716	 -0.230
      1.720	 -0.240
      1.724	 -0.255
      1.728	 -0.280
      1.732	 -0.340
      1.736	 -0.395
      1.740	 -0.445
      1.744	 -0.430
      1.748	 -0.415
      1.752	 -0.400
      1.756	 -0.380
      1.760	 -0.335
      1.764	 -0.320
      1.768	 -0.315
      1.772	 -0.295
      1.776	 -0.235
      1.780	 -0.185
      1.784	 -0.130
      1.788	 -0.095
      1.792	 -0.040
      1.796	 -0.065
      1.800	 -0.055
      1.804	 -0.035
      1.808	 -0.040
      1.812	 -0.015
      1.816	  0.010
      1.820	  0.040
      1.824	  0.055
      1.828	  0.045
      1.832	  0.055
      1.836	  0.020
      1.840	  0.020
      1.844	  0.020
      1.848	  0.030
      1.852	  0.060
      1.856	  0.040
      1.860	  0.040
      1.864	  0.020
      1.868	  0.000
      1.872	 -0.035
      1.876	 -0.060
      1.880	 -0.035
      1.884	 -0.015
      1.888	 -0.015
      1.892	  0.000
      1.896	  0.010
      1.900	 -0.020
      1.904	 -0.030
      1.908	 -0.055
      1.912	 -0.120
      1.916	 -0.125
      1.920	 -0.160
      1.924	 -0.195
      1.928	 -0.200
      1.932	 -0.220
      1.936	 -0.255
      1.940	 -0.310
      1.944	 -0.320
      1.948	 -0.345
      1.952	 -0.345
      1.956	 -0.335
      1.960	 -0.370
      1.964	 -0.380
      1.968	 -0.410
      1.972	 -0.400
      1.976	 -0.380
      1.980	 -0.355
      1.984	 -0.295
      1.988	 -0.250
      1.992	 -0.205
      1.996	 -0.180
      2.000	 -0.155
      2.004	 -0.135
      2.008	 -0.080
      2.012	 -0.020
      2.016	  0.015
      2.020	  0.050
      2.024	  0.065
      2.028	  0.105
      2.032	  0.095
      2.036	  0.100
      2.040	  0.120
      2.044	  0.145
      2.048	  0.140
      2.052	  0.150
      2.056	  0.165
      2.060	  0.165
      2.064	  0.155
      2.068	  0.130
      2.072	  0.125
      2.076	  0.090
      2.080	  0.095
      2.084	  0.105
      2.088	  0.110
      2.092	  0.105
      2.096	  0.090
      2.100	  0.055
      2.104	  0.030
      2.108	  0.010
      2.112	  0.030
      2.116	  0.015
      2.120	  0.000
      2.124	 -0.020
      2.128	 -0.065
      2.132	 -0.110
      2.136	 -0.175
      2.140	 -0.210
      2.144	 -0.265
      2.148	 -0.330
      2.152	 -0.385
      2.156	 -0.420
      2.160	 -0.465
      2.164	 -0.475
      2.168	 -0.505
      2.172	 -0.540
      2.176	 -0.530
      2.180	 -0.530
      2.184	 -0.545
      2.188	 -0.535
      2.192	 -0.535
      2.196	 -0.530
      2.200	 -0.500
      2.204	 -0.445
      2.208	 -0.395
      2.212	 -0.355
      2.216	 -0.320
      2.220	 -0.260
      2.224	 -0.240
      2.228	 -0.175
      2.232	 -0.115
      2.236	 -0.115
      2.240	 -0.080
      2.244	 -0.040
      2.248	 -0.020
      2.252	  0.030
      2.256	  0.045
      2.260	  0.075
      2.264	  0.085
      2.268	  0.100
      2.272	  0.100
      2.276	  0.125
      2.280	  0.120
      2.284	  0.165
      2.288	  0.195
      2.292	  0.205
      2.296	  0.185
      2.300	  0.165
      2.304	  0.140
      2.308	  0.110
      2.312	  0.110
      2.316	  0.105
      2.320	  0.110
      2.324	  0.110
      2.328	  0.075
      2.332	  0.025
      2.336	 -0.010
      2.340	 -0.040
      2.344	 -0.065
      2.348	 -0.095
      2.352	 -0.155
      2.356	 -0.180
      2.360	 -0.275
      2.364	 -0.305
      2.368	 -0.350
      2.372	 -0.400
      2.376	 -0.415
      2.380	 -0.425
      2.384	 -0.415
      2.388	 -0.420
      2.392	 -0.420
      2.396	 -0.440
      2.400	 -0.480
      2.404	 -0.475
      2.408	 -0.470
      2.412	 -0.435
      2.416	 -0.415
      2.420	 -0.365
      2.424	 -0.340
      2.428	 -0.320
      2.432	 -0.285
      2.436	 -0.265
      2.440	 -0.230
      2.444	 -0.180
      2.448	 -0.125
      2.452	 -0.060
      2.456	  0.000
      2.460	  0.000
      2.464	 -0.005
      2.468	  0.005
      2.472	  0.015
      2.476	  0.035
      2.480	  0.055
      2.484	  0.090
      2.488	  0.115
      2.492	  0.135
      2.496	  0.130
      2.500	  0.145
      2.504	  0.125
      2.508	  0.170
      2.512	  0.160
      2.516	  0.195
      2.520	  0.175
      2.524	  0.155
      2.528	  0.165
      2.532	  0.130
      2.536	  0.075
      2.540	  0.035
      2.544	  0.040
      2.548	  0.000
      2.552	  0.000
      2.556	 -0.040
      2.560	 -0.065
      2.564	 -0.060
      2.568	 -0.120
      2.572	 -0.165
      2.576	 -0.220
      2.580	 -0.275
      2.584	 -0.320
      2.588	 -0.315
      2.592	 -0.330
      2.596	 -0.320
      2.600	 -0.365
      2.604	 -0.410
      2.608	 -0.450
      2.612	 -0.480
      2.616	 -0.485
      2.620	 -0.430
      2.624	 -0.425
      2.628	 -0.385
      2.632	 -0.400
      2.636	 -0.370
      2.640	 -0.360
      2.644	 -0.335
      2.648	 -0.310
      2.652	 -0.220
      2.656	 -0.180
      2.660	 -0.130
      2.664	 -0.075
      2.668	 -0.030
      2.672	 -0.020
      2.676	 -0.020
      2.680	 -0.010
      2.684	  0.015
      2.688	  0.045
      2.692	  0.065
      2.696	  0.100
      2.700	  0.120
      2.704	  0.095
      2.708	  0.115
      2.712	  0.130
      2.716	  0.145
      2.720	  0.160
      2.724	  0.155
      2.728	  0.175
      2.732	  0.155
      2.736	  0.120
      2.740	  0.105
      2.744	  0.070
      2.748	  0.085
      2.752	  0.060
      2.756	  0.045
      2.760	  0.030
      2.764	 -0.020
      2.768	 -0.075
      2.772	 -0.080
      2.776	 -0.145
      2.780	 -0.185
      2.784	 -0.180
      2.788	 -0.200
      2.792	 -0.215
      2.796	 -0.270
      2.800	 -0.300
      2.804	 -0.325
      2.808	 -0.300
      2.812	 -0.280
      2.816	 -0.275
      2.820	 -0.265
      2.824	 -0.295
      2.828	 -0.290
      2.832	 -0.290
      2.836	 -0.315
      2.840	 -0.300
      2.844	 -0.275
      2.848	 -0.240
      2.852	 -0.200
      2.856	 -0.130
      2.860	 -0.115
      2.864	 -0.085
      2.868	 -0.070
      2.872	 -0.005
      2.876	  0.015
      2.880	  0.070
      2.884	  0.105
      2.888	  0.135
      2.892	  0.170
      2.896	  0.155
      2.900	  0.155
      2.904	  0.155
      2.908	  0.155
      2.912	  0.175
      2.916	  0.210
      2.920	  0.225
      2.924	  0.230
      2.928	  0.245
      2.932	  0.230
      2.936	  0.235
      2.940	  0.205
      2.944	  0.195
      2.948	  0.180
      2.952	  0.200
      2.956	  0.175
      2.960	  0.175
      2.964	  0.130
      2.968	  0.100
      2.972	  0.070
      2.976	  0.055
      2.980	  0.000
      2.984	  0.005
      2.988	 -0.015
      2.992	 -0.050
      2.996	 -0.080
      3.000	 -0.120
      3.004	 -0.195
      3.008	 -0.240
      3.012	 -0.275
      3.016	 -0.275
      3.020	 -0.280
      3.024	 -0.275
      3.028	 -0.255
      3.032	 -0.250
      3.036	 -0.270
      3.040	 -0.280
      3.044	 -0.260
      3.048	 -0.275
      3.052	 -0.260
      3.056	 -0.255
      3.060	 -0.215
      3.064	 -0.175
      3.068	 -0.165
      3.072	 -0.130
      3.076	 -0.070
      3.080	 -0.030
      3.084	  0.005
      3.088	  0.045
      3.092	  0.085
      3.096	  0.100
      3.100	  0.120
      3.104	  0.125
      3.108	  0.125
      3.112	  0.125
      3.116	  0.165
      3.120	  0.195
      3.124	  0.210
      3.128	  0.215
      3.132	  0.165
      3.136	  0.175
      3.140	  0.175
      3.144	  0.180
      3.148	  0.175
      3.152	  0.195
      3.156	  0.210
      3.160	  0.195
      3.164	  0.180
      3.168	  0.160
      3.172	  0.130
      3.176	  0.135
      3.180	  0.105
      3.184	  0.100
      3.188	  0.080
      3.192	  0.050
      3.196	  0.005
      3.200	 -0.040
      3.204	 -0.065
      3.208	 -0.055
      3.212	 -0.060
      3.216	 -0.070
      3.220	 -0.100
      3.224	 -0.125
      3.228	 -0.155
      3.232	 -0.200
      3.236	 -0.225
      3.240	 -0.205
      3.244	 -0.190
      3.248	 -0.160
      3.252	 -0.175
      3.256	 -0.180
      3.260	 -0.195
      3.264	 -0.190
      3.268	 -0.175
      3.272	 -0.160
      3.276	 -0.130
      3.280	 -0.100
      3.284	 -0.040
      3.288	 -0.005
      3.292	  0.000
      3.296	  0.015
      3.300	  0.025
      3.304	  0.005
      3.308	  0.020
      3.312	  0.025
      3.316	  0.035
      3.320	  0.080
      3.324	  0.120
      3.328	  0.125
      3.332	  0.125
      3.336	  0.105
      3.340	  0.105
      3.344	  0.085
      3.348	  0.095
      3.352	  0.115
      3.356	  0.120
      3.360	  0.125
      3.364	  0.125
      3.368	  0.085
      3.372	  0.055
      3.376	  0.055
      3.380	  0.055
      3.384	  0.055
      3.388	  0.070
      3.392	  0.060
      3.396	  0.030
      3.400	 -0.020
      3.404	 -0.100
      3.408	 -0.120
      3.412	 -0.140
      3.416	 -0.165
      3.420	 -0.165
      3.424	 -0.190
      3.428	 -0.260
      3.432	 -0.325
      3.436	 -0.390
      3.440	 -0.430
      3.444	 -0.445
      3.448	 -0.455
      3.452	 -0.440
      3.456	 -0.445
      3.460	 -0.435
      3.464	 -0.470
      3.468	 -0.475
      3.472	 -0.465
      3.476	 -0.450
      3.480	 -0.400
      3.484	 -0.315
      3.488	 -0.275
      3.492	 -0.190
      3.496	 -0.160
      3.500	 -0.170
      3.504	 -0.165
      3.508	 -0.140
      3.512	 -0.100
      3.516	 -0.040
      3.520	  0.000
      3.524	  0.010
      3.528	  0.035
      3.532	  0.055
      3.536	  0.065
      3.540	  0.075
      3.544	  0.075
      3.548	  0.105
      3.552	  0.145
      3.556	  0.155
      3.560	  0.160
      3.564	  0.175
      3.568	  0.155
      3.572	  0.120
      3.576	  0.105
      3.580	  0.090
      3.584	  0.070
      3.588	  0.075
      3.592	  0.075
      3.596	  0.055
      3.600	  0.030
      3.604	  0.000
      3.608	 -0.020
      3.612	 -0.040
      3.616	 -0.040
      3.620	 -0.050
      3.624	 -0.110
      3.628	 -0.130
      3.632	 -0.145
      3.636	 -0.180
      3.640	 -0.220
      3.644	 -0.255
      3.648	 -0.310
      3.652	 -0.320
      3.656	 -0.335
      3.660	 -0.320
      3.664	 -0.340
      3.668	 -0.365
      3.672	 -0.405
      3.676	 -0.400
      3.680	 -0.405
      3.684	 -0.360
      3.688	 -0.315
      3.692	 -0.275
      3.696	 -0.220
      3.700	 -0.200
      3.704	 -0.175
      3.708	 -0.125
      3.712	 -0.080
      3.716	 -0.020
      3.720	 -0.005
      3.724	  0.015
      3.728	  0.025
      3.732	  0.030
      3.736	  0.065
      3.740	  0.065
      3.744	  0.080
      3.748	  0.095
      3.752	  0.120
      3.756	  0.160
      3.760	  0.185
      3.764	  0.145
      3.768	  0.155
      3.772	  0.130
      3.776	  0.140
      3.780	  0.145
      3.784	  0.150
      3.788	  0.190
      3.792	  0.180
      3.796	  0.185
      3.800	  0.150
      3.804	  0.110
      3.808	  0.075
      3.812	  0.050
      3.816	  0.055
      3.820	  0.050
      3.824	  0.055
      3.828	  0.025
      3.832	 -0.020
      3.836	 -0.055
      3.840	 -0.075
      3.844	 -0.105
      3.848	 -0.100
      3.852	 -0.145
      3.856	 -0.175
      3.860	 -0.235
      3.864	 -0.270
      3.868	 -0.260
      3.872	 -0.260
      3.876	 -0.280
      3.880	 -0.300
      3.884	 -0.350
      3.888	 -0.355
      3.892	 -0.380
      3.896	 -0.425
      3.900	 -0.440
      3.904	 -0.440
      3.908	 -0.415
      3.912	 -0.380
      3.916	 -0.315
      3.920	 -0.255
      3.924	 -0.210
      3.928	 -0.155
      3.932	 -0.105
      3.936	 -0.055
      3.940	 -0.020
      3.944	  0.025
      3.948	  0.050
      3.952	  0.095
      3.956	  0.130
      3.960	  0.175
      3.964	  0.180
      3.968	  0.195
      3.972	  0.195
      3.976	  0.190
      3.980	  0.190
      3.984	  0.210
      3.988	  0.215
      3.992	  0.220
      3.996	  0.210
      4.000	  0.205
      4.004	  0.180
      4.008	  0.175
      4.012	  0.180
      4.016	  0.205
      4.020	  0.195
      4.024	  0.180
      4.028	  0.140
      4.032	  0.140
      4.036	  0.085
      4.040	  0.075
      4.044	  0.030
      4.048	  0.005
      4.052	  0.030
      4.056	  0.040
      4.060	  0.030
      4.064	  0.025
      4.068	 -0.020
      4.072	 -0.050
      4.076	 -0.090
      4.080	 -0.110
      4.084	 -0.155
      4.088	 -0.175
      4.092	 -0.160
      4.096	 -0.185
      4.100	 -0.190
      4.104	 -0.220
      4.108	 -0.230
      4.112	 -0.220
      4.116	 -0.235
      4.120	 -0.240
      4.124	 -0.255
      4.128	 -0.225
      4.132	 -0.240
      4.136	 -0.245
      4.140	 -0.200
      4.144	 -0.160
      4.148	 -0.145
      4.152	 -0.090
      4.156	 -0.025
      4.160	  0.045
      4.164	  0.095
      4.168	  0.145
      4.172	  0.170
      4.176	  0.205
      4.180	  0.205
      4.184	  0.265
      4.188	  0.275
      4.192	  0.305
      4.196	  0.325
      4.200	  0.315
      4.204	  0.285
      4.208	  0.295
      4.212	  0.300
      4.216	  0.290
      4.220	  0.305
      4.224	  0.310
      4.228	  0.290
      4.232	  0.275
      4.236	  0.255
      4.240	  0.220
      4.244	  0.220
      4.248	  0.195
      4.252	  0.215
      4.256	  0.195
      4.260	  0.205
      4.264	  0.165
      4.268	  0.135
      4.272	  0.110
      4.276	  0.095
      4.280	  0.060
      4.284	  0.065
      4.288	  0.070
      4.292	  0.065
      4.296	  0.045
      4.300	  0.015
      4.304	 -0.030
      4.308	 -0.080
      4.312	 -0.095
      4.316	 -0.150
      4.320	 -0.170
      4.324	 -0.180
      4.328	 -0.185
      4.332	 -0.205
      4.336	 -0.275
      4.340	 -0.320
      4.344	 -0.295
      4.348	 -0.315
      4.352	 -0.255
      4.356	 -0.210
      4.360	 -0.190
      4.364	 -0.175
      4.368	 -0.155
      4.372	 -0.150
      4.376	 -0.135
      4.380	 -0.070
      4.384	 -0.015
      4.388	  0.055
      4.392	  0.085
      4.396	  0.125
      4.400	  0.120
      4.404	  0.120
      4.408	  0.135
      4.412	  0.165
      4.416	  0.195
      4.420	  0.225
      4.424	  0.215
      4.428	  0.200
      4.432	  0.200
      4.436	  0.170
      4.440	  0.170
      4.444	  0.200
      4.448	  0.175
      4.452	  0.195
      4.456	  0.195
      4.460	  0.185
      4.464	  0.160
      4.468	  0.155
      4.472	  0.105
      4.476	  0.085
      4.480	  0.090
      4.484	  0.105
      4.488	  0.080
      4.492	  0.070
      4.496	  0.075
      4.500	  0.050
      4.504	  0.035
      4.508	  0.020
      4.512	  0.030
      4.516	  0.035
      4.520	  0.020
      4.524	 -0.010
      4.528	 -0.050
      4.532	 -0.055
      4.536	 -0.105
      4.540	 -0.155
      4.544	 -0.185
      4.548	 -0.210
      4.552	 -0.185
      4.556	 -0.185
      4.560	 -0.170
      4.564	 -0.145
      4.568	 -0.135
      4.572	 -0.130
      4.576	 -0.100
      4.580	 -0.045
      4.584	 -0.005
      4.588	  0.045
      4.592	  0.090
      4.596	  0.130
      4.600	  0.160
      4.604	  0.190
      4.608	  0.195
      4.612	  0.200
      4.616	  0.215
      4.620	  0.235
      4.624	  0.255
      4.628	  0.260
      4.632	  0.255
      4.636	  0.235
      4.640	  0.230
      4.644	  0.215
      4.648	  0.210
      4.652	  0.220
      4.656	  0.210
      4.660	  0.230
      4.664	  0.200
      4.668	  0.180
      4.672	  0.135
      4.676	  0.115
      4.680	  0.100
      4.684	  0.110
      4.688	  0.095
      4.692	  0.080
      4.696	  0.055
      4.700	  0.050
      4.704	  0.000
      4.708	 -0.030
      4.712	 -0.060
      4.716	 -0.135
      4.720	 -0.165
      4.724	 -0.215
      4.728	 -0.270
      4.732	 -0.340
      4.736	 -0.360
      4.740	 -0.410
      4.744	 -0.450
      4.748	 -0.480
      4.752	 -0.500
      4.756	 -0.495
      4.760	 -0.470
      4.764	 -0.495
      4.768	 -0.480
      4.772	 -0.495
      4.776	 -0.445
      4.780	 -0.435
      4.784	 -0.385
      4.788	 -0.340
      4.792	 -0.260
      4.796	 -0.230
      4.800	 -0.160
      4.804	 -0.130
      4.808	 -0.080
      4.812	 -0.055
      4.816	 -0.010
      4.820	  0.005
      4.824	  0.055
      4.828	  0.060
      4.832	  0.085
      4.836	  0.095
      4.840	  0.100
      4.844	  0.085
      4.848	  0.110
      4.852	  0.145
      4.856	  0.145
      4.860	  0.145
      4.864	  0.140
      4.868	  0.145
      4.872	  0.150
      4.876	  0.115
      4.880	  0.115
      4.884	  0.130
      4.888	  0.145
      4.892	  0.125
      4.896	  0.090
      4.900	  0.045
      4.904	  0.005
      4.908	 -0.035
      4.912	 -0.045
      4.916	 -0.060
      4.920	 -0.065
      4.924	 -0.115
      4.928	 -0.160
      4.932	 -0.190
      4.936	 -0.250
      4.940	 -0.295
      4.944	 -0.295
      4.948	 -0.300
      4.952	 -0.320
      4.956	 -0.310
      4.960	 -0.340
      4.964	 -0.325
      4.968	 -0.370
      4.972	 -0.395
      4.976	 -0.385
      4.980	 -0.370
      4.984	 -0.315
      4.988	 -0.265
      4.992	 -0.235
      4.996	 -0.175
      5.000	 -0.155
      5.004	 -0.130
      5.008	 -0.100
      5.012	 -0.035
      5.016	  0.000
      5.020	  0.030
      5.024	  0.085
      5.028	  0.080
      5.032	  0.075
      5.036	  0.090
      5.040	  0.090
      5.044	  0.095
      5.048	  0.120
      5.052	  0.150
      5.056	  0.170
      5.060	  0.165
      5.064	  0.160
      5.068	  0.145
      5.072	  0.105
      5.076	  0.135
      5.080	  0.105
      5.084	  0.125
      5.088	  0.130
      5.092	  0.105
      5.096	  0.035
      5.100	  0.035
      5.104	 -0.010
      5.108	 -0.040
      5.112	 -0.075
      5.116	 -0.075
      5.120	 -0.080
      5.124	 -0.110
      5.128	 -0.160
      5.132	 -0.205
      5.136	 -0.255
      5.140	 -0.300
      5.144	 -0.320
      5.148	 -0.335
      5.152	 -0.360
      5.156	 -0.360
      5.160	 -0.385
      5.164	 -0.405
      5.168	 -0.425
      5.172	 -0.435
      5.176	 -0.425
      5.180	 -0.400
      5.184	 -0.375
      5.188	 -0.345
      5.192	 -0.340
      5.196	 -0.345
      5.200	 -0.325
      5.204	 -0.310
      5.208	 -0.260
      5.212	 -0.225
      5.216	 -0.165
      5.220	 -0.095
      5.224	 -0.060
      5.228	 -0.015
      5.232	  0.010
      5.236	  0.035
      5.240	  0.045
      5.244	  0.065
      5.248	  0.045
      5.252	  0.075
      5.256	  0.100
      5.260	  0.130
      5.264	  0.140
      5.268	  0.140
      5.272	  0.150
      5.276	  0.160
      5.280	  0.170
      5.284	  0.205
      5.288	  0.200
      5.292	  0.210
      5.296	  0.220
      5.300	  0.200
      5.304	  0.165
      5.308	  0.145
      5.312	  0.150
      5.316	  0.145
      5.320	  0.120
      5.324	  0.125
      5.328	  0.120
      5.332	  0.110
      5.336	  0.070
      5.340	  0.035
      5.344	  0.005
      5.348	 -0.030
      5.352	 -0.065
      5.356	 -0.100
      5.360	 -0.110
      5.364	 -0.145
      5.368	 -0.205
      5.372	 -0.240
      5.376	 -0.265
      5.380	 -0.310
      5.384	 -0.315
      5.388	 -0.300
      5.392	 -0.295
      5.396	 -0.320
      5.400	 -0.375
      5.404	 -0.370
      5.408	 -0.360
      5.412	 -0.340
      5.416	 -0.320
      5.420	 -0.280
      5.424	 -0.260
      5.428	 -0.190
      5.432	 -0.150
      5.436	 -0.110
      5.440	 -0.060
      5.444	 -0.010
      5.448	  0.005
      5.452	  0.035
      5.456	  0.050
      5.460	  0.060
      5.464	  0.055
      5.468	  0.045
      5.472	  0.040
      5.476	  0.060
      5.480	  0.075
      5.484	  0.105
      5.488	  0.110
      5.492	  0.110
      5.496	  0.095
      5.500	  0.105
      5.504	  0.095
      5.508	  0.105
      5.512	  0.110
      5.516	  0.105
      5.520	  0.105
      5.524	  0.100
      5.528	  0.100
      5.532	  0.100
      5.536	  0.100
      5.540	  0.065
      5.544	  0.050
      5.548	  0.065
      5.552	  0.045
      5.556	  0.045
      5.560	  0.015
      5.564	  0.025
      5.568	 -0.020
      5.572	 -0.050
      5.576	 -0.065
      5.580	 -0.100
      5.584	 -0.135
      5.588	 -0.180
      5.592	 -0.205
      5.596	 -0.230
      5.600	 -0.235
      5.604	 -0.225
      5.608	 -0.235
      5.612	 -0.265
      5.616	 -0.315
      5.620	 -0.335
      5.624	 -0.345
      5.628	 -0.335
      5.632	 -0.320
      5.636	 -0.300
      5.640	 -0.280
      5.644	 -0.240
      5.648	 -0.220
      5.652	 -0.135
      5.656	 -0.100
      5.660	 -0.050
      5.664	 -0.030
      5.668	  0.045
      5.672	  0.050
      5.676	  0.070
      5.680	  0.075
      5.684	  0.100
      5.688	  0.145
      5.692	  0.140
      5.696	  0.145
      5.700	  0.165
      5.704	  0.155
      5.708	  0.165
      5.712	  0.175
      5.716	  0.180
      5.720	  0.225
      5.724	  0.240
      5.728	  0.230
      5.732	  0.205
      5.736	  0.185
      5.740	  0.170
      5.744	  0.160
      5.748	  0.130
      5.752	  0.165
      5.756	  0.140
      5.760	  0.115
      5.764	  0.105
      5.768	  0.105
      5.772	  0.080
      5.776	  0.060
      5.780	  0.025
      5.784	  0.005
      5.788	 -0.025
      5.792	 -0.040
      5.796	 -0.100
      5.800	 -0.145
      5.804	 -0.205
      5.808	 -0.205
      5.812	 -0.200
      5.816	 -0.195
      5.820	 -0.180
      5.824	 -0.180
      5.828	 -0.215
      5.832	 -0.260
      5.836	 -0.315
      5.840	 -0.345
      5.844	 -0.320
      5.848	 -0.305
      5.852	 -0.270
      5.856	 -0.225
      5.860	 -0.200
      5.864	 -0.190
      5.868	 -0.150
      5.872	 -0.135
      5.876	 -0.105
      5.880	 -0.090
      5.884	 -0.035
      5.888	  0.025
      5.892	  0.080
      5.896	  0.110
      5.900	  0.115
      5.904	  0.085
      5.908	  0.065
      5.912	  0.090
      5.916	  0.105
      5.920	  0.135
      5.924	  0.175
      5.928	  0.170
      5.932	  0.170
      5.936	  0.135
      5.940	  0.115
      5.944	  0.130
      5.948	  0.150
      5.952	  0.175
      5.956	  0.185
      5.960	  0.180
      5.964	  0.175
      5.968	  0.180
      5.972	  0.145
      5.976	  0.155
      5.980	  0.100
      5.984	  0.120
      5.988	  0.110
      5.992	  0.055
      5.996	 -0.005
      6.000	 -0.075
      6.004	 -0.160
      6.008	 -0.225
      6.012	 -0.235
      6.016	 -0.255
      6.020	 -0.250
      6.024	 -0.260
      6.028	 -0.250
      6.032	 -0.265
      6.036	 -0.275
      6.040	 -0.290
      6.044	 -0.310
      6.048	 -0.360
      6.052	 -0.375
      6.056	 -0.375
      6.060	 -0.385
      6.064	 -0.390
      6.068	 -0.375
      6.072	 -0.370
      6.076	 -0.335
      6.080	 -0.300
      6.084	 -0.255
      6.088	 -0.230
      6.092	 -0.195
      6.096	 -0.160
      6.100	 -0.090
      6.104	 -0.080
      6.108	 -0.045
      6.112	 -0.030
      6.116	  0.005
      6.120	  0.020
      6.124	  0.070
      6.128	  0.090
      6.132	  0.110
      6.136	  0.130
      6.140	  0.115
      6.144	  0.125
      6.148	  0.125
      6.152	  0.145
      6.156	  0.165
      6.160	  0.175
      6.164	  0.195
      6.168	  0.175
      6.172	  0.165
      6.176	  0.185
      6.180	  0.170
      6.184	  0.175
      6.188	  0.175
      6.192	  0.175
      6.196	  0.130
      6.200	  0.070
      6.204	  0.030
      6.208	 -0.025
      6.212	 -0.075
      6.216	 -0.140
      6.220	 -0.195
      6.224	 -0.250
      6.228	 -0.265
      6.232	 -0.265
      6.236	 -0.300
      6.240	 -0.340
      6.244	 -0.330
      6.248	 -0.310
      6.252	 -0.260
      6.256	 -0.230
      6.260	 -0.210
      6.264	 -0.205
      6.268	 -0.230
      6.272	 -0.255
      6.276	 -0.260
      6.280	 -0.245
      6.284	 -0.225
      6.288	 -0.180
      6.292	 -0.130
      6.296	 -0.090
      6.300	 -0.075
      6.304	 -0.070
      6.308	 -0.050
      6.312	 -0.015
      6.316	  0.040
      6.320	  0.105
      6.324	  0.120
      6.328	  0.085
      6.332	  0.110
      6.336	  0.100
      6.340	  0.085
      6.344	  0.110
      6.348	  0.140
      6.352	  0.170
      6.356	  0.190
      6.360	  0.215
      6.364	  0.190
      6.368	  0.185
      6.372	  0.195
      6.376	  0.220
      6.380	  0.210
      6.384	  0.245
      6.388	  0.235
      6.392	  0.210
      6.396	  0.180
      6.400	  0.120
      6.404	  0.085
      6.408	  0.010
      6.412	  0.010
      6.416	  0.000
      6.420	 -0.040
      6.424	 -0.060
      6.428	 -0.135
      6.432	 -0.190
      6.436	 -0.260
      6.440	 -0.290
      6.444	 -0.305
      6.448	 -0.290
      6.452	 -0.300
      6.456	 -0.280
      6.460	 -0.285
      6.464	 -0.280
      6.468	 -0.230
      6.472	 -0.200
      6.476	 -0.185
      6.480	 -0.170
      6.484	 -0.175
      6.488	 -0.125
      6.492	 -0.125
      6.496	 -0.085
      6.500	 -0.075
      6.504	 -0.035
      6.508	 -0.025
      6.512	  0.000
      6.516	  0.045
      6.520	  0.085
      6.524	  0.115
      6.528	  0.120
      6.532	  0.120
      6.536	  0.125
      6.540	  0.115
      6.544	  0.125
      6.548	  0.115
      6.552	  0.145
      6.556	  0.165
      6.560	  0.155
      6.564	  0.165
      6.568	  0.190
      6.572	  0.155
      6.576	  0.150
      6.580	  0.175
      6.584	  0.170
      6.588	  0.195
      6.592	  0.180
      6.596	  0.160
      6.600	  0.140
      6.604	  0.080
      6.608	  0.040
      6.612	 -0.025
      6.616	 -0.075
      6.620	 -0.080
      6.624	 -0.105
      6.628	 -0.115
      6.632	 -0.160
      6.636	 -0.205
      6.640	 -0.265
      6.644	 -0.295
      6.648	 -0.325
      6.652	 -0.335
      6.656	 -0.315
      6.660	 -0.285
      6.664	 -0.300
      6.668	 -0.275
      6.672	 -0.285
      6.676	 -0.225
      6.680	 -0.180
      6.684	 -0.115
      6.688	 -0.045
      6.692	  0.005
      6.696	  0.000
      6.700	  0.020
      6.704	  0.015
      6.708	  0.045
      6.712	  0.050
      6.716	  0.080
      6.720	  0.105
      6.724	  0.155
      6.728	  0.190
      6.732	  0.215
      6.736	  0.240
      6.740	  0.250
      6.744	  0.250
      6.748	  0.240
      6.752	  0.290
      6.756	  0.310
      6.760	  0.335
      6.764	  0.315
      6.768	  0.320
      6.772	  0.300
      6.776	  0.270
      6.780	  0.285
      6.784	  0.310
      6.788	  0.275
      6.792	  0.305
      6.796	  0.265
      6.800	  0.275
      6.804	  0.225
      6.808	  0.190
      6.812	  0.175
      6.816	  0.155
      6.820	  0.130
      6.824	  0.105
      6.828	  0.080
      6.832	  0.040
      6.836	 -0.005
      6.840	 -0.055
      6.844	 -0.135
      6.848	 -0.170
      6.852	 -0.230
      6.856	 -0.210
      6.860	 -0.235
      6.864	 -0.225
      6.868	 -0.260
      6.872	 -0.280
      6.876	 -0.250
      6.880	 -0.235
      6.884	 -0.190
      6.888	 -0.155
      6.892	 -0.110
      6.896	 -0.075
      6.900	 -0.035
      6.904	  0.005
      6.908	  0.035
      6.912	  0.060
      6.916	  0.095
      6.920	  0.120
      6.924	  0.130
      6.928	  0.170
      6.932	  0.195
      6.936	  0.200
      6.940	  0.195
      6.944	  0.205
      6.948	  0.225
      6.952	  0.260
      6.956	  0.285
      6.960	  0.275
      6.964	  0.285
      6.968	  0.290
      6.972	  0.260
      6.976	  0.265
      6.980	  0.255
      6.984	  0.265
      6.988	  0.265
      6.992	  0.270
      6.996	  0.230
      7.000	  0.205
      7.004	  0.180
      7.008	  0.135
      7.012	  0.125
      7.016	  0.095
      7.020	  0.065
      7.024	  0.055
      7.028	  0.010
      7.032	 -0.045
      7.036	 -0.090
      7.040	 -0.125
      7.044	 -0.150
      7.048	 -0.165
      7.052	 -0.160
      7.056	 -0.175
      7.060	 -0.185
      7.064	 -0.205
      7.068	 -0.200
      7.072	 -0.195
      7.076	 -0.220
      7.080	 -0.195
      7.084	 -0.185
      7.088	 -0.155
      7.092	 -0.150
      7.096	 -0.125
      7.100	 -0.095
      7.104	 -0.050
      7.108	 -0.005
      7.112	  0.060
      7.116	  0.130
      7.120	  0.180
      7.124	  0.230
      7.128	  0.250
      7.132	  0.240
      7.136	  0.235
      7.140	  0.235
      7.144	  0.265
      7.148	  0.290
      7.152	  0.320
      7.156	  0.350
      7.160	  0.380
      7.164	  0.370
      7.168	  0.370
      7.172	  0.335
      7.176	  0.330
      7.180	  0.330
      7.184	  0.325
      7.188	  0.325
      7.192	  0.310
      7.196	  0.290
      7.200	  0.215
      7.204	  0.185
      7.208	  0.170
      7.212	  0.125
      7.216	  0.085
      7.220	  0.045
      7.224	  0.035
      7.228	 -0.010
      7.232	 -0.065
      7.236	 -0.130
      7.240	 -0.155
      7.244	 -0.165
      7.248	 -0.190
      7.252	 -0.185
      7.256	 -0.180
      7.260	 -0.160
      7.264	 -0.160
      7.268	 -0.150
      7.272	 -0.195
      7.276	 -0.160
      7.280	 -0.160
      7.284	 -0.125
      7.288	 -0.065
      7.292	 -0.015
      7.296	 -0.005
      7.300	  0.015
      7.304	  0.005
      7.308	  0.000
      7.312	  0.015
      7.316	  0.085
      7.320	  0.115
      7.324	  0.195
      7.328	  0.220
      7.332	  0.265
      7.336	  0.270
      7.340	  0.265
      7.344	  0.255
      7.348	  0.295
      7.352	  0.310
      7.356	  0.350
      7.360	  0.340
      7.364	  0.350
      7.368	  0.325
      7.372	  0.320
      7.376	  0.330
      7.380	  0.300
      7.384	  0.310
      7.388	  0.305
      7.392	  0.290
      7.396	  0.270
      7.400	  0.235
      7.404	  0.175
      7.408	  0.135
      7.412	  0.105
      7.416	  0.070
      7.420	  0.035
      7.424	  0.000
      7.428	  0.000
      7.432	 -0.055
      7.436	 -0.090
      7.440	 -0.150
      7.444	 -0.170
      7.448	 -0.215
      7.452	 -0.225
      7.456	 -0.235
      7.460	 -0.255
      7.464	 -0.255
      7.468	 -0.295
      7.472	 -0.320
      7.476	 -0.325
      7.480	 -0.340
      7.484	 -0.295
      7.488	 -0.255
      7.492	 -0.215
      7.496	 -0.170
      7.500	 -0.155
      7.504	 -0.135
      7.508	 -0.120
      7.512	 -0.100
      7.516	 -0.055
      7.520	 -0.010
      7.524	  0.035
      7.528	  0.070
      7.532	  0.075
      7.536	  0.060
      7.540	  0.060
      7.544	  0.070
      7.548	  0.070
      7.552	  0.090
      7.556	  0.110
      7.560	  0.135
      7.564	  0.140
      7.568	  0.130
      7.572	  0.110
      7.576	  0.115
      7.580	  0.110
      7.584	  0.140
      7.588	  0.135
      7.592	  0.170
      7.596	  0.145
      7.600	  0.135
      7.604	  0.050
      7.608	  0.040
      7.612	  0.020
      7.616	  0.035
      7.620	  0.030
      7.624	  0.035
      7.628	  0.015
      7.632	 -0.005
      7.636	 -0.045
      7.640	 -0.090
      7.644	 -0.120
      7.648	 -0.135
      7.652	 -0.155
      7.656	 -0.170
      7.660	 -0.180
      7.664	 -0.220
      7.668	 -0.280
      7.672	 -0.355
      7.676	 -0.380
      7.680	 -0.405
      7.684	 -0.410
      7.688	 -0.370
      7.692	 -0.375
      7.696	 -0.380
      7.700	 -0.365
      7.704	 -0.390
      7.708	 -0.355
      7.712	 -0.315
      7.716	 -0.240
      7.720	 -0.185
      7.724	 -0.140
      7.728	 -0.110
      7.732	 -0.065
      7.736	 -0.065
      7.740	 -0.075
      7.744	 -0.065
      7.748	 -0.030
      7.752	 -0.005
      7.756	  0.045
      7.760	  0.070
      7.764	  0.055
      7.768	  0.035
      7.772	 -0.005
      7.776	  0.040
      7.780	  0.045
      7.784	  0.060
      7.788	  0.050
      7.792	  0.075
      7.796	  0.065
      7.800	  0.035
      7.804	  0.005
      7.808	  0.015
      7.812	 -0.015
      7.816	 -0.015
      7.820	 -0.015
      7.824	 -0.005
      7.828	  0.010
      7.832	 -0.005
      7.836	 -0.040
      7.840	 -0.080
      7.844	 -0.100
      7.848	 -0.115
      7.852	 -0.135
      7.856	 -0.170
      7.860	 -0.220
      7.864	 -0.255
      7.868	 -0.300
      7.872	 -0.350
      7.876	 -0.410
      7.880	 -0.445
      7.884	 -0.450
      7.888	 -0.420
      7.892	 -0.415
      7.896	 -0.465
      7.900	 -0.500
      7.904	 -0.540
      7.908	 -0.555
      7.912	 -0.520
      7.916	 -0.475
      7.920	 -0.415
      7.924	 -0.375
      7.928	 -0.340
      7.932	 -0.325
      7.936	 -0.300
      7.940	 -0.270
      7.944	 -0.225
      7.948	 -0.155
      7.952	 -0.125
      7.956	 -0.060
      7.960	  0.000
      7.964	 -0.020
      7.968	 -0.020
      7.972	 -0.020
      7.976	  0.015
      7.980	  0.045
      7.984	  0.070
      7.988	  0.095
      7.992	  0.090
      7.996	  0.060
      8.000	  0.070
      8.004	  0.045
      8.008	  0.040
      8.012	  0.055
      8.016	  0.090
      8.020	  0.105
      8.024	  0.135
      8.028	  0.145
      8.032	  0.135
      8.036	  0.110
      8.040	  0.080
      8.044	  0.045
      8.048	  0.025
      8.052	  0.015
      8.056	 -0.015
      8.060	 -0.040
      8.064	 -0.085
      8.068	 -0.110
      8.072	 -0.180
      8.076	 -0.230
      8.080	 -0.260
      8.084	 -0.265
      8.088	 -0.280
      8.092	 -0.300
      8.096	 -0.330
      8.100	 -0.355
      8.104	 -0.395
      8.108	 -0.420
      8.112	 -0.425
      8.116	 -0.430
      8.120	 -0.435
      8.124	 -0.435
      8.128	 -0.440
      8.132	 -0.440
      8.136	 -0.455
      8.140	 -0.430
      8.144	 -0.420
      8.148	 -0.360
      8.152	 -0.325
      8.156	 -0.300
      8.160	 -0.255
      8.164	 -0.220
      8.168	 -0.195
      8.172	 -0.165
      8.176	 -0.140
      8.180	 -0.075
      8.184	 -0.010
      8.188	  0.025
      8.192	  0.035
      8.196	  0.030
      8.200	  0.045
      8.204	  0.070
      8.208	  0.090
      8.212	  0.110
      8.216	  0.140
      8.220	  0.160
      8.224	  0.185
      8.228	  0.165
      8.232	  0.155
      8.236	  0.140
      8.240	  0.140
      8.244	  0.140
      8.248	  0.160
      8.252	  0.180
      8.256	  0.185
      8.260	  0.150
      8.264	  0.130
      8.268	  0.090
      8.272	  0.040
      8.276	  0.020
      8.280	 -0.005
      8.284	 -0.020
      8.288	 -0.060
      8.292	 -0.105
      8.296	 -0.145
      8.300	 -0.150
      8.304	 -0.175
      8.308	 -0.170
      8.312	 -0.200
      8.316	 -0.190
      8.320	 -0.205
      8.324	 -0.195
      8.328	 -0.235
      8.332	 -0.245
      8.336	 -0.250
      8.340	 -0.270
      8.344	 -0.300
      8.348	 -0.270
      8.352	 -0.280
      8.356	 -0.240
      8.360	 -0.255
      8.364	 -0.240
      8.368	 -0.230
      8.372	 -0.215
      8.376	 -0.175
      8.380	 -0.135
      8.384	 -0.100
      8.388	 -0.045
      8.392	 -0.020
      8.396	  0.040
      8.400	  0.080
      8.404	  0.140
      8.408	  0.165
      8.412	  0.215
      8.416	  0.270
      8.420	  0.270
      8.424	  0.260
      8.428	  0.315
      8.432	  0.300
      8.436	  0.295
      8.440	  0.330
      8.444	  0.325
      8.448	  0.335
      8.452	  0.340
      8.456	  0.385
      8.460	  0.385
      8.464	  0.370
      8.468	  0.345
      8.472	  0.300
      8.476	  0.270
      8.480	  0.280
      8.484	  0.225
      8.488	  0.190
      8.492	  0.165
      8.496	  0.130
      8.500	  0.065
      8.504	  0.035
      8.508	 -0.025
      8.512	 -0.010
      8.516	 -0.035
      8.520	 -0.040
      8.524	 -0.055
      8.528	 -0.060
      8.532	 -0.095
      8.536	 -0.125
      8.540	 -0.145
      8.544	 -0.185
      8.548	 -0.160
      8.552	 -0.190
      8.556	 -0.180
      8.560	 -0.200
      8.564	 -0.185
      8.568	 -0.200
      8.572	 -0.185
      8.576	 -0.190
      8.580	 -0.170
      8.584	 -0.135
      8.588	 -0.080
      8.592	 -0.065
      8.596	 -0.050
      8.600	 -0.025
      8.604	 -0.010
      8.608	  0.020
      8.612	  0.070
      8.616	  0.140
      8.620	  0.215
      8.624	  0.255
      8.628	  0.295
      8.632	  0.315
      8.636	  0.310
      8.640	  0.300
      8.644	  0.315
      8.648	  0.350
      8.652	  0.370
      8.656	  0.415
      8.660	  0.430
      8.664	  0.400
      8.668	  0.420
      8.672	  0.380
      8.676	  0.365
      8.680	  0.350
      8.684	  0.350
      8.688	  0.350
      8.692	  0.330
      8.696	  0.310
      8.700	  0.270
      8.704	  0.220
      8.708	  0.180
      8.712	  0.105
      8.716	  0.095
      8.720	  0.070
      8.724	  0.065
      8.728	  0.070
      8.732	  0.065
      8.736	  0.015
      8.740	 -0.010
      8.744	 -0.030
      8.748	 -0.045
      8.752	 -0.035
      8.756	 -0.015
      8.760	  0.000
      8.764	  0.005
      8.768	  0.025
      8.772	  0.000
      8.776	  0.010
      8.780	  0.000
      8.784	  0.000
      8.788	  0.015
      8.792	 -0.005
      8.796	 -0.005
      8.800	 -0.005
      8.804	  0.025
      8.808	  0.085
      8.812	  0.100
      8.816	  0.130
      8.820	  0.180
      8.824	  0.235
      8.828	  0.275
      8.832	  0.295
      8.836	  0.340
      8.840	  0.340
      8.844	  0.355
      8.848	  0.395
      8.852	  0.410
      8.856	  0.455
      8.860	  0.460
      8.864	  0.470
      8.868	  0.465
      8.872	  0.435
      8.876	  0.465
      8.880	  0.450
      8.884	  0.470
      8.888	  0.470
      8.892	  0.460
      8.896	  0.450
      8.900	  0.450
      8.904	  0.445
      8.908	  0.445
      8.912	  0.435
      8.916	  0.425
      8.920	  0.420
      8.924	  0.405
      8.928	  0.360
      8.932	  0.360
      8.936	  0.340
      8.940	  0.310
      8.944	  0.280
      8.948	  0.250
      8.952	  0.215
      8.956	  0.150
      8.960	  0.115
      8.964	  0.065
      8.968	  0.015
      8.972	 -0.040
      8.976	 -0.075
      8.980	 -0.070
      8.984	 -0.080
      8.988	 -0.045
      8.992	 -0.035
      8.996	 -0.075
      9.000	 -0.095
      9.004	 -0.135
      9.008	 -0.170
      9.012	 -0.175
      9.016	 -0.150
      9.020	 -0.125
      9.024	 -0.075
      9.028	 -0.080
      9.032	 -0.055
      9.036	 -0.040
      9.040	 -0.025
      9.044	 -0.005
      9.048	  0.045
      9.052	  0.115
      9.056	  0.165
      9.060	  0.175
      9.064	  0.210
      9.068	  0.215
      9.072	  0.210
      9.076	  0.205
      9.080	  0.190
      9.084	  0.235
      9.088	  0.260
      9.092	  0.290
      9.096	  0.300
      9.100	  0.305
      9.104	  0.305
      9.108	  0.285
      9.112	  0.290
      9.116	  0.290
      9.120	  0.315
      9.124	  0.325
      9.128	  0.345
      9.132	  0.335
      9.136	  0.305
      9.140	  0.295
      9.144	  0.300
      9.148	  0.295
      9.152	  0.285
      9.156	  0.250
      9.160	  0.265
      9.164	  0.230
      9.168	  0.210
      9.172	  0.185
      9.176	  0.175
      9.180	  0.130
      9.184	  0.150
      9.188	  0.120
      9.192	  0.100
      9.196	  0.020
      9.200	  0.005
      9.204	 -0.030
      9.208	 -0.035
      9.212	 -0.085
      9.216	 -0.090
      9.220	 -0.070
      9.224	 -0.065
      9.228	 -0.075
      9.232	 -0.065
      9.236	 -0.070
      9.240	 -0.085
      9.244	 -0.075
      9.248	 -0.050
      9.252	 -0.025
      9.256	  0.005
      9.260	  0.045
      9.264	  0.065
      9.268	  0.075
      9.272	  0.075
      9.276	  0.120
      9.280	  0.140
      9.284	  0.180
      9.288	  0.205
      9.292	  0.230
      9.296	  0.245
      9.300	  0.270
      9.304	  0.240
      9.308	  0.250
      9.312	  0.270
      9.316	  0.280
      9.320	  0.295
      9.324	  0.315
      9.328	  0.330
      9.332	  0.325
      9.336	  0.305
      9.340	  0.315
      9.344	  0.280
      9.348	  0.290
      9.352	  0.300
      9.356	  0.320
      9.360	  0.325
      9.364	  0.325
      9.368	  0.305
      9.372	  0.240
      9.376	  0.210
      9.380	  0.145
      9.384	  0.110
      9.388	  0.100
      9.392	  0.055
      9.396	  0.000
      9.400	 -0.045
      9.404	 -0.090
      9.408	 -0.135
      9.412	 -0.145
      9.416	 -0.125
      9.420	 -0.130
      9.424	 -0.110
      9.428	 -0.085
      9.432	 -0.085
      9.436	 -0.085
      9.440	 -0.115
      9.444	 -0.100
      9.448	 -0.105
      9.452	 -0.115
      9.456	 -0.080
      9.460	 -0.090
      9.464	 -0.105
      9.468	 -0.115
      9.472	 -0.130
      9.476	 -0.160
      9.480	 -0.175
      9.484	 -0.175
      9.488	 -0.140
      9.492	 -0.140
      9.496	 -0.120
      9.500	 -0.110
      9.504	 -0.140
      9.508	 -0.135
      9.512	 -0.145
      9.516	 -0.130
      9.520	 -0.110
      9.524	 -0.100
      9.528	 -0.095
      9.532	 -0.085
      9.536	 -0.085
      9.540	 -0.090
      9.544	 -0.080
      9.548	 -0.100
      9.552	 -0.070
      9.556	 -0.055
      9.560	 -0.060
      9.564	 -0.090
      9.568	 -0.095
      9.572	 -0.140
      9.576	 -0.175
      9.580	 -0.180
      9.584	 -0.190
      9.588	 -0.210
      9.592	 -0.235
      9.596	 -0.265
      9.600	 -0.320
      9.604	 -0.365
      9.608	 -0.405
      9.612	 -0.450
      9.616	 -0.450
      9.620	 -0.440
      9.624	 -0.415
      9.628	 -0.380
      9.632	 -0.335
      9.636	 -0.295
      9.640	 -0.285
      9.644	 -0.250
      9.648	 -0.210
      9.652	 -0.155
      9.656	 -0.115
      9.660	 -0.080
      9.664	 -0.050
      9.668	 -0.025
      9.672	 -0.030
      9.676	 -0.010
      9.680	  0.015
      9.684	  0.045
      9.688	  0.070
      9.692	  0.110
      9.696	  0.115
      9.700	  0.125
      9.704	  0.120
      9.708	  0.120
      9.712	  0.095
      9.716	  0.080
      9.720	  0.055
      9.724	  0.045
      9.728	  0.005
      9.732	  0.000
      9.736	 -0.060
      9.740	 -0.060
      9.744	 -0.060
      9.748	 -0.060
      9.752	 -0.080
      9.756	 -0.090
      9.760	 -0.090
      9.764	 -0.100
      9.768	 -0.100
      9.772	 -0.130
      9.776	 -0.170
      9.780	 -0.230
      9.784	 -0.280
      9.788	 -0.305
      9.792	 -0.305
      9.796	 -0.360
      9.800	 -0.390
      9.804	 -0.445
      9.808	 -0.500
      9.812	 -0.515
      9.816	 -0.535
      9.820	 -0.560
      9.824	 -0.585
      9.828	 -0.620
      9.832	 -0.620
      9.836	 -0.620
      9.840	 -0.610
      9.844	 -0.550
      9.848	 -0.505
      9.852	 -0.435
      9.856	 -0.380
      9.860	 -0.345
      9.864	 -0.335
      9.868	 -0.325
      9.872	 -0.330
      9.876	 -0.285
      9.880	 -0.245
      9.884	 -0.220
      9.888	 -0.160
      9.892	 -0.140
      9.896	 -0.115
      9.900	 -0.130
      9.904	 -0.125
      9.908	 -0.080
      9.912	 -0.060
      9.916	 -0.075
      9.920	 -0.030
      9.924	 -0.060
      9.928	 -0.110
      9.932	 -0.195
      9.936	 -0.220
      9.940	 -0.265
      9.944	 -0.285
      9.948	 -0.255
      9.952	 -0.225
      9.956	 -0.220
      9.960	 -0.185
      9.964	 -0.195
      9.968	 -0.190
      9.972	 -0.235
      9.976	 -0.260
      9.980	 -0.300
      9.984	 -0.320
      9.988	 -0.350
      9.992	 -0.375
      9.996	 -0.410
