Elapsed_time	ECG
      0.000	 -0.410
      0.004	 -0.430
      0.008	 -0.435
      0.012	 -0.480
      0.016	 -0.515
      0.020	 -0.505
      0.024	 -0.545
      0.028	 -0.505
      0.032	 -0.545
      0.036	 -0.545
      0.040	 -0.520
      0.044	 -0.520
      0.048	 -0.480
      0.052	 -0.415
      0.056	 -0.350
      0.060	 -0.295
      0.064	 -0.265
      0.068	 -0.195
      0.072	 -0.170
      0.076	 -0.160
      0.080	 -0.120
      0.084	 -0.060
      0.088	 -0.055
      0.092	 -0.005
      0.096	  0.000
      0.100	  0.020
      0.104	  0.015
      0.108	  0.035
      0.112	  0.015
      0.116	  0.015
      0.120	  0.020
      0.124	 -0.015
      0.128	 -0.065
      0.132	 -0.130
      0.136	 -0.180
      0.140	 -0.220
      0.144	 -0.190
      0.148	 -0.205
      0.152	 -0.200
      0.156	 -0.190
      0.160	 -0.180
      0.164	 -0.225
      0.168	 -0.180
      0.172	 -0.225
      0.176	 -0.255
      0.180	 -0.265
      0.184	 -0.290
      0.188	 -0.285
      0.192	 -0.335
      0.196	 -0.375
      0.200	 -0.445
      0.204	 -0.495
      0.208	 -0.530
      0.212	 -0.545
      0.216	 -0.560
      0.220	 -0.575
      0.224	 -0.585
      0.228	 -0.625
      0.232	 -0.625
      0.236	 -0.650
      0.240	 -0.650
      0.244	 -0.670
      0.248	 -0.615
      0.252	 -0.610
      0.256	 -0.550
      0.260	 -0.530
      0.264	 -0.470
      0.268	 -0.435
      0.272	 -0.390
      0.276	 -0.335
      0.280	 -0.280
      0.284	 -0.205
      0.288	 -0.150
      0.292	 -0.110
      0.296	 -0.090
      0.300	 -0.070
      0.304	 -0.075
      0.308	 -0.045
      0.312	 -0.030
      0.316	 -0.005
      0.320	  0.005
      0.324	 -0.010
      0.328	 -0.040
      0.332	 -0.090
      0.336	 -0.130
      0.340	 -0.195
      0.344	 -0.195
      0.348	 -0.195
      0.352	 -0.190
      0.356	 -0.160
      0.360	 -0.170
      0.364	 -0.160
      0.368	 -0.175
      0.372	 -0.175
      0.376	 -0.170
      0.380	 -0.195
      0.384	 -0.190
      0.388	 -0.215
      0.392	 -0.240
      0.396	 -0.270
      0.400	 -0.295
      0.404	 -0.325
      0.408	 -0.335
      0.412	 -0.320
      0.416	 -0.320
      0.420	 -0.315
      0.424	 -0.340
      0.428	 -0.365
      0.432	 -0.400
      0.436	 -0.440
      0.440	 -0.445
      0.444	 -0.455
      0.448	 -0.455
      0.452	 -0.420
      0.456	 -0.390
      0.460	 -0.400
      0.464	 -0.400
      0.468	 -0.370
      0.472	 -0.350
      0.476	 -0.310
      0.480	 -0.230
      0.484	 -0.150
      0.488	 -0.120
      0.492	 -0.075
      0.496	 -0.070
      0.500	 -0.030
      0.504	 -0.020
      0.508	  0.010
      0.512	  0.040
      0.516	  0.065
      0.520	  0.095
      0.524	  0.080
      0.528	  0.100
      0.532	  0.075
      0.536	  0.045
      0.540	  0.000
      0.544	 -0.020
      0.548	 -0.075
      0.552	 -0.125
      0.556	 -0.125
      0.560	 -0.160
      0.564	 -0.180
      0.568	 -0.190
      0.572	 -0.195
      0.576	 -0.210
      0.580	 -0.210
      0.584	 -0.215
      0.588	 -0.250
      0.592	 -0.255
      0.596	 -0.320
      0.600	 -0.365
      0.604	 -0.390
      0.608	 -0.420
      0.612	 -0.410
      0.616	 -0.410
      0.620	 -0.420
      0.624	 -0.415
      0.628	 -0.465
      0.632	 -0.470
      0.636	 -0.500
      0.640	 -0.530
      0.644	 -0.570
      0.648	 -0.575
      0.652	 -0.585
      0.656	 -0.565
      0.660	 -0.540
      0.664	 -0.525
      0.668	 -0.525
      0.672	 -0.505
      0.676	 -0.470
      0.680	 -0.420
      0.684	 -0.350
      0.688	 -0.275
      0.692	 -0.210
      0.696	 -0.150
      0.700	 -0.070
      0.704	 -0.050
      0.708	  0.000
      0.712	  0.030
      0.716	  0.060
      0.720	  0.095
      0.724	  0.120
      0.728	  0.125
      0.732	  0.145
      0.736	  0.135
      0.740	  0.120
      0.744	  0.095
      0.748	  0.055
      0.752	  0.025
      0.756	 -0.025
      0.760	 -0.060
      0.764	 -0.080
      0.768	 -0.110
      0.772	 -0.130
      0.776	 -0.130
      0.780	 -0.125
      0.784	 -0.110
      0.788	 -0.135
      0.792	 -0.160
      0.796	 -0.245
      0.800	 -0.280
      0.804	 -0.315
      0.808	 -0.345
      0.812	 -0.360
      0.816	 -0.375
      0.820	 -0.395
      0.824	 -0.405
      0.828	 -0.425
      0.832	 -0.460
      0.836	 -0.530
      0.840	 -0.555
      0.844	 -0.550
      0.848	 -0.575
      0.852	 -0.525
      0.856	 -0.500
      0.860	 -0.500
      0.864	 -0.500
      0.868	 -0.525
      0.872	 -0.505
      0.876	 -0.475
      0.880	 -0.435
      0.884	 -0.380
      0.888	 -0.310
      0.892	 -0.290
      0.896	 -0.245
      0.900	 -0.200
      0.904	 -0.145
      0.908	 -0.095
      0.912	 -0.040
      0.916	  0.010
      0.920	  0.050
      0.924	  0.055
      0.928	  0.065
      0.932	  0.075
      0.936	  0.065
      0.940	  0.040
      0.944	  0.025
      0.948	  0.025
      0.952	  0.010
      0.956	 -0.025
      0.960	 -0.070
      0.964	 -0.115
      0.968	 -0.100
      0.972	 -0.145
      0.976	 -0.170
      0.980	 -0.200
      0.984	 -0.205
      0.988	 -0.220
      0.992	 -0.250
      0.996	 -0.310
      1.000	 -0.385
      1.004	 -0.460
      1.008	 -0.480
      1.012	 -0.510
      1.016	 -0.515
      1.020	 -0.525
      1.024	 -0.555
      1.028	 -0.570
      1.032	 -0.620
      1.036	 -0.630
      1.040	 -0.630
      1.044	 -0.655
      1.048	 -0.620
      1.052	 -0.575
      1.056	 -0.550
      1.060	 -0.540
      1.064	 -0.530
      1.068	 -0.545
      1.072	 -0.565
      1.076	 -0.555
      1.080	 -0.530
      1.084	 -0.455
      1.088	 -0.390
      1.092	 -0.350
      1.096	 -0.325
      1.100	 -0.285
      1.104	 -0.260
      1.108	 -0.235
      1.112	 -0.175
      1.116	 -0.120
      1.120	 -0.070
      1.124	 -0.055
      1.128	 -0.055
      1.132	 -0.040
      1.136	 -0.045
      1.140	 -0.045
      1.144	 -0.040
      1.148	 -0.035
      1.152	 -0.065
      1.156	 -0.060
      1.160	 -0.070
      1.164	 -0.110
      1.168	 -0.140
      1.172	 -0.155
      1.176	 -0.170
      1.180	 -0.160
      1.184	 -0.175
      1.188	 -0.155
      1.192	 -0.190
      1.196	 -0.240
      1.200	 -0.260
      1.204	 -0.300
      1.208	 -0.340
      1.212	 -0.375
      1.216	 -0.395
      1.220	 -0.420
      1.224	 -0.415
      1.228	 -0.480
      1.232	 -0.510
      1.236	 -0.565
      1.240	 -0.575
      1.244	 -0.575
      1.248	 -0.560
      1.252	 -0.535
      1.256	 -0.540
      1.260	 -0.530
      1.264	 -0.555
      1.268	 -0.525
      1.272	 -0.520
      1.276	 -0.530
      1.280	 -0.490
      1.284	 -0.435
      1.288	 -0.370
      1.292	 -0.320
      1.296	 -0.270
      1.300	 -0.220
      1.304	 -0.165
      1.308	 -0.115
      1.312	 -0.045
      1.316	 -0.010
      1.320	  0.035
      1.324	  0.060
      1.328	  0.045
      1.332	  0.065
      1.336	  0.060
      1.340	  0.030
      1.344	  0.045
      1.348	  0.060
      1.352	  0.065
      1.356	  0.075
      1.360	  0.070
      1.364	  0.030
      1.368	 -0.010
      1.372	 -0.060
      1.376	 -0.075
      1.380	 -0.090
      1.384	 -0.085
      1.388	 -0.080
      1.392	 -0.095
      1.396	 -0.125
      1.400	 -0.185
      1.404	 -0.255
      1.408	 -0.270
      1.412	 -0.275
      1.416	 -0.285
      1.420	 -0.295
      1.424	 -0.320
      1.428	 -0.370
      1.432	 -0.405
      1.436	 -0.475
      1.440	 -0.510
      1.444	 -0.555
      1.448	 -0.600
      1.452	 -0.620
      1.456	 -0.620
      1.460	 -0.620
      1.464	 -0.660
      1.468	 -0.685
      1.472	 -0.665
      1.476	 -0.645
      1.480	 -0.645
      1.484	 -0.630
      1.488	 -0.605
      1.492	 -0.585
      1.496	 -0.555
      1.500	 -0.505
      1.504	 -0.455
      1.508	 -0.375
      1.512	 -0.300
      1.516	 -0.225
      1.520	 -0.180
      1.524	 -0.140
      1.528	 -0.150
      1.532	 -0.160
      1.536	 -0.110
      1.540	 -0.105
      1.544	 -0.090
      1.548	 -0.085
      1.552	 -0.100
      1.556	 -0.115
      1.560	 -0.140
      1.564	 -0.160
      1.568	 -0.165
      1.572	 -0.200
      1.576	 -0.220
      1.580	 -0.255
      1.584	 -0.205
      1.588	 -0.175
      1.592	 -0.140
      1.596	 -0.135
      1.600	 -0.140
      1.604	 -0.185
      1.608	 -0.200
      1.612	 -0.240
      1.616	 -0.210
      1.620	 -0.220
      1.624	 -0.205
      1.628	 -0.225
      1.632	 -0.225
      1.636	 -0.270
      1.640	 -0.300
      1.644	 -0.340
      1.648	 -0.345
      1.652	 -0.335
      1.656	 -0.340
      1.660	 -0.360
      1.664	 -0.360
      1.668	 -0.385
      1.672	 -0.410
      1.676	 -0.420
      1.680	 -0.405
      1.684	 -0.380
      1.688	 -0.315
      1.692	 -0.320
      1.696	 -0.310
      1.700	 -0.270
      1.704	 -0.210
      1.708	 -0.140
      1.712	 -0.075
      1.716	 -0.025
      1.720	 -0.025
      1.724	  0.025
      1.728	  0.015
      1.732	  0.040
      1.736	  0.030
      1.740	  0.005
      1.744	  0.010
      1.748	  0.015
      1.752	  0.035
      1.756	  0.015
      1.760	 -0.005
      1.764	 -0.030
      1.768	 -0.075
      1.772	 -0.140
      1.776	 -0.140
      1.780	 -0.140
      1.784	 -0.130
      1.788	 -0.130
      1.792	 -0.155
      1.796	 -0.170
      1.800	 -0.175
      1.804	 -0.210
      1.808	 -0.195
      1.812	 -0.205
      1.816	 -0.220
      1.820	 -0.210
      1.824	 -0.220
      1.828	 -0.210
      1.832	 -0.220
      1.836	 -0.255
      1.840	 -0.260
      1.844	 -0.290
      1.848	 -0.295
      1.852	 -0.255
      1.856	 -0.285
      1.860	 -0.290
      1.864	 -0.305
      1.868	 -0.330
      1.872	 -0.335
      1.876	 -0.340
      1.880	 -0.310
      1.884	 -0.285
      1.888	 -0.250
      1.892	 -0.230
      1.896	 -0.235
      1.900	 -0.235
      1.904	 -0.185
      1.908	 -0.150
      1.912	 -0.110
      1.916	 -0.050
      1.920	  0.015
      1.924	  0.045
      1.928	  0.055
      1.932	  0.075
      1.936	  0.045
      1.940	  0.050
      1.944	  0.070
      1.948	  0.100
      1.952	  0.130
      1.956	  0.145
      1.960	  0.135
      1.964	  0.130
      1.968	  0.115
      1.972	  0.100
      1.976	  0.040
      1.980	  0.045
      1.984	  0.040
      1.988	  0.025
      1.992	  0.000
      1.996	  0.000
      2.000	 -0.030
      2.004	 -0.065
      2.008	 -0.080
      2.012	 -0.060
      2.016	 -0.050
      2.020	 -0.040
      2.024	 -0.080
      2.028	 -0.085
      2.032	 -0.140
      2.036	 -0.165
      2.040	 -0.205
      2.044	 -0.185
      2.048	 -0.205
      2.052	 -0.230
      2.056	 -0.225
      2.060	 -0.260
      2.064	 -0.260
      2.068	 -0.325
      2.072	 -0.315
      2.076	 -0.320
      2.080	 -0.335
      2.084	 -0.315
      2.088	 -0.295
      2.092	 -0.270
      2.096	 -0.250
      2.100	 -0.230
      2.104	 -0.205
      2.108	 -0.155
      2.112	 -0.100
      2.116	 -0.040
      2.120	  0.035
      2.124	  0.100
      2.128	  0.150
      2.132	  0.160
      2.136	  0.160
      2.140	  0.190
      2.144	  0.220
      2.148	  0.240
      2.152	  0.295
      2.156	  0.300
      2.160	  0.300
      2.164	  0.350
      2.168	  0.325
      2.172	  0.335
      2.176	  0.340
      2.180	  0.335
      2.184	  0.365
      2.188	  0.360
      2.192	  0.365
      2.196	  0.360
      2.200	  0.350
      2.204	  0.315
      2.208	  0.310
      2.212	  0.285
      2.216	  0.300
      2.220	  0.275
      2.224	  0.260
      2.228	  0.220
      2.232	  0.190
      2.236	  0.165
      2.240	  0.170
      2.244	  0.160
      2.248	  0.120
      2.252	  0.075
      2.256	  0.035
      2.260	  0.000
      2.264	 -0.050
      2.268	 -0.075
      2.272	 -0.120
      2.276	 -0.120
      2.280	 -0.120
      2.284	 -0.120
      2.288	 -0.150
      2.292	 -0.170
      2.296	 -0.210
      2.300	 -0.225
      2.304	 -0.240
      2.308	 -0.220
      2.312	 -0.195
      2.316	 -0.155
      2.320	 -0.130
      2.324	 -0.085
      2.328	 -0.030
      2.332	  0.015
      2.336	  0.045
      2.340	  0.055
      2.344	  0.100
      2.348	  0.130
      2.352	  0.180
      2.356	  0.250
      2.360	  0.240
      2.364	  0.270
      2.368	  0.290
      2.372	  0.290
      2.376	  0.300
      2.380	  0.305
      2.384	  0.355
      2.388	  0.380
      2.392	  0.385
      2.396	  0.400
      2.400	  0.410
      2.404	  0.370
      2.408	  0.365
      2.412	  0.370
      2.416	  0.380
      2.420	  0.365
      2.424	  0.380
      2.428	  0.370
      2.432	  0.350
      2.436	  0.300
      2.440	  0.300
      2.444	  0.290
      2.448	  0.265
      2.452	  0.260
      2.456	  0.245
      2.460	  0.205
      2.464	  0.185
      2.468	  0.150
      2.472	  0.130
      2.476	  0.085
      2.480	  0.100
      2.484	  0.095
      2.488	  0.085
      2.492	  0.035
      2.496	 -0.035
      2.500	 -0.105
      2.504	 -0.140
      2.508	 -0.145
      2.512	 -0.150
      2.516	 -0.130
      2.520	 -0.080
      2.524	 -0.050
      2.528	 -0.055
      2.532	 -0.005
      2.536	  0.020
      2.540	  0.010
      2.544	  0.045
      2.548	  0.095
      2.552	  0.145
      2.556	  0.200
      2.560	  0.240
      2.564	  0.275
      2.568	  0.285
      2.572	  0.315
      2.576	  0.350
      2.580	  0.350
      2.584	  0.385
      2.588	  0.440
      2.592	  0.450
      2.596	  0.460
      2.600	  0.490
      2.604	  0.475
      2.608	  0.485
      2.612	  0.500
      2.616	  0.490
      2.620	  0.505
      2.624	  0.495
      2.628	  0.480
      2.632	  0.465
      2.636	  0.445
      2.640	  0.425
      2.644	  0.410
      2.648	  0.415
      2.652	  0.420
      2.656	  0.405
      2.660	  0.390
      2.664	  0.360
      2.668	  0.305
      2.672	  0.235
      2.676	  0.195
      2.680	  0.175
      2.684	  0.165
      2.688	  0.130
      2.692	  0.135
      2.696	  0.095
      2.700	  0.070
      2.704	  0.010
      2.708	 -0.035
      2.712	 -0.105
      2.716	 -0.140
      2.720	 -0.155
      2.724	 -0.150
      2.728	 -0.115
      2.732	 -0.070
      2.736	 -0.060
      2.740	 -0.060
      2.744	 -0.035
      2.748	 -0.020
      2.752	  0.025
      2.756	  0.050
      2.760	  0.105
      2.764	  0.120
      2.768	  0.180
      2.772	  0.185
      2.776	  0.245
      2.780	  0.250
      2.784	  0.310
      2.788	  0.345
      2.792	  0.370
      2.796	  0.360
      2.800	  0.365
      2.804	  0.365
      2.808	  0.355
      2.812	  0.375
      2.816	  0.415
      2.820	  0.425
      2.824	  0.410
      2.828	  0.425
      2.832	  0.395
      2.836	  0.375
      2.840	  0.350
      2.844	  0.315
      2.848	  0.320
      2.852	  0.320
      2.856	  0.295
      2.860	  0.290
      2.864	  0.290
      2.868	  0.250
      2.872	  0.235
      2.876	  0.210
      2.880	  0.200
      2.884	  0.180
      2.888	  0.175
      2.892	  0.175
      2.896	  0.135
      2.900	  0.135
      2.904	  0.115
      2.908	  0.095
      2.912	  0.070
      2.916	  0.070
      2.920	  0.035
      2.924	  0.000
      2.928	 -0.040
      2.932	 -0.075
      2.936	 -0.115
      2.940	 -0.100
      2.944	 -0.050
      2.948	 -0.005
      2.952	  0.030
      2.956	  0.035
      2.960	  0.060
      2.964	  0.065
      2.968	  0.110
      2.972	  0.115
      2.976	  0.145
      2.980	  0.200
      2.984	  0.260
      2.988	  0.275
      2.992	  0.300
      2.996	  0.305
      3.000	  0.310
      3.004	  0.300
      3.008	  0.315
      3.012	  0.345
      3.016	  0.365
      3.020	  0.375
      3.024	  0.360
      3.028	  0.335
      3.032	  0.325
      3.036	  0.300
      3.040	  0.285
      3.044	  0.255
      3.048	  0.265
      3.052	  0.245
      3.056	  0.235
      3.060	  0.250
      3.064	  0.195
      3.068	  0.215
      3.072	  0.185
      3.076	  0.180
      3.080	  0.175
      3.084	  0.165
      3.088	  0.165
      3.092	  0.165
      3.096	  0.155
      3.100	  0.160
      3.104	  0.110
      3.108	  0.080
      3.112	  0.040
      3.116	  0.030
      3.120	  0.060
      3.124	  0.050
      3.128	  0.050
      3.132	  0.000
      3.136	 -0.050
      3.140	 -0.095
      3.144	 -0.135
      3.148	 -0.155
      3.152	 -0.145
      3.156	 -0.130
      3.160	 -0.135
      3.164	 -0.140
      3.168	 -0.140
      3.172	 -0.115
      3.176	 -0.080
      3.180	 -0.075
      3.184	 -0.060
      3.188	 -0.030
      3.192	  0.010
      3.196	  0.045
      3.200	  0.070
      3.204	  0.085
      3.208	  0.105
      3.212	  0.140
      3.216	  0.170
      3.220	  0.205
      3.224	  0.220
      3.228	  0.245
      3.232	  0.255
      3.236	  0.245
      3.240	  0.250
      3.244	  0.245
      3.248	  0.250
      3.252	  0.275
      3.256	  0.285
      3.260	  0.295
      3.264	  0.280
      3.268	  0.235
      3.272	  0.200
      3.276	  0.185
      3.280	  0.185
      3.284	  0.190
      3.288	  0.150
      3.292	  0.145
      3.296	  0.130
      3.300	  0.080
      3.304	  0.045
      3.308	  0.030
      3.312	  0.010
      3.316	 -0.005
      3.320	 -0.020
      3.324	 -0.030
      3.328	 -0.080
      3.332	 -0.130
      3.336	 -0.175
      3.340	 -0.190
      3.344	 -0.215
      3.348	 -0.235
      3.352	 -0.250
      3.356	 -0.265
      3.360	 -0.270
      3.364	 -0.290
      3.368	 -0.295
      3.372	 -0.285
      3.376	 -0.275
      3.380	 -0.280
      3.384	 -0.260
      3.388	 -0.235
      3.392	 -0.200
      3.396	 -0.215
      3.400	 -0.160
      3.404	 -0.160
      3.408	 -0.120
      3.412	 -0.100
      3.416	 -0.045
      3.420	 -0.010
      3.424	  0.060
      3.428	  0.110
      3.432	  0.155
      3.436	  0.175
      3.440	  0.220
      3.444	  0.220
      3.448	  0.235
      3.452	  0.270
      3.456	  0.275
      3.460	  0.290
      3.464	  0.310
      3.468	  0.285
      3.472	  0.295
      3.476	  0.280
      3.480	  0.280
      3.484	  0.265
      3.488	  0.300
      3.492	  0.295
      3.496	  0.260
      3.500	  0.245
      3.504	  0.210
      3.508	  0.175
      3.512	  0.120
      3.516	  0.110
      3.520	  0.115
      3.524	  0.060
      3.528	  0.030
      3.532	 -0.020
      3.536	 -0.090
      3.540	 -0.150
      3.544	 -0.240
      3.548	 -0.280
      3.552	 -0.330
      3.556	 -0.360
      3.560	 -0.385
      3.564	 -0.410
      3.568	 -0.460
      3.572	 -0.480
      3.576	 -0.500
      3.580	 -0.485
      3.584	 -0.445
      3.588	 -0.410
      3.592	 -0.415
      3.596	 -0.375
      3.600	 -0.400
      3.604	 -0.400
      3.608	 -0.350
      3.612	 -0.290
      3.616	 -0.230
      3.620	 -0.190
      3.624	 -0.160
      3.628	 -0.110
      3.632	 -0.060
      3.636	 -0.020
      3.640	  0.025
      3.644	  0.055
      3.648	  0.100
      3.652	  0.135
      3.656	  0.175
      3.660	  0.180
      3.664	  0.195
      3.668	  0.175
      3.672	  0.160
      3.676	  0.170
      3.680	  0.210
      3.684	  0.215
      3.688	  0.220
      3.692	  0.205
      3.696	  0.185
      3.700	  0.155
      3.704	  0.155
      3.708	  0.165
      3.712	  0.145
      3.716	  0.100
      3.720	  0.075
      3.724	  0.015
      3.728	  0.015
      3.732	 -0.015
      3.736	 -0.075
      3.740	 -0.135
      3.744	 -0.190
      3.748	 -0.240
      3.752	 -0.255
      3.756	 -0.290
      3.760	 -0.305
      3.764	 -0.305
      3.768	 -0.335
      3.772	 -0.360
      3.776	 -0.395
      3.780	 -0.430
      3.784	 -0.410
      3.788	 -0.330
      3.792	 -0.280
      3.796	 -0.210
      3.800	 -0.175
      3.804	 -0.135
      3.808	 -0.105
      3.812	 -0.120
      3.816	 -0.055
      3.820	 -0.010
      3.824	  0.025
      3.828	  0.055
      3.832	  0.065
      3.836	  0.080
      3.840	  0.090
      3.844	  0.135
      3.848	  0.175
      3.852	  0.225
      3.856	  0.265
      3.860	  0.260
      3.864	  0.245
      3.868	  0.235
      3.872	  0.205
      3.876	  0.215
      3.880	  0.215
      3.884	  0.240
      3.888	  0.250
      3.892	  0.245
      3.896	  0.190
      3.900	  0.180
      3.904	  0.120
      3.908	  0.100
      3.912	  0.090
      3.916	  0.070
      3.920	  0.020
      3.924	 -0.005
      3.928	 -0.085
      3.932	 -0.125
      3.936	 -0.190
      3.940	 -0.260
      3.944	 -0.260
      3.948	 -0.305
      3.952	 -0.280
      3.956	 -0.320
      3.960	 -0.345
      3.964	 -0.365
      3.968	 -0.410
      3.972	 -0.420
      3.976	 -0.445
      3.980	 -0.460
      3.984	 -0.430
      3.988	 -0.375
      3.992	 -0.325
      3.996	 -0.310
      4.000	 -0.265
      4.004	 -0.260
      4.008	 -0.220
      4.012	 -0.200
      4.016	 -0.125
      4.020	 -0.095
      4.024	 -0.060
      4.028	 -0.045
      4.032	 -0.025
      4.036	  0.000
      4.040	  0.030
      4.044	  0.065
      4.048	  0.100
      4.052	  0.140
      4.056	  0.165
      4.060	  0.190
      4.064	  0.180
      4.068	  0.190
      4.072	  0.190
      4.076	  0.200
      4.080	  0.215
      4.084	  0.230
      4.088	  0.260
      4.092	  0.280
      4.096	  0.260
      4.100	  0.260
      4.104	  0.225
      4.108	  0.215
      4.112	  0.195
      4.116	  0.200
      4.120	  0.175
      4.124	  0.155
      4.128	  0.115
      4.132	  0.060
      4.136	  0.030
      4.140	  0.000
      4.144	 -0.035
      4.148	 -0.050
      4.152	 -0.070
      4.156	 -0.105
      4.160	 -0.140
      4.164	 -0.155
      4.168	 -0.245
      4.172	 -0.280
      4.176	 -0.320
      4.180	 -0.305
      4.184	 -0.320
      4.188	 -0.295
      4.192	 -0.270
      4.196	 -0.270
      4.200	 -0.245
      4.204	 -0.255
      4.208	 -0.205
      4.212	 -0.170
      4.216	 -0.125
      4.220	 -0.060
      4.224	 -0.020
      4.228	  0.020
      4.232	  0.050
      4.236	  0.050
      4.240	  0.070
      4.244	  0.100
      4.248	  0.140
      4.252	  0.170
      4.256	  0.185
      4.260	  0.175
      4.264	  0.165
      4.268	  0.180
      4.272	  0.165
      4.276	  0.185
      4.280	  0.150
      4.284	  0.180
      4.288	  0.215
      4.292	  0.190
      4.296	  0.190
      4.300	  0.180
      4.304	  0.140
      4.308	  0.125
      4.312	  0.115
      4.316	  0.095
      4.320	  0.100
      4.324	  0.090
      4.328	  0.055
      4.332	  0.020
      4.336	 -0.005
      4.340	 -0.035
      4.344	 -0.065
      4.348	 -0.080
      4.352	 -0.095
      4.356	 -0.080
      4.360	 -0.110
      4.364	 -0.155
      4.368	 -0.170
      4.372	 -0.215
      4.376	 -0.240
      4.380	 -0.290
      4.384	 -0.285
      4.388	 -0.300
      4.392	 -0.300
      4.396	 -0.320
      4.400	 -0.335
      4.404	 -0.335
      4.408	 -0.335
      4.412	 -0.310
      4.416	 -0.260
      4.420	 -0.240
      4.424	 -0.185
      4.428	 -0.150
      4.432	 -0.125
      4.436	 -0.115
      4.440	 -0.070
      4.444	 -0.020
      4.448	  0.010
      4.452	  0.085
      4.456	  0.155
      4.460	  0.200
      4.464	  0.220
      4.468	  0.260
      4.472	  0.275
      4.476	  0.310
      4.480	  0.315
      4.484	  0.350
      4.488	  0.370
      4.492	  0.390
      4.496	  0.360
      4.500	  0.355
      4.504	  0.320
      4.508	  0.310
      4.512	  0.330
      4.516	  0.310
      4.520	  0.295
      4.524	  0.295
      4.528	  0.290
      4.532	  0.295
      4.536	  0.240
      4.540	  0.180
      4.544	  0.165
      4.548	  0.115
      4.552	  0.100
      4.556	  0.090
      4.560	  0.085
      4.564	  0.055
      4.568	  0.010
      4.572	 -0.045
      4.576	 -0.080
      4.580	 -0.140
      4.584	 -0.180
      4.588	 -0.205
      4.592	 -0.235
      4.596	 -0.290
      4.600	 -0.315
      4.604	 -0.385
      4.608	 -0.395
      4.612	 -0.415
      4.616	 -0.410
      4.620	 -0.390
      4.624	 -0.375
      4.628	 -0.370
      4.632	 -0.360
      4.636	 -0.365
      4.640	 -0.340
      4.644	 -0.330
      4.648	 -0.255
      4.652	 -0.250
      4.656	 -0.195
      4.660	 -0.160
      4.664	 -0.155
      4.668	 -0.140
      4.672	 -0.110
      4.676	 -0.060
      4.680	 -0.010
      4.684	  0.050
      4.688	  0.105
      4.692	  0.145
      4.696	  0.170
      4.700	  0.200
      4.704	  0.200
      4.708	  0.230
      4.712	  0.280
      4.716	  0.305
      4.720	  0.330
      4.724	  0.355
      4.728	  0.345
      4.732	  0.370
      4.736	  0.365
      4.740	  0.375
      4.744	  0.370
      4.748	  0.375
      4.752	  0.355
      4.756	  0.360
      4.760	  0.370
      4.764	  0.350
      4.768	  0.350
      4.772	  0.325
      4.776	  0.315
      4.780	  0.295
      4.784	  0.260
      4.788	  0.235
      4.792	  0.175
      4.796	  0.130
      4.800	  0.060
      4.804	 -0.010
      4.808	 -0.070
      4.812	 -0.100
      4.816	 -0.135
      4.820	 -0.160
      4.824	 -0.205
      4.828	 -0.260
      4.832	 -0.250
      4.836	 -0.295
      4.840	 -0.325
      4.844	 -0.325
      4.848	 -0.340
      4.852	 -0.320
      4.856	 -0.290
      4.860	 -0.290
      4.864	 -0.300
      4.868	 -0.295
      4.872	 -0.275
      4.876	 -0.250
      4.880	 -0.210
      4.884	 -0.170
      4.888	 -0.135
      4.892	 -0.075
      4.896	 -0.055
      4.900	 -0.055
      4.904	 -0.030
      4.908	  0.000
      4.912	  0.025
      4.916	  0.035
      4.920	  0.070
      4.924	  0.085
      4.928	  0.105
      4.932	  0.095
      4.936	  0.095
      4.940	  0.100
      4.944	  0.090
      4.948	  0.110
      4.952	  0.150
      4.956	  0.180
      4.960	  0.185
      4.964	  0.165
      4.968	  0.170
      4.972	  0.155
      4.976	  0.155
      4.980	  0.155
      4.984	  0.165
      4.988	  0.155
      4.992	  0.170
      4.996	  0.120
      5.000	  0.105
      5.004	  0.055
      5.008	  0.040
      5.012	  0.045
      5.016	  0.045
      5.020	  0.055
      5.024	  0.020
      5.028	 -0.005
      5.032	 -0.045
      5.036	 -0.105
      5.040	 -0.165
      5.044	 -0.205
      5.048	 -0.245
      5.052	 -0.245
      5.056	 -0.265
      5.060	 -0.290
      5.064	 -0.280
      5.068	 -0.285
      5.072	 -0.335
      5.076	 -0.350
      5.080	 -0.320
      5.084	 -0.285
      5.088	 -0.245
      5.092	 -0.235
      5.096	 -0.190
      5.100	 -0.135
      5.104	 -0.100
      5.108	 -0.070
      5.112	 -0.020
      5.116	  0.035
      5.120	  0.045
      5.124	  0.080
      5.128	  0.080
      5.132	  0.110
      5.136	  0.085
      5.140	  0.095
      5.144	  0.100
      5.148	  0.095
      5.152	  0.145
      5.156	  0.170
      5.160	  0.175
      5.164	  0.155
      5.168	  0.160
      5.172	  0.150
      5.176	  0.155
      5.180	  0.150
      5.184	  0.155
      5.188	  0.170
      5.192	  0.150
      5.196	  0.155
      5.200	  0.145
      5.204	  0.120
      5.208	  0.115
      5.212	  0.085
      5.216	  0.075
      5.220	  0.075
      5.224	  0.075
      5.228	  0.065
      5.232	  0.025
      5.236	 -0.005
      5.240	 -0.075
      5.244	 -0.095
      5.248	 -0.120
      5.252	 -0.125
      5.256	 -0.155
      5.260	 -0.205
      5.264	 -0.220
      5.268	 -0.260
      5.272	 -0.295
      5.276	 -0.300
      5.280	 -0.330
      5.284	 -0.295
      5.288	 -0.305
      5.292	 -0.305
      5.296	 -0.305
      5.300	 -0.290
      5.304	 -0.290
      5.308	 -0.250
      5.312	 -0.220
      5.316	 -0.160
      5.320	 -0.100
      5.324	 -0.045
      5.328	 -0.030
      5.332	  0.000
      5.336	  0.035
      5.340	  0.040
      5.344	  0.065
      5.348	  0.100
      5.352	  0.115
      5.356	  0.135
      5.360	  0.135
      5.364	  0.160
      5.368	  0.155
      5.372	  0.140
      5.376	  0.135
      5.380	  0.125
      5.384	  0.150
      5.388	  0.155
      5.392	  0.165
      5.396	  0.165
      5.400	  0.140
      5.404	  0.110
      5.408	  0.090
      5.412	  0.085
      5.416	  0.100
      5.420	  0.075
      5.424	  0.070
      5.428	  0.045
      5.432	  0.045
      5.436	  0.000
      5.440	 -0.045
      5.444	 -0.080
      5.448	 -0.105
      5.452	 -0.165
      5.456	 -0.180
      5.460	 -0.190
      5.464	 -0.240
      5.468	 -0.290
      5.472	 -0.350
      5.476	 -0.370
      5.480	 -0.380
      5.484	 -0.370
      5.488	 -0.375
      5.492	 -0.355
      5.496	 -0.360
      5.500	 -0.350
      5.504	 -0.360
      5.508	 -0.360
      5.512	 -0.350
      5.516	 -0.315
      5.520	 -0.300
      5.524	 -0.240
      5.528	 -0.205
      5.532	 -0.205
      5.536	 -0.180
      5.540	 -0.150
      5.544	 -0.140
      5.548	 -0.110
      5.552	 -0.040
      5.556	 -0.005
      5.560	  0.025
      5.564	  0.030
      5.568	  0.055
      5.572	  0.030
      5.576	  0.040
      5.580	  0.045
      5.584	  0.025
      5.588	  0.065
      5.592	  0.075
      5.596	  0.075
      5.600	  0.075
      5.604	  0.065
      5.608	  0.050
      5.612	  0.060
      5.616	  0.060
      5.620	  0.055
      5.624	  0.060
      5.628	  0.045
      5.632	 -0.015
      5.636	 -0.040
      5.640	 -0.095
      5.644	 -0.160
      5.648	 -0.185
      5.652	 -0.180
      5.656	 -0.195
      5.660	 -0.245
      5.664	 -0.295
      5.668	 -0.315
      5.672	 -0.365
      5.676	 -0.350
      5.680	 -0.350
      5.684	 -0.335
      5.688	 -0.335
      5.692	 -0.335
      5.696	 -0.340
      5.700	 -0.365
      5.704	 -0.390
      5.708	 -0.390
      5.712	 -0.370
      5.716	 -0.355
      5.720	 -0.295
      5.724	 -0.230
      5.728	 -0.210
      5.732	 -0.190
      5.736	 -0.155
      5.740	 -0.125
      5.744	 -0.095
      5.748	 -0.070
      5.752	 -0.055
      5.756	 -0.005
      5.760	  0.000
      5.764	  0.015
      5.768	 -0.015
      5.772	 -0.020
      5.776	  0.000
      5.780	  0.025
      5.784	  0.000
      5.788	  0.000
      5.792	 -0.010
      5.796	 -0.040
      5.800	 -0.050
      5.804	 -0.105
      5.808	 -0.135
      5.812	 -0.125
      5.816	 -0.115
      5.820	 -0.145
      5.824	 -0.150
      5.828	 -0.200
      5.832	 -0.255
      5.836	 -0.295
      5.840	 -0.335
      5.844	 -0.365
      5.848	 -0.375
      5.852	 -0.370
      5.856	 -0.385
      5.860	 -0.400
      5.864	 -0.420
      5.868	 -0.475
      5.872	 -0.495
      5.876	 -0.505
      5.880	 -0.505
      5.884	 -0.445
      5.888	 -0.435
      5.892	 -0.395
      5.896	 -0.400
      5.900	 -0.370
      5.904	 -0.365
      5.908	 -0.390
      5.912	 -0.385
      5.916	 -0.365
      5.920	 -0.290
      5.924	 -0.250
      5.928	 -0.195
      5.932	 -0.130
      5.936	 -0.135
      5.940	 -0.135
      5.944	 -0.100
      5.948	 -0.060
      5.952	 -0.015
      5.956	  0.030
      5.960	  0.060
      5.964	  0.065
      5.968	  0.080
      5.972	  0.065
      5.976	  0.075
      5.980	  0.035
      5.984	  0.030
      5.988	  0.040
      5.992	  0.050
      5.996	  0.055
      6.000	  0.035
      6.004	 -0.005
      6.008	 -0.065
      6.012	 -0.125
      6.016	 -0.165
      6.020	 -0.160
      6.024	 -0.165
      6.028	 -0.175
      6.032	 -0.205
      6.036	 -0.250
      6.040	 -0.335
      6.044	 -0.390
      6.048	 -0.430
      6.052	 -0.455
      6.056	 -0.495
      6.060	 -0.530
      6.064	 -0.560
      6.068	 -0.570
      6.072	 -0.590
      6.076	 -0.640
      6.080	 -0.610
      6.084	 -0.595
      6.088	 -0.565
      6.092	 -0.550
      6.096	 -0.540
      6.100	 -0.530
      6.104	 -0.505
      6.108	 -0.505
      6.112	 -0.505
      6.116	 -0.475
      6.120	 -0.395
      6.124	 -0.345
      6.128	 -0.305
      6.132	 -0.275
      6.136	 -0.255
      6.140	 -0.205
      6.144	 -0.160
      6.148	 -0.150
      6.152	 -0.100
      6.156	 -0.040
      6.160	  0.005
      6.164	  0.020
      6.168	  0.065
      6.172	  0.050
      6.176	  0.035
      6.180	  0.050
      6.184	  0.065
      6.188	  0.040
      6.192	  0.075
      6.196	  0.050
      6.200	  0.040
      6.204	 -0.005
      6.208	 -0.025
      6.212	 -0.060
      6.216	 -0.065
      6.220	 -0.080
      6.224	 -0.120
      6.228	 -0.125
      6.232	 -0.160
      6.236	 -0.180
      6.240	 -0.225
      6.244	 -0.225
      6.248	 -0.245
      6.252	 -0.250
      6.256	 -0.270
      6.260	 -0.340
      6.264	 -0.370
      6.268	 -0.405
      6.272	 -0.450
      6.276	 -0.475
      6.280	 -0.475
      6.284	 -0.470
      6.288	 -0.485
      6.292	 -0.500
      6.296	 -0.525
      6.300	 -0.580
      6.304	 -0.590
      6.308	 -0.595
      6.312	 -0.580
      6.316	 -0.580
      6.320	 -0.555
      6.324	 -0.545
      6.328	 -0.520
      6.332	 -0.490
      6.336	 -0.485
      6.340	 -0.440
      6.344	 -0.395
      6.348	 -0.335
      6.352	 -0.285
      6.356	 -0.225
      6.360	 -0.185
      6.364	 -0.135
      6.368	 -0.110
      6.372	 -0.090
      6.376	 -0.070
      6.380	 -0.065
      6.384	 -0.045
      6.388	 -0.030
      6.392	 -0.025
      6.396	 -0.020
      6.400	 -0.030
      6.404	 -0.050
      6.408	 -0.050
      6.412	 -0.025
      6.416	 -0.025
      6.420	 -0.030
      6.424	 -0.030
      6.428	 -0.030
      6.432	 -0.080
      6.436	 -0.080
      6.440	 -0.090
      6.444	 -0.100
      6.448	 -0.110
      6.452	 -0.115
      6.456	 -0.140
      6.460	 -0.145
      6.464	 -0.155
      6.468	 -0.190
      6.472	 -0.220
      6.476	 -0.230
      6.480	 -0.235
      6.484	 -0.210
      6.488	 -0.210
      6.492	 -0.200
      6.496	 -0.240
      6.500	 -0.230
      6.504	 -0.240
      6.508	 -0.240
      6.512	 -0.220
      6.516	 -0.210
      6.520	 -0.200
      6.524	 -0.220
      6.528	 -0.225
      6.532	 -0.280
      6.536	 -0.330
      6.540	 -0.370
      6.544	 -0.375
      6.548	 -0.405
      6.552	 -0.405
      6.556	 -0.405
      6.560	 -0.390
      6.564	 -0.410
      6.568	 -0.380
      6.572	 -0.360
      6.576	 -0.350
      6.580	 -0.320
      6.584	 -0.295
      6.588	 -0.260
      6.592	 -0.220
      6.596	 -0.190
      6.600	 -0.160
      6.604	 -0.160
      6.608	 -0.150
      6.612	 -0.160
      6.616	 -0.155
      6.620	 -0.135
      6.624	 -0.125
      6.628	 -0.095
      6.632	 -0.085
      6.636	 -0.110
      6.640	 -0.130
      6.644	 -0.155
      6.648	 -0.125
      6.652	 -0.100
      6.656	 -0.080
      6.660	 -0.080
      6.664	 -0.105
      6.668	 -0.155
      6.672	 -0.180
      6.676	 -0.180
      6.680	 -0.190
      6.684	 -0.180
      6.688	 -0.130
      6.692	 -0.130
      6.696	 -0.135
      6.700	 -0.125
      6.704	 -0.155
      6.708	 -0.160
      6.712	 -0.160
      6.716	 -0.150
      6.720	 -0.150
      6.724	 -0.125
      6.728	 -0.115
      6.732	 -0.135
      6.736	 -0.125
      6.740	 -0.155
      6.744	 -0.155
      6.748	 -0.160
      6.752	 -0.145
      6.756	 -0.130
      6.760	 -0.140
      6.764	 -0.175
      6.768	 -0.195
      6.772	 -0.235
      6.776	 -0.235
      6.780	 -0.250
      6.784	 -0.290
      6.788	 -0.320
      6.792	 -0.335
      6.796	 -0.375
      6.800	 -0.355
      6.804	 -0.340
      6.808	 -0.320
      6.812	 -0.270
      6.816	 -0.260
      6.820	 -0.195
      6.824	 -0.175
      6.828	 -0.140
      6.832	 -0.095
      6.836	 -0.070
      6.840	 -0.030
      6.844	 -0.005
      6.848	  0.035
      6.852	  0.055
      6.856	  0.075
      6.860	  0.065
      6.864	  0.060
      6.868	  0.055
      6.872	  0.035
      6.876	  0.060
      6.880	  0.035
      6.884	  0.075
      6.888	  0.085
      6.892	  0.110
      6.896	  0.090
      6.900	  0.100
      6.904	  0.075
      6.908	  0.085
      6.912	  0.090
      6.916	  0.110
      6.920	  0.100
      6.924	  0.090
      6.928	  0.075
      6.932	  0.075
      6.936	  0.050
      6.940	  0.010
      6.944	 -0.020
      6.948	 -0.070
      6.952	 -0.080
      6.956	 -0.090
      6.960	 -0.125
      6.964	 -0.110
      6.968	 -0.145
      6.972	 -0.170
      6.976	 -0.210
      6.980	 -0.230
      6.984	 -0.255
      6.988	 -0.285
      6.992	 -0.330
      6.996	 -0.350
      7.000	 -0.375
      7.004	 -0.410
      7.008	 -0.435
      7.012	 -0.420
      7.016	 -0.380
      7.020	 -0.350
      7.024	 -0.330
      7.028	 -0.310
      7.032	 -0.300
      7.036	 -0.290
      7.040	 -0.285
      7.044	 -0.240
      7.048	 -0.185
      7.052	 -0.125
      7.056	 -0.080
      7.060	 -0.045
      7.064	 -0.065
      7.068	 -0.020
      7.072	 -0.025
      7.076	 -0.005
      7.080	  0.010
      7.084	  0.050
      7.088	  0.080
      7.092	  0.110
      7.096	  0.130
      7.100	  0.110
      7.104	  0.110
      7.108	  0.105
      7.112	  0.115
      7.116	  0.115
      7.120	  0.145
      7.124	  0.145
      7.128	  0.155
      7.132	  0.150
      7.136	  0.115
      7.140	  0.080
      7.144	  0.045
      7.148	 -0.005
      7.152	 -0.030
      7.156	 -0.060
      7.160	 -0.110
      7.164	 -0.155
      7.168	 -0.205
      7.172	 -0.270
      7.176	 -0.280
      7.180	 -0.320
      7.184	 -0.275
      7.188	 -0.275
      7.192	 -0.295
      7.196	 -0.285
      7.200	 -0.295
      7.204	 -0.320
      7.208	 -0.320
      7.212	 -0.315
      7.216	 -0.295
      7.220	 -0.270
      7.224	 -0.235
      7.228	 -0.210
      7.232	 -0.195
      7.236	 -0.180
      7.240	 -0.160
      7.244	 -0.170
      7.248	 -0.110
      7.252	 -0.065
      7.256	 -0.015
      7.260	  0.005
      7.264	  0.050
      7.268	  0.075
      7.272	  0.090
      7.276	  0.120
      7.280	  0.150
      7.284	  0.160
      7.288	  0.195
      7.292	  0.220
      7.296	  0.220
      7.300	  0.225
      7.304	  0.215
      7.308	  0.230
      7.312	  0.205
      7.316	  0.250
      7.320	  0.250
      7.324	  0.260
      7.328	  0.230
      7.332	  0.215
      7.336	  0.155
      7.340	  0.100
      7.344	  0.050
      7.348	  0.010
      7.352	 -0.075
      7.356	 -0.135
      7.360	 -0.180
      7.364	 -0.240
      7.368	 -0.300
      7.372	 -0.375
      7.376	 -0.380
      7.380	 -0.380
      7.384	 -0.395
      7.388	 -0.385
      7.392	 -0.380
      7.396	 -0.400
      7.400	 -0.390
      7.404	 -0.405
      7.408	 -0.385
      7.412	 -0.380
      7.416	 -0.355
      7.420	 -0.320
      7.424	 -0.290
      7.428	 -0.260
      7.432	 -0.265
      7.436	 -0.240
      7.440	 -0.250
      7.444	 -0.205
      7.448	 -0.150
      7.452	 -0.115
      7.456	 -0.050
      7.460	 -0.015
      7.464	  0.010
      7.468	  0.030
      7.472	  0.020
      7.476	  0.045
      7.480	  0.085
      7.484	  0.115
      7.488	  0.150
      7.492	  0.160
      7.496	  0.165
      7.500	  0.180
      7.504	  0.130
      7.508	  0.125
      7.512	  0.120
      7.516	  0.135
      7.520	  0.145
      7.524	  0.145
      7.528	  0.135
      7.532	  0.085
      7.536	  0.055
      7.540	  0.030
      7.544	 -0.015
      7.548	 -0.050
      7.552	 -0.045
      7.556	 -0.095
      7.560	 -0.120
      7.564	 -0.185
      7.568	 -0.240
      7.572	 -0.325
      7.576	 -0.360
      7.580	 -0.405
      7.584	 -0.400
      7.588	 -0.425
      7.592	 -0.435
      7.596	 -0.460
      7.600	 -0.445
      7.604	 -0.440
      7.608	 -0.460
      7.612	 -0.450
      7.616	 -0.420
      7.620	 -0.365
      7.624	 -0.350
      7.628	 -0.315
      7.632	 -0.335
      7.636	 -0.300
      7.640	 -0.280
      7.644	 -0.240
      7.648	 -0.155
      7.652	 -0.120
      7.656	 -0.080
      7.660	 -0.060
      7.664	 -0.015
      7.668	 -0.010
      7.672	  0.015
      7.676	  0.045
      7.680	  0.075
      7.684	  0.120
      7.688	  0.125
      7.692	  0.140
      7.696	  0.135
      7.700	  0.135
      7.704	  0.120
      7.708	  0.115
      7.712	  0.110
      7.716	  0.085
      7.720	  0.065
      7.724	  0.040
      7.728	  0.010
      7.732	 -0.030
      7.736	 -0.075
      7.740	 -0.100
      7.744	 -0.130
      7.748	 -0.155
      7.752	 -0.155
      7.756	 -0.160
      7.760	 -0.170
      7.764	 -0.210
      7.768	 -0.210
      7.772	 -0.255
      7.776	 -0.245
      7.780	 -0.255
      7.784	 -0.255
      7.788	 -0.225
      7.792	 -0.220
      7.796	 -0.220
      7.800	 -0.200
      7.804	 -0.230
      7.808	 -0.220
      7.812	 -0.185
      7.816	 -0.140
      7.820	 -0.105
      7.824	 -0.120
      7.828	 -0.145
      7.832	 -0.175
      7.836	 -0.180
      7.840	 -0.180
      7.844	 -0.160
      7.848	 -0.160
      7.852	 -0.140
      7.856	 -0.120
      7.860	 -0.120
      7.864	 -0.145
      7.868	 -0.135
      7.872	 -0.130
      7.876	 -0.100
      7.880	 -0.095
      7.884	 -0.105
      7.888	 -0.085
      7.892	 -0.085
      7.896	 -0.085
      7.900	 -0.075
      7.904	 -0.075
      7.908	 -0.085
      7.912	 -0.085
      7.916	 -0.075
      7.920	 -0.115
      7.924	 -0.130
      7.928	 -0.170
      7.932	 -0.225
      7.936	 -0.285
      7.940	 -0.350
      7.944	 -0.375
      7.948	 -0.365
      7.952	 -0.375
      7.956	 -0.370
      7.960	 -0.365
      7.964	 -0.400
      7.968	 -0.360
      7.972	 -0.380
      7.976	 -0.365
      7.980	 -0.375
      7.984	 -0.365
      7.988	 -0.355
      7.992	 -0.335
      7.996	 -0.350
      8.000	 -0.360
      8.004	 -0.370
      8.008	 -0.350
      8.012	 -0.320
      8.016	 -0.305
      8.020	 -0.265
      8.024	 -0.240
      8.028	 -0.200
      8.032	 -0.150
      8.036	 -0.160
      8.040	 -0.145
      8.044	 -0.130
      8.048	 -0.120
      8.052	 -0.105
      8.056	 -0.090
      8.060	 -0.080
      8.064	 -0.100
      8.068	 -0.120
      8.072	 -0.120
      8.076	 -0.115
      8.080	 -0.100
      8.084	 -0.105
      8.088	 -0.125
      8.092	 -0.135
      8.096	 -0.175
      8.100	 -0.175
      8.104	 -0.210
      8.108	 -0.250
      8.112	 -0.265
      8.116	 -0.275
      8.120	 -0.285
      8.124	 -0.350
      8.128	 -0.395
      8.132	 -0.415
      8.136	 -0.490
      8.140	 -0.535
      8.144	 -0.590
      8.148	 -0.630
      8.152	 -0.675
      8.156	 -0.680
      8.160	 -0.675
      8.164	 -0.680
      8.168	 -0.670
      8.172	 -0.640
      8.176	 -0.665
      8.180	 -0.650
      8.184	 -0.655
      8.188	 -0.635
      8.192	 -0.635
      8.196	 -0.580
      8.200	 -0.585
      8.204	 -0.580
      8.208	 -0.560
      8.212	 -0.500
      8.216	 -0.415
      8.220	 -0.360
      8.224	 -0.355
      8.228	 -0.320
      8.232	 -0.290
      8.236	 -0.295
      8.240	 -0.270
      8.244	 -0.200
      8.248	 -0.170
      8.252	 -0.140
      8.256	 -0.085
      8.260	 -0.065
      8.264	 -0.080
      8.268	 -0.110
      8.272	 -0.120
      8.276	 -0.120
      8.280	 -0.105
      8.284	 -0.095
      8.288	 -0.095
      8.292	 -0.095
      8.296	 -0.080
      8.300	 -0.090
      8.304	 -0.105
      8.308	 -0.130
      8.312	 -0.160
      8.316	 -0.160
      8.320	 -0.195
      8.324	 -0.195
      8.328	 -0.230
      8.332	 -0.240
      8.336	 -0.310
      8.340	 -0.375
      8.344	 -0.410
      8.348	 -0.450
      8.352	 -0.470
      8.356	 -0.520
      8.360	 -0.520
      8.364	 -0.540
      8.368	 -0.595
      8.372	 -0.620
      8.376	 -0.630
      8.380	 -0.655
      8.384	 -0.655
      8.388	 -0.635
      8.392	 -0.640
      8.396	 -0.640
      8.400	 -0.630
      8.404	 -0.630
      8.408	 -0.625
      8.412	 -0.590
      8.416	 -0.560
      8.420	 -0.510
      8.424	 -0.450
      8.428	 -0.400
      8.432	 -0.350
      8.436	 -0.330
      8.440	 -0.320
      8.444	 -0.295
      8.448	 -0.275
      8.452	 -0.250
      8.456	 -0.240
      8.460	 -0.265
      8.464	 -0.265
      8.468	 -0.255
      8.472	 -0.260
      8.476	 -0.250
      8.480	 -0.255
      8.484	 -0.210
      8.488	 -0.180
      8.492	 -0.165
      8.496	 -0.180
      8.500	 -0.190
      8.504	 -0.185
      8.508	 -0.215
      8.512	 -0.190
      8.516	 -0.215
      8.520	 -0.200
      8.524	 -0.200
      8.528	 -0.210
      8.532	 -0.215
      8.536	 -0.235
      8.540	 -0.220
      8.544	 -0.210
      8.548	 -0.170
      8.552	 -0.175
      8.556	 -0.155
      8.560	 -0.145
      8.564	 -0.190
      8.568	 -0.200
      8.572	 -0.215
      8.576	 -0.225
      8.580	 -0.255
      8.584	 -0.275
      8.588	 -0.300
      8.592	 -0.315
      8.596	 -0.355
      8.600	 -0.385
      8.604	 -0.440
      8.608	 -0.485
      8.612	 -0.510
      8.616	 -0.520
      8.620	 -0.505
      8.624	 -0.525
      8.628	 -0.510
      8.632	 -0.545
      8.636	 -0.530
      8.640	 -0.540
      8.644	 -0.545
      8.648	 -0.500
      8.652	 -0.490
      8.656	 -0.460
      8.660	 -0.445
      8.664	 -0.450
      8.668	 -0.470
      8.672	 -0.455
      8.676	 -0.425
      8.680	 -0.420
      8.684	 -0.375
      8.688	 -0.340
      8.692	 -0.315
      8.696	 -0.300
      8.700	 -0.305
      8.704	 -0.300
      8.708	 -0.315
      8.712	 -0.285
      8.716	 -0.280
      8.720	 -0.235
      8.724	 -0.195
      8.728	 -0.150
      8.732	 -0.105
      8.736	 -0.100
      8.740	 -0.125
      8.744	 -0.135
      8.748	 -0.150
      8.752	 -0.150
      8.756	 -0.140
      8.760	 -0.130
      8.764	 -0.125
      8.768	 -0.130
      8.772	 -0.160
      8.776	 -0.145
      8.780	 -0.165
      8.784	 -0.165
      8.788	 -0.155
      8.792	 -0.175
      8.796	 -0.185
      8.800	 -0.190
      8.804	 -0.195
      8.808	 -0.215
      8.812	 -0.215
      8.816	 -0.235
      8.820	 -0.240
      8.824	 -0.245
      8.828	 -0.260
      8.832	 -0.265
      8.836	 -0.290
      8.840	 -0.325
      8.844	 -0.350
      8.848	 -0.360
      8.852	 -0.355
      8.856	 -0.350
      8.860	 -0.360
      8.864	 -0.380
      8.868	 -0.380
      8.872	 -0.380
      8.876	 -0.400
      8.880	 -0.400
      8.884	 -0.390
      8.888	 -0.410
      8.892	 -0.415
      8.896	 -0.420
      8.900	 -0.435
      8.904	 -0.425
      8.908	 -0.410
      8.912	 -0.360
      8.916	 -0.330
      8.920	 -0.295
      8.924	 -0.270
      8.928	 -0.235
      8.932	 -0.180
      8.936	 -0.140
      8.940	 -0.105
      8.944	 -0.095
      8.948	 -0.090
      8.952	 -0.055
      8.956	 -0.045
      8.960	 -0.030
      8.964	 -0.020
      8.968	 -0.015
      8.972	 -0.050
      8.976	 -0.020
      8.980	 -0.015
      8.984	 -0.005
      8.988	 -0.020
      8.992	 -0.060
      8.996	 -0.085
      9.000	 -0.115
      9.004	 -0.135
      9.008	 -0.135
      9.012	 -0.130
      9.016	 -0.120
      9.020	 -0.140
      9.024	 -0.135
      9.028	 -0.135
      9.032	 -0.160
      9.036	 -0.200
      9.040	 -0.225
      9.044	 -0.240
      9.048	 -0.255
      9.052	 -0.275
      9.056	 -0.260
      9.060	 -0.300
      9.064	 -0.335
      9.068	 -0.380
      9.072	 -0.415
      9.076	 -0.440
      9.080	 -0.440
      9.084	 -0.430
      9.088	 -0.420
      9.092	 -0.445
      9.096	 -0.450
      9.100	 -0.465
      9.104	 -0.480
      9.108	 -0.500
      9.112	 -0.470
      9.116	 -0.465
      9.120	 -0.440
      9.124	 -0.415
      9.128	 -0.375
      9.132	 -0.330
      9.136	 -0.315
      9.140	 -0.290
      9.144	 -0.260
      9.148	 -0.220
      9.152	 -0.175
      9.156	 -0.120
      9.160	 -0.085
      9.164	 -0.060
      9.168	 -0.040
      9.172	 -0.040
      9.176	 -0.035
      9.180	 -0.025
      9.184	 -0.005
      9.188	  0.000
      9.192	  0.000
      9.196	  0.000
      9.200	 -0.005
      9.204	 -0.025
      9.208	 -0.030
      9.212	 -0.035
      9.216	 -0.020
      9.220	 -0.010
      9.224	  0.005
      9.228	  0.005
      9.232	 -0.005
      9.236	 -0.005
      9.240	 -0.040
      9.244	 -0.040
      9.248	 -0.055
      9.252	 -0.060
      9.256	 -0.080
      9.260	 -0.095
      9.264	 -0.120
      9.268	 -0.170
      9.272	 -0.215
      9.276	 -0.255
      9.280	 -0.295
      9.284	 -0.285
      9.288	 -0.295
      9.292	 -0.305
      9.296	 -0.295
      9.300	 -0.310
      9.304	 -0.330
      9.308	 -0.335
      9.312	 -0.340
      9.316	 -0.320
      9.320	 -0.295
      9.324	 -0.265
      9.328	 -0.265
      9.332	 -0.260
      9.336	 -0.260
      9.340	 -0.265
      9.344	 -0.235
      9.348	 -0.190
      9.352	 -0.155
      9.356	 -0.100
      9.360	 -0.045
      9.364	 -0.020
      9.368	 -0.005
      9.372	 -0.020
      9.376	  0.010
      9.380	  0.000
      9.384	  0.015
      9.388	  0.020
      9.392	  0.025
      9.396	  0.045
      9.400	  0.025
      9.404	  0.030
      9.408	  0.005
      9.412	 -0.005
      9.416	 -0.015
      9.420	 -0.010
      9.424	  0.000
      9.428	 -0.010
      9.432	 -0.055
      9.436	 -0.085
      9.440	 -0.115
      9.444	 -0.130
      9.448	 -0.110
      9.452	 -0.120
      9.456	 -0.120
      9.460	 -0.160
      9.464	 -0.220
      9.468	 -0.240
      9.472	 -0.285
      9.476	 -0.320
      9.480	 -0.310
      9.484	 -0.335
      9.488	 -0.330
      9.492	 -0.335
      9.496	 -0.360
      9.500	 -0.375
      9.504	 -0.390
      9.508	 -0.370
      9.512	 -0.350
      9.516	 -0.320
      9.520	 -0.270
      9.524	 -0.250
      9.528	 -0.225
      9.532	 -0.190
      9.536	 -0.180
      9.540	 -0.170
      9.544	 -0.125
      9.548	 -0.110
      9.552	 -0.105
      9.556	 -0.030
      9.560	  0.005
      9.564	  0.020
      9.568	  0.055
      9.572	  0.050
      9.576	  0.045
      9.580	  0.080
      9.584	  0.095
      9.588	  0.125
      9.592	  0.130
      9.596	  0.135
      9.600	  0.130
      9.604	  0.100
      9.608	  0.115
      9.612	  0.120
      9.616	  0.120
      9.620	  0.120
      9.624	  0.115
      9.628	  0.105
      9.632	  0.080
      9.636	  0.035
      9.640	  0.015
      9.644	 -0.025
      9.648	 -0.045
      9.652	 -0.070
      9.656	 -0.070
      9.660	 -0.115
      9.664	 -0.140
      9.668	 -0.210
      9.672	 -0.275
      9.676	 -0.305
      9.680	 -0.340
      9.684	 -0.330
      9.688	 -0.365
      9.692	 -0.355
      9.696	 -0.375
      9.700	 -0.395
      9.704	 -0.375
      9.708	 -0.380
      9.712	 -0.380
      9.716	 -0.340
      9.720	 -0.300
      9.724	 -0.285
      9.728	 -0.250
      9.732	 -0.225
      9.736	 -0.215
      9.740	 -0.215
      9.744	 -0.190
      9.748	 -0.175
      9.752	 -0.145
      9.756	 -0.150
      9.760	 -0.115
      9.764	 -0.100
      9.768	 -0.075
      9.772	 -0.075
      9.776	 -0.030
      9.780	  0.015
      9.784	  0.075
      9.788	  0.110
      9.792	  0.115
      9.796	  0.120
      9.800	  0.115
      9.804	  0.095
      9.808	  0.080
      9.812	  0.080
      9.816	  0.095
      9.820	  0.115
      9.824	  0.120
      9.828	  0.105
      9.832	  0.050
      9.836	  0.025
      9.840	 -0.015
      9.844	 -0.015
      9.848	 -0.025
      9.852	 -0.030
      9.856	 -0.035
      9.860	 -0.060
      9.864	 -0.115
      9.868	 -0.150
      9.872	 -0.200
      9.876	 -0.215
      9.880	 -0.230
      9.884	 -0.250
      9.888	 -0.260
      9.892	 -0.285
      9.896	 -0.310
      9.900	 -0.310
      9.904	 -0.330
      9.908	 -0.340
      9.912	 -0.345
      9.916	 -0.330
      9.920	 -0.305
      9.924	 -0.290
      9.928	 -0.290
      9.932	 -0.280
      9.936	 -0.260
      9.940	 -0.285
      9.944	 -0.255
      9.948	 -0.225
      9.952	 -0.185
      9.956	 -0.155
      9.960	 -0.115
      9.964	 -0.120
      9.968	 -0.125
      9.972	 -0.125
      9.976	 -0.085
      9.980	 -0.020
      9.984	  0.030
      9.988	  0.060
      9.992	  0.115
      9.996	  0.125
