Elapsed_time	ECG
       0.000	 -0.405
       0.004	 -0.360
       0.008	 -0.320
       0.012	 -0.270
       0.016	 -0.203
       0.020	 -0.165
       0.024	 -0.142
       0.028	 -0.135
       0.032	 -0.150
       0.036	 -0.195
       0.040	 -0.215
       0.044	 -0.215
       0.048	 -0.225
       0.052	 -0.270
       0.056	 -0.323
       0.060	 -0.432
       0.064	 -0.598
       0.068	 -0.780
       0.072	 -0.950
       0.076	 -1.117
       0.080	 -1.265
       0.084	 -1.387
       0.088	 -1.475
       0.092	 -1.535
       0.096	 -1.535
       0.100	 -1.460
       0.104	 -1.325
       0.108	 -1.125
       0.112	 -0.907
       0.116	 -0.698
       0.120	 -0.560
       0.124	 -0.507
       0.128	 -0.517
       0.132	 -0.547
       0.136	 -0.568
       0.140	 -0.575
       0.144	 -0.568
       0.148	 -0.532
       0.152	 -0.517
       0.156	 -0.487
       0.160	 -0.455
       0.164	 -0.417
       0.168	 -0.405
       0.172	 -0.383
       0.176	 -0.357
       0.180	 -0.312
       0.184	 -0.255
       0.188	 -0.203
       0.192	 -0.195
       0.196	 -0.210
       0.200	 -0.223
       0.204	 -0.207
       0.208	 -0.170
       0.212	 -0.135
       0.216	 -0.125
       0.220	 -0.150
       0.224	 -0.188
       0.228	 -0.223
       0.232	 -0.230
       0.236	 -0.230
       0.240	 -0.217
       0.244	 -0.210
       0.248	 -0.188
       0.252	 -0.150
       0.256	 -0.080
       0.260	 -0.043
       0.264	 -0.030
       0.268	 -0.060
       0.272	 -0.087
       0.276	 -0.098
       0.280	 -0.090
       0.284	 -0.060
       0.288	  0.028
       0.292	  0.098
       0.296	  0.133
       0.300	  0.125
       0.304	  0.090
       0.308	  0.058
       0.312	  0.050
       0.316	  0.068
       0.320	  0.080
       0.324	  0.083
       0.328	  0.065
       0.332	  0.043
       0.336	  0.005
       0.340	 -0.030
       0.344	 -0.037
       0.348	  0.000
       0.352	  0.020
       0.356	  0.022
       0.360	  0.000
       0.364	 -0.037
       0.368	 -0.065
       0.372	 -0.087
       0.376	 -0.125
       0.380	 -0.155
       0.384	 -0.185
       0.388	 -0.210
       0.392	 -0.217
       0.396	 -0.233
       0.400	 -0.255
       0.404	 -0.268
       0.408	 -0.282
       0.412	 -0.290
       0.416	 -0.285
       0.420	 -0.297
       0.424	 -0.297
       0.428	 -0.315
       0.432	 -0.345
       0.436	 -0.372
       0.440	 -0.365
       0.444	 -0.343
       0.448	 -0.328
       0.452	 -0.338
       0.456	 -0.367
       0.460	 -0.405
       0.464	 -0.432
       0.468	 -0.465
       0.472	 -0.495
       0.476	 -0.515
       0.480	 -0.515
       0.484	 -0.500
       0.488	 -0.480
       0.492	 -0.472
       0.496	 -0.487
       0.500	 -0.485
       0.504	 -0.463
       0.508	 -0.455
       0.512	 -0.458
       0.516	 -0.472
       0.520	 -0.480
       0.524	 -0.477
       0.528	 -0.448
       0.532	 -0.410
       0.536	 -0.390
       0.540	 -0.375
       0.544	 -0.380
       0.548	 -0.403
       0.552	 -0.427
       0.556	 -0.417
       0.560	 -0.383
       0.564	 -0.345
       0.568	 -0.338
       0.572	 -0.352
       0.576	 -0.395
       0.580	 -0.432
       0.584	 -0.443
       0.588	 -0.440
       0.592	 -0.448
       0.596	 -0.455
       0.600	 -0.470
       0.604	 -0.472
       0.608	 -0.480
       0.612	 -0.472
       0.616	 -0.443
       0.620	 -0.403
       0.624	 -0.372
       0.628	 -0.352
       0.632	 -0.335
       0.636	 -0.352
       0.640	 -0.380
       0.644	 -0.410
       0.648	 -0.427
       0.652	 -0.450
       0.656	 -0.435
       0.660	 -0.403
       0.664	 -0.365
       0.668	 -0.365
       0.672	 -0.365
       0.676	 -0.365
       0.680	 -0.367
       0.684	 -0.365
       0.688	 -0.350
       0.692	 -0.335
       0.696	 -0.338
       0.700	 -0.345
       0.704	 -0.338
       0.708	 -0.335
       0.712	 -0.328
       0.716	 -0.312
       0.720	 -0.307
       0.724	 -0.320
       0.728	 -0.335
       0.732	 -0.343
       0.736	 -0.343
       0.740	 -0.323
       0.744	 -0.320
       0.748	 -0.335
       0.752	 -0.360
       0.756	 -0.365
       0.760	 -0.350
       0.764	 -0.300
       0.768	 -0.260
       0.772	 -0.245
       0.776	 -0.275
       0.780	 -0.315
       0.784	 -0.328
       0.788	 -0.305
       0.792	 -0.270
       0.796	 -0.240
       0.800	 -0.210
       0.804	 -0.247
       0.808	 -0.275
       0.812	 -0.270
       0.816	 -0.225
       0.820	 -0.155
       0.824	 -0.052
       0.828	  0.050
       0.832	  0.140
       0.836	  0.230
       0.840	  0.360
       0.844	  0.517
       0.848	  0.667
       0.852	  0.765
       0.856	  0.860
       0.860	  0.958
       0.864	  1.018
       0.868	  0.998
       0.872	  0.938
       0.876	  0.807
       0.880	  0.630
       0.884	  0.427
       0.888	  0.237
       0.892	 -0.013
       0.896	 -0.300
       0.900	 -0.583
       0.904	 -0.815
       0.908	 -0.965
       0.912	 -1.025
       0.916	 -1.025
       0.920	 -0.998
       0.924	 -0.968
       0.928	 -0.950
       0.932	 -0.905
       0.936	 -0.848
       0.940	 -0.802
       0.944	 -0.772
       0.948	 -0.743
       0.952	 -0.728
       0.956	 -0.720
       0.960	 -0.705
       0.964	 -0.690
       0.968	 -0.690
       0.972	 -0.672
       0.976	 -0.635
       0.980	 -0.585
       0.984	 -0.532
       0.988	 -0.480
       0.992	 -0.435
       0.996	 -0.398
       1.000	 -0.357
       1.004	 -0.335
       1.008	 -0.328
       1.012	 -0.330
       1.016	 -0.335
       1.020	 -0.323
       1.024	 -0.300
       1.028	 -0.292
       1.032	 -0.270
       1.036	 -0.233
       1.040	 -0.195
       1.044	 -0.165
       1.048	 -0.135
       1.052	 -0.120
       1.056	 -0.113
       1.060	 -0.095
       1.064	 -0.060
       1.068	 -0.030
       1.072	  0.005
       1.076	  0.015
       1.080	  0.005
       1.084	 -0.020
       1.088	 -0.028
       1.092	 -0.050
       1.096	 -0.068
       1.100	 -0.050
       1.104	  0.000
       1.108	  0.045
       1.112	  0.087
       1.116	  0.120
       1.120	  0.142
       1.124	  0.165
       1.128	  0.170
       1.132	  0.177
       1.136	  0.172
       1.140	  0.177
       1.144	  0.155
       1.148	  0.120
       1.152	  0.095
       1.156	  0.090
       1.160	  0.105
       1.164	  0.120
       1.168	  0.113
       1.172	  0.113
       1.176	  0.105
       1.180	  0.095
       1.184	  0.068
       1.188	  0.035
       1.192	  0.007
       1.196	 -0.020
       1.200	 -0.030
       1.204	 -0.050
       1.208	 -0.060
       1.212	 -0.065
       1.216	 -0.065
       1.220	 -0.065
       1.224	 -0.060
       1.228	 -0.050
       1.232	 -0.058
       1.236	 -0.095
       1.240	 -0.120
       1.244	 -0.147
       1.248	 -0.158
       1.252	 -0.163
       1.256	 -0.142
       1.260	 -0.113
       1.264	 -0.095
       1.268	 -0.095
       1.272	 -0.117
       1.276	 -0.170
       1.280	 -0.230
       1.284	 -0.275
       1.288	 -0.282
       1.292	 -0.275
       1.296	 -0.260
       1.300	 -0.233
       1.304	 -0.210
       1.308	 -0.180
       1.312	 -0.142
       1.316	 -0.113
       1.320	 -0.117
       1.324	 -0.140
       1.328	 -0.188
       1.332	 -0.237
       1.336	 -0.255
       1.340	 -0.237
       1.344	 -0.210
       1.348	 -0.200
       1.352	 -0.200
       1.356	 -0.210
       1.360	 -0.237
       1.364	 -0.268
       1.368	 -0.292
       1.372	 -0.320
       1.376	 -0.335
       1.380	 -0.338
       1.384	 -0.350
       1.388	 -0.352
       1.392	 -0.360
       1.396	 -0.372
       1.400	 -0.375
       1.404	 -0.388
       1.408	 -0.405
       1.412	 -0.390
       1.416	 -0.330
       1.420	 -0.268
       1.424	 -0.217
       1.428	 -0.210
       1.432	 -0.230
       1.436	 -0.285
       1.440	 -0.330
       1.444	 -0.375
       1.448	 -0.412
       1.452	 -0.443
       1.456	 -0.443
       1.460	 -0.427
       1.464	 -0.412
       1.468	 -0.412
       1.472	 -0.405
       1.476	 -0.383
       1.480	 -0.360
       1.484	 -0.338
       1.488	 -0.335
       1.492	 -0.345
       1.496	 -0.350
       1.500	 -0.335
       1.504	 -0.312
       1.508	 -0.292
       1.512	 -0.290
       1.516	 -0.278
       1.520	 -0.263
       1.524	 -0.240
       1.528	 -0.217
       1.532	 -0.200
       1.536	 -0.188
       1.540	 -0.195
       1.544	 -0.225
       1.548	 -0.245
       1.552	 -0.247
       1.556	 -0.245
       1.560	 -0.240
       1.564	 -0.230
       1.568	 -0.217
       1.572	 -0.210
       1.576	 -0.210
       1.580	 -0.230
       1.584	 -0.247
       1.588	 -0.240
       1.592	 -0.215
       1.596	 -0.193
       1.600	 -0.185
       1.604	 -0.193
       1.608	 -0.180
       1.612	 -0.142
       1.616	 -0.083
       1.620	 -0.020
       1.624	  0.075
       1.628	  0.165
       1.632	  0.263
       1.636	  0.380
       1.640	  0.547
       1.644	  0.748
       1.648	  0.945
       1.652	  1.115
       1.656	  1.245
       1.660	  1.320
       1.664	  1.335
       1.668	  1.260
       1.672	  1.117
       1.676	  0.892
       1.680	  0.657
       1.684	  0.477
       1.688	  0.372
       1.692	  0.268
       1.696	  0.087
       1.700	 -0.180
       1.704	 -0.487
       1.708	 -0.762
       1.712	 -0.927
       1.716	 -0.973
       1.720	 -0.965
       1.724	 -0.915
       1.728	 -0.863
       1.732	 -0.830
       1.736	 -0.815
       1.740	 -0.795
       1.744	 -0.802
       1.748	 -0.825
       1.752	 -0.840
       1.756	 -0.825
       1.760	 -0.795
       1.764	 -0.755
       1.768	 -0.725
       1.772	 -0.705
       1.776	 -0.682
       1.780	 -0.665
       1.784	 -0.635
       1.788	 -0.590
       1.792	 -0.540
       1.796	 -0.502
       1.800	 -0.472
       1.804	 -0.450
       1.808	 -0.425
       1.812	 -0.405
       1.816	 -0.375
       1.820	 -0.338
       1.824	 -0.300
       1.828	 -0.263
       1.832	 -0.225
       1.836	 -0.193
       1.840	 -0.150
       1.844	 -0.125
       1.848	 -0.098
       1.852	 -0.090
       1.856	 -0.087
       1.860	 -0.098
       1.864	 -0.087
       1.868	 -0.050
       1.872	  0.013
       1.876	  0.043
       1.880	  0.052
       1.884	  0.060
       1.888	  0.083
       1.892	  0.110
       1.896	  0.147
       1.900	  0.193
       1.904	  0.225
       1.908	  0.263
       1.912	  0.270
       1.916	  0.263
       1.920	  0.237
       1.924	  0.223
       1.928	  0.210
       1.932	  0.225
       1.936	  0.253
       1.940	  0.297
       1.944	  0.360
       1.948	  0.405
       1.952	  0.412
       1.956	  0.412
       1.960	  0.398
       1.964	  0.372
       1.968	  0.330
       1.972	  0.312
       1.976	  0.320
       1.980	  0.352
       1.984	  0.388
       1.988	  0.372
       1.992	  0.323
       1.996	  0.253
       2.000	  0.207
       2.004	  0.180
       2.008	  0.170
       2.012	  0.150
       2.016	  0.135
       2.020	  0.120
       2.024	  0.128
       2.028	  0.125
       2.032	  0.128
       2.036	  0.125
       2.040	  0.113
       2.044	  0.087
       2.048	  0.050
       2.052	  0.000
       2.056	 -0.022
       2.060	 -0.015
       2.064	  0.022
       2.068	  0.045
       2.072	  0.052
       2.076	  0.022
       2.080	 -0.028
       2.084	 -0.052
       2.088	 -0.068
       2.092	 -0.065
       2.096	 -0.065
       2.100	 -0.068
       2.104	 -0.080
       2.108	 -0.083
       2.112	 -0.105
       2.116	 -0.133
       2.120	 -0.155
       2.124	 -0.165
       2.128	 -0.180
       2.132	 -0.158
       2.136	 -0.133
       2.140	 -0.113
       2.144	 -0.128
       2.148	 -0.150
       2.152	 -0.200
       2.156	 -0.217
       2.160	 -0.210
       2.164	 -0.185
       2.168	 -0.163
       2.172	 -0.125
       2.176	 -0.102
       2.180	 -0.087
       2.184	 -0.090
       2.188	 -0.120
       2.192	 -0.155
       2.196	 -0.195
       2.200	 -0.225
       2.204	 -0.247
       2.208	 -0.247
       2.212	 -0.240
       2.216	 -0.225
       2.220	 -0.223
       2.224	 -0.233
       2.228	 -0.275
       2.232	 -0.312
       2.236	 -0.328
       2.240	 -0.305
       2.244	 -0.285
       2.248	 -0.268
       2.252	 -0.270
       2.256	 -0.275
       2.260	 -0.270
       2.264	 -0.253
       2.268	 -0.230
       2.272	 -0.230
       2.276	 -0.263
       2.280	 -0.312
       2.284	 -0.360
       2.288	 -0.403
       2.292	 -0.405
       2.296	 -0.398
       2.300	 -0.403
       2.304	 -0.412
       2.308	 -0.420
       2.312	 -0.432
       2.316	 -0.427
       2.320	 -0.432
       2.324	 -0.448
       2.328	 -0.465
       2.332	 -0.455
       2.336	 -0.435
       2.340	 -0.405
       2.344	 -0.375
       2.348	 -0.345
       2.352	 -0.350
       2.356	 -0.365
       2.360	 -0.372
       2.364	 -0.383
       2.368	 -0.412
       2.372	 -0.425
       2.376	 -0.417
       2.380	 -0.383
       2.384	 -0.345
       2.388	 -0.328
       2.392	 -0.338
       2.396	 -0.367
       2.400	 -0.390
       2.404	 -0.390
       2.408	 -0.357
       2.412	 -0.282
       2.416	 -0.170
       2.420	 -0.052
       2.424	  0.075
       2.428	  0.195
       2.432	  0.350
       2.436	  0.522
       2.440	  0.710
       2.444	  0.853
       2.448	  0.945
       2.452	  0.980
       2.456	  0.988
       2.460	  0.915
       2.464	  0.762
       2.468	  0.540
       2.472	  0.307
       2.476	  0.102
       2.480	 -0.072
       2.484	 -0.215
       2.488	 -0.380
       2.492	 -0.590
       2.496	 -0.815
       2.500	 -0.998
       2.504	 -1.095
       2.508	 -1.087
       2.512	 -1.032
       2.516	 -0.980
       2.520	 -0.960
       2.524	 -0.968
       2.528	 -1.020
       2.532	 -1.073
       2.536	 -1.133
       2.540	 -1.155
       2.544	 -1.153
       2.548	 -1.130
       2.552	 -1.110
       2.556	 -1.080
       2.560	 -1.048
       2.564	 -1.020
       2.568	 -0.998
       2.572	 -0.975
       2.576	 -0.973
       2.580	 -0.968
       2.584	 -0.943
       2.588	 -0.900
       2.592	 -0.870
       2.596	 -0.877
       2.600	 -0.905
       2.604	 -0.943
       2.608	 -0.958
       2.612	 -0.953
       2.616	 -0.938
       2.620	 -0.930
       2.624	 -0.907
       2.628	 -0.890
       2.632	 -0.868
       2.636	 -0.860
       2.640	 -0.848
       2.644	 -0.825
       2.648	 -0.792
       2.652	 -0.757
       2.656	 -0.720
       2.660	 -0.680
       2.664	 -0.650
       2.668	 -0.645
       2.672	 -0.675
       2.676	 -0.703
       2.680	 -0.705
       2.684	 -0.680
       2.688	 -0.650
       2.692	 -0.605
       2.696	 -0.562
       2.700	 -0.517
       2.704	 -0.502
       2.708	 -0.480
       2.712	 -0.465
       2.716	 -0.435
       2.720	 -0.395
       2.724	 -0.350
       2.728	 -0.328
       2.732	 -0.323
       2.736	 -0.343
       2.740	 -0.338
       2.744	 -0.328
       2.748	 -0.300
       2.752	 -0.263
       2.756	 -0.225
       2.760	 -0.210
       2.764	 -0.210
       2.768	 -0.230
       2.772	 -0.263
       2.776	 -0.300
       2.780	 -0.320
       2.784	 -0.312
       2.788	 -0.297
       2.792	 -0.278
       2.796	 -0.270
       2.800	 -0.270
       2.804	 -0.263
       2.808	 -0.255
       2.812	 -0.285
       2.816	 -0.320
       2.820	 -0.380
       2.824	 -0.432
       2.828	 -0.450
       2.832	 -0.440
       2.836	 -0.417
       2.840	 -0.367
       2.844	 -0.320
       2.848	 -0.282
       2.852	 -0.292
       2.856	 -0.328
       2.860	 -0.375
       2.864	 -0.417
       2.868	 -0.435
       2.872	 -0.435
       2.876	 -0.450
       2.880	 -0.455
       2.884	 -0.440
       2.888	 -0.427
       2.892	 -0.417
       2.896	 -0.435
       2.900	 -0.455
       2.904	 -0.463
       2.908	 -0.450
       2.912	 -0.435
       2.916	 -0.417
       2.920	 -0.412
       2.924	 -0.410
       2.928	 -0.420
       2.932	 -0.443
       2.936	 -0.458
       2.940	 -0.455
       2.944	 -0.455
       2.948	 -0.455
       2.952	 -0.463
       2.956	 -0.448
       2.960	 -0.440
       2.964	 -0.443
       2.968	 -0.450
       2.972	 -0.448
       2.976	 -0.440
       2.980	 -0.427
       2.984	 -0.425
       2.988	 -0.443
       2.992	 -0.450
       2.996	 -0.420
       3.000	 -0.372
       3.004	 -0.338
       3.008	 -0.320
       3.012	 -0.330
       3.016	 -0.360
       3.020	 -0.395
       3.024	 -0.398
       3.028	 -0.388
       3.032	 -0.367
       3.036	 -0.365
       3.040	 -0.367
       3.044	 -0.403
       3.048	 -0.448
       3.052	 -0.465
       3.056	 -0.448
       3.060	 -0.412
       3.064	 -0.398
       3.068	 -0.390
       3.072	 -0.395
       3.076	 -0.410
       3.080	 -0.412
       3.084	 -0.383
       3.088	 -0.357
       3.092	 -0.345
       3.096	 -0.338
       3.100	 -0.338
       3.104	 -0.345
       3.108	 -0.345
       3.112	 -0.350
       3.116	 -0.345
       3.120	 -0.345
       3.124	 -0.335
       3.128	 -0.328
       3.132	 -0.320
       3.136	 -0.300
       3.140	 -0.275
       3.144	 -0.260
       3.148	 -0.255
       3.152	 -0.255
       3.156	 -0.253
       3.160	 -0.260
       3.164	 -0.275
       3.168	 -0.282
       3.172	 -0.270
       3.176	 -0.240
       3.180	 -0.210
       3.184	 -0.172
       3.188	 -0.147
       3.192	 -0.120
       3.196	 -0.075
       3.200	  0.013
       3.204	  0.090
       3.208	  0.185
       3.212	  0.290
       3.216	  0.410
       3.220	  0.545
       3.224	  0.740
       3.228	  0.968
       3.232	  1.198
       3.236	  1.380
       3.240	  1.528
       3.244	  1.605
       3.248	  1.605
       3.252	  1.505
       3.256	  1.320
       3.260	  1.100
       3.264	  0.897
       3.268	  0.733
       3.272	  0.540
       3.276	  0.290
       3.280	 -0.020
       3.284	 -0.330
       3.288	 -0.590
       3.292	 -0.748
       3.296	 -0.800
       3.300	 -0.765
       3.304	 -0.682
       3.308	 -0.605
       3.312	 -0.575
       3.316	 -0.575
       3.320	 -0.608
       3.324	 -0.652
       3.328	 -0.690
       3.332	 -0.698
       3.336	 -0.688
       3.340	 -0.620
       3.344	 -0.522
       3.348	 -0.425
       3.352	 -0.365
       3.356	 -0.323
       3.360	 -0.290
       3.364	 -0.255
       3.368	 -0.233
       3.372	 -0.210
       3.376	 -0.203
       3.380	 -0.217
       3.384	 -0.223
       3.388	 -0.207
       3.392	 -0.163
       3.396	 -0.087
       3.400	  0.007
       3.404	  0.065
       3.408	  0.095
       3.412	  0.087
       3.416	  0.068
       3.420	  0.065
       3.424	  0.083
       3.428	  0.105
       3.432	  0.110
       3.436	  0.095
       3.440	  0.090
       3.444	  0.075
       3.448	  0.075
       3.452	  0.083
       3.456	  0.087
       3.460	  0.080
       3.464	  0.068
       3.468	  0.075
       3.472	  0.095
       3.476	  0.133
       3.480	  0.165
       3.484	  0.188
       3.488	  0.185
       3.492	  0.180
       3.496	  0.177
       3.500	  0.172
       3.504	  0.163
       3.508	  0.158
       3.512	  0.150
       3.516	  0.155
       3.520	  0.172
       3.524	  0.193
       3.528	  0.203
       3.532	  0.215
       3.536	  0.230
       3.540	  0.282
       3.544	  0.330
       3.548	  0.357
       3.552	  0.345
       3.556	  0.338
       3.560	  0.330
       3.564	  0.328
       3.568	  0.330
       3.572	  0.328
       3.576	  0.335
       3.580	  0.350
       3.584	  0.383
       3.588	  0.405
       3.592	  0.417
       3.596	  0.420
       3.600	  0.425
       3.604	  0.427
       3.608	  0.417
       3.612	  0.372
       3.616	  0.315
       3.620	  0.260
       3.624	  0.225
       3.628	  0.207
       3.632	  0.200
       3.636	  0.172
       3.640	  0.147
       3.644	  0.140
       3.648	  0.155
       3.652	  0.170
       3.656	  0.185
       3.660	  0.170
       3.664	  0.120
       3.668	  0.060
       3.672	  0.000
       3.676	 -0.030
       3.680	 -0.022
       3.684	 -0.020
       3.688	 -0.035
       3.692	 -0.045
       3.696	 -0.037
       3.700	  0.005
       3.704	  0.052
       3.708	  0.087
       3.712	  0.075
       3.716	  0.060
       3.720	  0.065
       3.724	  0.072
       3.728	  0.080
       3.732	  0.117
       3.736	  0.155
       3.740	  0.200
       3.744	  0.215
       3.748	  0.210
       3.752	  0.207
       3.756	  0.225
       3.760	  0.263
       3.764	  0.285
       3.768	  0.285
       3.772	  0.292
       3.776	  0.307
       3.780	  0.307
       3.784	  0.300
       3.788	  0.278
       3.792	  0.270
       3.796	  0.270
       3.800	  0.297
       3.804	  0.320
       3.808	  0.335
       3.812	  0.330
       3.816	  0.312
       3.820	  0.282
       3.824	  0.285
       3.828	  0.315
       3.832	  0.338
       3.836	  0.320
       3.840	  0.285
       3.844	  0.253
       3.848	  0.225
       3.852	  0.223
       3.856	  0.240
       3.860	  0.260
       3.864	  0.282
       3.868	  0.297
       3.872	  0.290
       3.876	  0.270
       3.880	  0.255
       3.884	  0.263
       3.888	  0.268
       3.892	  0.245
       3.896	  0.195
       3.900	  0.147
       3.904	  0.113
       3.908	  0.098
       3.912	  0.080
       3.916	  0.058
       3.920	  0.028
       3.924	 -0.022
       3.928	 -0.072
       3.932	 -0.110
       3.936	 -0.135
       3.940	 -0.133
       3.944	 -0.135
       3.948	 -0.140
       3.952	 -0.140
       3.956	 -0.133
       3.960	 -0.135
       3.964	 -0.163
       3.968	 -0.210
       3.972	 -0.253
       3.976	 -0.263
       3.980	 -0.240
       3.984	 -0.200
       3.988	 -0.177
       3.992	 -0.177
       3.996	 -0.180
       4.000	 -0.170
       4.004	 -0.125
       4.008	  0.022
       4.012	  0.230
       4.016	  0.448
       4.020	  0.620
       4.024	  0.777
       4.028	  0.863
       4.032	  0.868
       4.036	  0.792
       4.040	  0.660
       4.044	  0.495
       4.048	  0.360
       4.052	  0.260
       4.056	  0.133
       4.060	 -0.060
       4.064	 -0.270
       4.068	 -0.435
       4.072	 -0.522
       4.076	 -0.532
       4.080	 -0.480
       4.084	 -0.395
       4.088	 -0.320
       4.092	 -0.223
       4.096	 -0.135
       4.100	 -0.080
       4.104	 -0.068
       4.108	 -0.075
       4.112	 -0.105
       4.116	 -0.140
       4.120	 -0.163
       4.124	 -0.165
       4.128	 -0.170
       4.132	 -0.163
       4.136	 -0.150
       4.140	 -0.105
       4.144	 -0.060
       4.148	 -0.020
       4.152	  0.035
       4.156	  0.065
       4.160	  0.075
       4.164	  0.095
       4.168	  0.125
       4.172	  0.135
       4.176	  0.147
       4.180	  0.147
       4.184	  0.147
       4.188	  0.140
       4.192	  0.147
       4.196	  0.158
       4.200	  0.165
       4.204	  0.165
       4.208	  0.180
       4.212	  0.188
       4.216	  0.207
       4.220	  0.233
       4.224	  0.270
       4.228	  0.290
       4.232	  0.297
       4.236	  0.292
       4.240	  0.297
       4.244	  0.300
       4.248	  0.323
       4.252	  0.335
       4.256	  0.367
       4.260	  0.432
       4.264	  0.510
       4.268	  0.590
       4.272	  0.627
       4.276	  0.623
       4.280	  0.593
       4.284	  0.568
       4.288	  0.547
       4.292	  0.552
       4.296	  0.552
       4.300	  0.560
       4.304	  0.570
       4.308	  0.585
       4.312	  0.578
       4.316	  0.568
       4.320	  0.555
       4.324	  0.555
       4.328	  0.540
       4.332	  0.532
       4.336	  0.510
       4.340	  0.492
       4.344	  0.458
       4.348	  0.427
       4.352	  0.425
       4.356	  0.448
       4.360	  0.502
       4.364	  0.547
       4.368	  0.560
       4.372	  0.537
       4.376	  0.502
       4.380	  0.450
       4.384	  0.412
       4.388	  0.365
       4.392	  0.343
       4.396	  0.335
       4.400	  0.345
       4.404	  0.345
       4.408	  0.357
       4.412	  0.360
       4.416	  0.357
       4.420	  0.343
       4.424	  0.323
       4.428	  0.305
       4.432	  0.300
       4.436	  0.285
       4.440	  0.263
       4.444	  0.210
       4.448	  0.163
       4.452	  0.133
       4.456	  0.133
       4.460	  0.147
       4.464	  0.142
       4.468	  0.135
       4.472	  0.110
       4.476	  0.075
       4.480	  0.037
       4.484	 -0.015
       4.488	 -0.058
       4.492	 -0.080
       4.496	 -0.095
       4.500	 -0.117
       4.504	 -0.155
       4.508	 -0.172
       4.512	 -0.200
       4.516	 -0.210
       4.520	 -0.217
       4.524	 -0.223
       4.528	 -0.223
       4.532	 -0.210
       4.536	 -0.210
       4.540	 -0.203
       4.544	 -0.203
       4.548	 -0.230
       4.552	 -0.263
       4.556	 -0.285
       4.560	 -0.297
       4.564	 -0.315
       4.568	 -0.335
       4.572	 -0.350
       4.576	 -0.360
       4.580	 -0.360
       4.584	 -0.338
       4.588	 -0.305
       4.592	 -0.275
       4.596	 -0.270
       4.600	 -0.270
       4.604	 -0.270
       4.608	 -0.275
       4.612	 -0.285
       4.616	 -0.307
       4.620	 -0.360
       4.624	 -0.427
       4.628	 -0.480
       4.632	 -0.510
       4.636	 -0.515
       4.640	 -0.500
       4.644	 -0.487
       4.648	 -0.495
       4.652	 -0.515
       4.656	 -0.515
       4.660	 -0.500
       4.664	 -0.455
       4.668	 -0.410
       4.672	 -0.380
       4.676	 -0.345
       4.680	 -0.335
       4.684	 -0.338
       4.688	 -0.357
       4.692	 -0.375
       4.696	 -0.395
       4.700	 -0.395
       4.704	 -0.403
       4.708	 -0.405
       4.712	 -0.405
       4.716	 -0.383
       4.720	 -0.360
       4.724	 -0.345
       4.728	 -0.350
       4.732	 -0.375
       4.736	 -0.405
       4.740	 -0.405
       4.744	 -0.395
       4.748	 -0.388
       4.752	 -0.367
       4.756	 -0.357
       4.760	 -0.345
       4.764	 -0.315
       4.768	 -0.260
       4.772	 -0.193
       4.776	 -0.110
       4.780	 -0.045
       4.784	  0.022
       4.788	  0.083
       4.792	  0.165
       4.796	  0.263
       4.800	  0.372
       4.804	  0.470
       4.808	  0.555
       4.812	  0.630
       4.816	  0.743
       4.820	  0.830
       4.824	  0.868
       4.828	  0.818
       4.832	  0.682
       4.836	  0.465
       4.840	  0.253
       4.844	  0.045
       4.848	 -0.215
       4.852	 -0.492
       4.856	 -0.785
       4.860	 -1.025
       4.864	 -1.185
       4.868	 -1.245
       4.872	 -1.268
       4.876	 -1.265
       4.880	 -1.208
       4.884	 -1.137
       4.888	 -1.062
       4.892	 -0.975
       4.896	 -0.915
       4.900	 -0.870
       4.904	 -0.838
       4.908	 -0.795
       4.912	 -0.772
       4.916	 -0.765
       4.920	 -0.755
       4.924	 -0.713
       4.928	 -0.665
       4.932	 -0.590
       4.936	 -0.510
       4.940	 -0.448
       4.944	 -0.417
       4.948	 -0.403
       4.952	 -0.383
       4.956	 -0.345
       4.960	 -0.297
       4.964	 -0.240
       4.968	 -0.185
       4.972	 -0.142
       4.976	 -0.083
       4.980	 -0.028
       4.984	  0.037
       4.988	  0.083
       4.992	  0.133
       4.996	  0.158
       5.000	  0.177
       5.004	  0.188
       5.008	  0.210
       5.012	  0.225
       5.016	  0.245
       5.020	  0.263
       5.024	  0.305
       5.028	  0.343
       5.032	  0.375
       5.036	  0.405
       5.040	  0.435
       5.044	  0.470
       5.048	  0.507
       5.052	  0.532
       5.056	  0.547
       5.060	  0.568
       5.064	  0.570
       5.068	  0.575
       5.072	  0.560
       5.076	  0.530
       5.080	  0.500
       5.084	  0.470
       5.088	  0.450
       5.092	  0.425
       5.096	  0.360
       5.100	  0.300
       5.104	  0.247
       5.108	  0.210
       5.112	  0.177
       5.116	  0.140
       5.120	  0.087
       5.124	  0.045
       5.128	  0.022
       5.132	  0.007
       5.136	 -0.030
       5.140	 -0.075
       5.144	 -0.158
       5.148	 -0.240
       5.152	 -0.278
       5.156	 -0.290
       5.160	 -0.278
       5.164	 -0.268
       5.168	 -0.215
       5.172	 -0.180
       5.176	 -0.165
       5.180	 -0.185
       5.184	 -0.223
       5.188	 -0.268
       5.192	 -0.285
       5.196	 -0.290
       5.200	 -0.270
       5.204	 -0.233
       5.208	 -0.185
       5.212	 -0.135
       5.216	 -0.095
       5.220	 -0.083
       5.224	 -0.080
       5.228	 -0.072
       5.232	 -0.058
       5.236	 -0.037
       5.240	 -0.028
       5.244	  0.000
       5.248	  0.013
       5.252	  0.013
       5.256	  0.000
       5.260	  0.000
       5.264	  0.015
       5.268	  0.035
       5.272	  0.043
       5.276	  0.035
       5.280	  0.015
       5.284	 -0.015
       5.288	 -0.035
       5.292	 -0.060
       5.296	 -0.095
       5.300	 -0.113
       5.304	 -0.125
       5.308	 -0.098
       5.312	 -0.068
       5.316	 -0.060
       5.320	 -0.058
       5.324	 -0.045
       5.328	 -0.043
       5.332	 -0.030
       5.336	 -0.035
       5.340	 -0.045
       5.344	 -0.060
       5.348	 -0.080
       5.352	 -0.105
       5.356	 -0.142
       5.360	 -0.170
       5.364	 -0.172
       5.368	 -0.165
       5.372	 -0.150
       5.376	 -0.128
       5.380	 -0.120
       5.384	 -0.102
       5.388	 -0.095
       5.392	 -0.095
       5.396	 -0.110
       5.400	 -0.133
       5.404	 -0.165
       5.408	 -0.165
       5.412	 -0.150
       5.416	 -0.117
       5.420	 -0.083
       5.424	 -0.060
       5.428	 -0.068
       5.432	 -0.080
       5.436	 -0.110
       5.440	 -0.120
       5.444	 -0.125
       5.448	 -0.128
       5.452	 -0.120
       5.456	 -0.117
       5.460	 -0.120
       5.464	 -0.135
       5.468	 -0.155
       5.472	 -0.172
       5.476	 -0.170
       5.480	 -0.150
       5.484	 -0.125
       5.488	 -0.105
       5.492	 -0.080
       5.496	 -0.083
       5.500	 -0.095
       5.504	 -0.128
       5.508	 -0.142
       5.512	 -0.142
       5.516	 -0.135
       5.520	 -0.125
       5.524	 -0.117
       5.528	 -0.128
       5.532	 -0.135
       5.536	 -0.140
       5.540	 -0.140
       5.544	 -0.135
       5.548	 -0.117
       5.552	 -0.060
       5.556	  0.015
       5.560	  0.075
       5.564	  0.128
       5.568	  0.177
       5.572	  0.240
       5.576	  0.328
       5.580	  0.420
       5.584	  0.540
       5.588	  0.637
       5.592	  0.748
       5.596	  0.868
       5.600	  0.973
       5.604	  1.020
       5.608	  1.025
       5.612	  0.953
       5.616	  0.818
       5.620	  0.642
       5.624	  0.470
       5.628	  0.255
       5.632	 -0.013
       5.636	 -0.270
       5.640	 -0.470
       5.644	 -0.585
       5.648	 -0.623
       5.652	 -0.620
       5.656	 -0.608
       5.660	 -0.578
       5.664	 -0.537
       5.668	 -0.463
       5.672	 -0.372
       5.676	 -0.278
       5.680	 -0.210
       5.684	 -0.150
       5.688	 -0.125
       5.692	 -0.120
       5.696	 -0.120
       5.700	 -0.110
       5.704	 -0.083
       5.708	 -0.043
       5.712	 -0.015
       5.716	  0.050
       5.720	  0.113
       5.724	  0.172
       5.728	  0.203
       5.732	  0.217
       5.736	  0.240
       5.740	  0.278
       5.744	  0.323
       5.748	  0.360
       5.752	  0.383
       5.756	  0.380
       5.760	  0.412
       5.764	  0.458
       5.768	  0.507
       5.772	  0.530
       5.776	  0.552
       5.780	  0.568
       5.784	  0.585
       5.788	  0.600
       5.792	  0.645
       5.796	  0.680
       5.800	  0.705
       5.804	  0.720
       5.808	  0.743
       5.812	  0.777
       5.816	  0.818
       5.820	  0.853
       5.824	  0.875
       5.828	  0.870
       5.832	  0.863
       5.836	  0.860
       5.840	  0.853
       5.844	  0.833
       5.848	  0.825
       5.852	  0.840
       5.856	  0.868
       5.860	  0.892
       5.864	  0.900
       5.868	  0.900
       5.872	  0.892
       5.876	  0.882
       5.880	  0.855
       5.884	  0.825
       5.888	  0.795
       5.892	  0.780
       5.896	  0.777
       5.900	  0.777
       5.904	  0.772
       5.908	  0.762
       5.912	  0.725
       5.916	  0.688
       5.920	  0.635
       5.924	  0.598
       5.928	  0.568
       5.932	  0.545
       5.936	  0.540
       5.940	  0.562
       5.944	  0.583
       5.948	  0.585
       5.952	  0.585
       5.956	  0.570
       5.960	  0.570
       5.964	  0.555
       5.968	  0.525
       5.972	  0.492
       5.976	  0.465
       5.980	  0.448
       5.984	  0.435
       5.988	  0.417
       5.992	  0.417
       5.996	  0.403
       6.000	  0.390
       6.004	  0.360
       6.008	  0.357
       6.012	  0.372
       6.016	  0.412
       6.020	  0.450
       6.024	  0.472
       6.028	  0.455
       6.032	  0.412
       6.036	  0.380
       6.040	  0.360
       6.044	  0.357
       6.048	  0.365
       6.052	  0.360
       6.056	  0.328
       6.060	  0.292
       6.064	  0.260
       6.068	  0.245
       6.072	  0.237
       6.076	  0.247
       6.080	  0.255
       6.084	  0.255
       6.088	  0.245
       6.092	  0.245
       6.096	  0.240
       6.100	  0.253
       6.104	  0.268
       6.108	  0.275
       6.112	  0.263
       6.116	  0.253
       6.120	  0.237
       6.124	  0.233
       6.128	  0.215
       6.132	  0.200
       6.136	  0.185
       6.140	  0.185
       6.144	  0.185
       6.148	  0.188
       6.152	  0.185
       6.156	  0.150
       6.160	  0.133
       6.164	  0.142
       6.168	  0.158
       6.172	  0.193
       6.176	  0.240
       6.180	  0.268
       6.184	  0.282
       6.188	  0.285
       6.192	  0.297
       6.196	  0.297
       6.200	  0.300
       6.204	  0.297
       6.208	  0.285
       6.212	  0.247
       6.216	  0.195
       6.220	  0.147
       6.224	  0.128
       6.228	  0.128
       6.232	  0.128
       6.236	  0.125
       6.240	  0.120
       6.244	  0.120
       6.248	  0.128
       6.252	  0.135
       6.256	  0.133
       6.260	  0.142
       6.264	  0.150
       6.268	  0.150
       6.272	  0.147
       6.276	  0.140
       6.280	  0.128
       6.284	  0.125
       6.288	  0.105
       6.292	  0.095
       6.296	  0.090
       6.300	  0.102
       6.304	  0.117
       6.308	  0.125
       6.312	  0.110
       6.316	  0.087
       6.320	  0.075
       6.324	  0.075
       6.328	  0.087
       6.332	  0.098
       6.336	  0.128
       6.340	  0.172
       6.344	  0.225
       6.348	  0.270
       6.352	  0.335
       6.356	  0.420
       6.360	  0.537
       6.364	  0.660
       6.368	  0.765
       6.372	  0.840
       6.376	  0.927
       6.380	  0.998
       6.384	  1.025
       6.388	  0.983
       6.392	  0.877
       6.396	  0.695
       6.400	  0.502
       6.404	  0.307
       6.408	  0.113
       6.412	 -0.158
       6.416	 -0.435
       6.420	 -0.667
       6.424	 -0.795
       6.428	 -0.838
       6.432	 -0.840
       6.436	 -0.815
       6.440	 -0.762
       6.444	 -0.695
       6.448	 -0.598
       6.452	 -0.472
       6.456	 -0.395
       6.460	 -0.352
       6.464	 -0.352
       6.468	 -0.375
       6.472	 -0.405
       6.476	 -0.412
       6.480	 -0.412
       6.484	 -0.405
       6.488	 -0.412
       6.492	 -0.412
       6.496	 -0.398
       6.500	 -0.350
       6.504	 -0.312
       6.508	 -0.275
       6.512	 -0.263
       6.516	 -0.255
       6.520	 -0.260
       6.524	 -0.278
       6.528	 -0.305
       6.532	 -0.328
       6.536	 -0.323
       6.540	 -0.312
       6.544	 -0.292
       6.548	 -0.275
       6.552	 -0.268
       6.556	 -0.275
       6.560	 -0.275
       6.564	 -0.270
       6.568	 -0.255
       6.572	 -0.233
       6.576	 -0.203
       6.580	 -0.172
       6.584	 -0.142
       6.588	 -0.133
       6.592	 -0.128
       6.596	 -0.128
       6.600	 -0.102
       6.604	 -0.068
       6.608	 -0.028
       6.612	  0.007
       6.616	  0.015
       6.620	  0.015
       6.624	  0.030
       6.628	  0.045
       6.632	  0.058
       6.636	  0.060
       6.640	  0.075
       6.644	  0.105
       6.648	  0.147
       6.652	  0.177
       6.656	  0.177
       6.660	  0.180
       6.664	  0.185
       6.668	  0.203
       6.672	  0.203
       6.676	  0.180
       6.680	  0.147
       6.684	  0.110
       6.688	  0.075
       6.692	  0.050
       6.696	  0.022
       6.700	  0.007
       6.704	 -0.028
       6.708	 -0.037
       6.712	 -0.052
       6.716	 -0.065
       6.720	 -0.065
       6.724	 -0.050
       6.728	 -0.043
       6.732	 -0.037
       6.736	 -0.022
       6.740	 -0.035
       6.744	 -0.052
       6.748	 -0.075
       6.752	 -0.083
       6.756	 -0.080
       6.760	 -0.065
       6.764	 -0.065
       6.768	 -0.075
       6.772	 -0.098
       6.776	 -0.090
       6.780	 -0.080
       6.784	 -0.075
       6.788	 -0.098
       6.792	 -0.098
       6.796	 -0.095
       6.800	 -0.087
       6.804	 -0.083
       6.808	 -0.058
       6.812	 -0.043
       6.816	 -0.030
       6.820	 -0.028
       6.824	 -0.015
       6.828	 -0.013
       6.832	 -0.015
       6.836	 -0.022
       6.840	 -0.035
       6.844	 -0.035
       6.848	 -0.020
       6.852	  0.020
       6.856	  0.035
       6.860	  0.045
       6.864	  0.045
       6.868	  0.043
       6.872	  0.022
       6.876	  0.007
       6.880	 -0.022
       6.884	 -0.035
       6.888	 -0.052
       6.892	 -0.068
       6.896	 -0.090
       6.900	 -0.117
       6.904	 -0.142
       6.908	 -0.155
       6.912	 -0.170
       6.916	 -0.177
       6.920	 -0.165
       6.924	 -0.140
       6.928	 -0.105
       6.932	 -0.090
       6.936	 -0.075
       6.940	 -0.075
       6.944	 -0.080
       6.948	 -0.083
       6.952	 -0.087
       6.956	 -0.083
       6.960	 -0.072
       6.964	 -0.060
       6.968	 -0.045
       6.972	 -0.043
       6.976	 -0.035
       6.980	 -0.028
       6.984	  0.007
       6.988	  0.022
       6.992	  0.045
       6.996	  0.052
       7.000	  0.058
       7.004	  0.058
       7.008	  0.068
       7.012	  0.080
       7.016	  0.090
       7.020	  0.090
       7.024	  0.102
       7.028	  0.113
       7.032	  0.133
       7.036	  0.147
       7.040	  0.133
       7.044	  0.105
       7.048	  0.102
       7.052	  0.120
       7.056	  0.133
       7.060	  0.135
       7.064	  0.120
       7.068	  0.105
       7.072	  0.095
       7.076	  0.098
       7.080	  0.098
       7.084	  0.102
       7.088	  0.098
       7.092	  0.102
       7.096	  0.095
       7.100	  0.090
       7.104	  0.090
       7.108	  0.110
       7.112	  0.128
       7.116	  0.135
       7.120	  0.147
       7.124	  0.163
       7.128	  0.165
       7.132	  0.158
       7.136	  0.165
       7.140	  0.165
       7.144	  0.155
       7.148	  0.147
       7.152	  0.158
       7.156	  0.210
       7.160	  0.323
       7.164	  0.463
       7.168	  0.623
       7.172	  0.762
       7.176	  0.905
       7.180	  1.048
       7.184	  1.192
       7.188	  1.333
       7.192	  1.500
       7.196	  1.633
       7.200	  1.685
       7.204	  1.635
       7.208	  1.515
       7.212	  1.355
       7.216	  1.198
       7.220	  1.073
       7.224	  0.968
       7.228	  0.815
       7.232	  0.608
       7.236	  0.343
       7.240	  0.068
       7.244	 -0.165
       7.248	 -0.290
       7.252	 -0.320
       7.256	 -0.290
       7.260	 -0.240
       7.264	 -0.225
       7.268	 -0.230
       7.272	 -0.263
       7.276	 -0.292
       7.280	 -0.312
       7.284	 -0.315
       7.288	 -0.312
       7.292	 -0.305
       7.296	 -0.297
       7.300	 -0.270
       7.304	 -0.247
       7.308	 -0.210
       7.312	 -0.170
       7.316	 -0.140
       7.320	 -0.117
       7.324	 -0.090
       7.328	 -0.068
       7.332	 -0.043
       7.336	  0.007
       7.340	  0.050
       7.344	  0.102
       7.348	  0.140
       7.352	  0.150
       7.356	  0.155
       7.360	  0.165
       7.364	  0.188
       7.368	  0.223
       7.372	  0.237
       7.376	  0.247
       7.380	  0.245
       7.384	  0.255
       7.388	  0.275
       7.392	  0.300
       7.396	  0.312
       7.400	  0.315
       7.404	  0.328
       7.408	  0.350
       7.412	  0.375
       7.416	  0.395
       7.420	  0.403
       7.424	  0.405
       7.428	  0.398
       7.432	  0.390
       7.436	  0.375
       7.440	  0.343
       7.444	  0.315
       7.448	  0.307
       7.452	  0.320
       7.456	  0.338
       7.460	  0.352
       7.464	  0.367
       7.468	  0.367
       7.472	  0.372
       7.476	  0.383
       7.480	  0.395
       7.484	  0.390
       7.488	  0.367
       7.492	  0.345
       7.496	  0.315
       7.500	  0.292
       7.504	  0.282
       7.508	  0.285
       7.512	  0.275
       7.516	  0.255
       7.520	  0.237
       7.524	  0.210
       7.528	  0.195
       7.532	  0.195
       7.536	  0.195
       7.540	  0.200
       7.544	  0.207
       7.548	  0.215
       7.552	  0.215
       7.556	  0.185
       7.560	  0.158
       7.564	  0.135
       7.568	  0.128
       7.572	  0.120
       7.576	  0.117
       7.580	  0.095
       7.584	  0.083
       7.588	  0.072
       7.592	  0.068
       7.596	  0.052
       7.600	  0.045
       7.604	  0.035
       7.608	  0.052
       7.612	  0.068
       7.616	  0.065
       7.620	  0.052
       7.624	  0.030
       7.628	  0.005
       7.632	 -0.030
       7.636	 -0.050
       7.640	 -0.072
       7.644	 -0.087
       7.648	 -0.075
       7.652	 -0.065
       7.656	 -0.065
       7.660	 -0.045
       7.664	 -0.030
       7.668	  0.000
       7.672	  0.005
       7.676	  0.007
       7.680	 -0.020
       7.684	 -0.035
       7.688	 -0.037
       7.692	 -0.015
       7.696	  0.000
       7.700	  0.013
       7.704	  0.030
       7.708	  0.065
       7.712	  0.087
       7.716	  0.102
       7.720	  0.105
       7.724	  0.102
       7.728	  0.102
       7.732	  0.113
       7.736	  0.135
       7.740	  0.150
       7.744	  0.180
       7.748	  0.215
       7.752	  0.240
       7.756	  0.268
       7.760	  0.290
       7.764	  0.312
       7.768	  0.328
       7.772	  0.320
       7.776	  0.315
       7.780	  0.285
       7.784	  0.260
       7.788	  0.240
       7.792	  0.247
       7.796	  0.255
       7.800	  0.255
       7.804	  0.253
       7.808	  0.245
       7.812	  0.210
       7.816	  0.177
       7.820	  0.163
       7.824	  0.177
       7.828	  0.188
       7.832	  0.193
       7.836	  0.193
       7.840	  0.195
       7.844	  0.223
       7.848	  0.255
       7.852	  0.268
       7.856	  0.240
       7.860	  0.215
       7.864	  0.188
       7.868	  0.165
       7.872	  0.135
       7.876	  0.128
       7.880	  0.117
       7.884	  0.113
       7.888	  0.105
       7.892	  0.098
       7.896	  0.095
       7.900	  0.090
       7.904	  0.083
       7.908	  0.087
       7.912	  0.087
       7.916	  0.083
       7.920	  0.090
       7.924	  0.090
       7.928	  0.087
       7.932	  0.110
       7.936	  0.172
       7.940	  0.240
       7.944	  0.335
       7.948	  0.448
       7.952	  0.555
       7.956	  0.667
       7.960	  0.780
       7.964	  0.853
       7.968	  0.853
       7.972	  0.772
       7.976	  0.660
       7.980	  0.515
       7.984	  0.367
       7.988	  0.210
       7.992	  0.030
       7.996	 -0.185
       8.000	 -0.365
       8.004	 -0.458
       8.008	 -0.455
       8.012	 -0.398
       8.016	 -0.343
       8.020	 -0.292
       8.024	 -0.237
       8.028	 -0.172
       8.032	 -0.087
       8.036	 -0.013
       8.040	  0.020
       8.044	  0.013
       8.048	 -0.028
       8.052	 -0.050
       8.056	 -0.075
       8.060	 -0.087
       8.064	 -0.075
       8.068	 -0.050
       8.072	 -0.030
       8.076	  0.013
       8.080	  0.030
       8.084	  0.037
       8.088	  0.030
       8.092	  0.037
       8.096	  0.058
       8.100	  0.090
       8.104	  0.133
       8.108	  0.177
       8.112	  0.207
       8.116	  0.225
       8.120	  0.233
       8.124	  0.230
       8.128	  0.215
       8.132	  0.207
       8.136	  0.215
       8.140	  0.207
       8.144	  0.188
       8.148	  0.170
       8.152	  0.172
       8.156	  0.185
       8.160	  0.215
       8.164	  0.245
       8.168	  0.263
       8.172	  0.260
       8.176	  0.268
       8.180	  0.255
       8.184	  0.247
       8.188	  0.240
       8.192	  0.247
       8.196	  0.240
       8.200	  0.217
       8.204	  0.185
       8.208	  0.172
       8.212	  0.158
       8.216	  0.158
       8.220	  0.172
       8.224	  0.185
       8.228	  0.193
       8.232	  0.195
       8.236	  0.195
       8.240	  0.193
       8.244	  0.200
       8.248	  0.207
       8.252	  0.223
       8.256	  0.223
       8.260	  0.237
       8.264	  0.253
       8.268	  0.263
       8.272	  0.270
       8.276	  0.297
       8.280	  0.312
       8.284	  0.330
       8.288	  0.323
       8.292	  0.305
       8.296	  0.285
       8.300	  0.278
       8.304	  0.292
       8.308	  0.323
       8.312	  0.350
       8.316	  0.360
       8.320	  0.375
       8.324	  0.388
       8.328	  0.405
       8.332	  0.425
       8.336	  0.458
       8.340	  0.492
       8.344	  0.515
       8.348	  0.517
       8.352	  0.507
       8.356	  0.492
       8.360	  0.502
       8.364	  0.517
       8.368	  0.547
       8.372	  0.583
       8.376	  0.627
       8.380	  0.665
       8.384	  0.690
       8.388	  0.705
       8.392	  0.705
       8.396	  0.703
       8.400	  0.718
       8.404	  0.735
       8.408	  0.755
       8.412	  0.757
       8.416	  0.757
       8.420	  0.772
       8.424	  0.800
       8.428	  0.810
       8.432	  0.823
       8.436	  0.830
       8.440	  0.823
       8.444	  0.818
       8.448	  0.810
       8.452	  0.795
       8.456	  0.772
       8.460	  0.770
       8.464	  0.772
       8.468	  0.787
       8.472	  0.792
       8.476	  0.785
       8.480	  0.750
       8.484	  0.718
       8.488	  0.705
       8.492	  0.720
       8.496	  0.743
       8.500	  0.762
       8.504	  0.762
       8.508	  0.762
       8.512	  0.765
       8.516	  0.770
       8.520	  0.780
       8.524	  0.785
       8.528	  0.785
       8.532	  0.792
       8.536	  0.792
       8.540	  0.780
       8.544	  0.772
       8.548	  0.755
       8.552	  0.735
       8.556	  0.728
       8.560	  0.740
       8.564	  0.740
       8.568	  0.733
       8.572	  0.718
       8.576	  0.705
       8.580	  0.703
       8.584	  0.718
       8.588	  0.718
       8.592	  0.713
       8.596	  0.698
       8.600	  0.682
       8.604	  0.675
       8.608	  0.675
       8.612	  0.682
       8.616	  0.698
       8.620	  0.728
       8.624	  0.718
       8.628	  0.698
       8.632	  0.675
       8.636	  0.652
       8.640	  0.623
       8.644	  0.593
       8.648	  0.570
       8.652	  0.568
       8.656	  0.578
       8.660	  0.593
       8.664	  0.590
       8.668	  0.583
       8.672	  0.568
       8.676	  0.552
       8.680	  0.530
       8.684	  0.510
       8.688	  0.502
       8.692	  0.522
       8.696	  0.555
       8.700	  0.585
       8.704	  0.623
       8.708	  0.675
       8.712	  0.733
       8.716	  0.785
       8.720	  0.845
       8.724	  0.900
       8.728	  0.965
       8.732	  1.042
       8.736	  1.125
       8.740	  1.215
       8.744	  1.343
       8.748	  1.470
       8.752	  1.530
       8.756	  1.492
       8.760	  1.370
       8.764	  1.163
       8.768	  0.922
       8.772	  0.688
       8.776	  0.465
       8.780	  0.230
       8.784	 -0.037
       8.788	 -0.278
       8.792	 -0.458
       8.796	 -0.547
       8.800	 -0.562
       8.804	 -0.545
       8.808	 -0.517
       8.812	 -0.487
       8.816	 -0.443
       8.820	 -0.388
       8.824	 -0.338
       8.828	 -0.312
       8.832	 -0.292
       8.836	 -0.278
       8.840	 -0.275
       8.844	 -0.270
       8.848	 -0.270
       8.852	 -0.255
       8.856	 -0.253
       8.860	 -0.255
       8.864	 -0.253
       8.868	 -0.230
       8.872	 -0.195
       8.876	 -0.158
       8.880	 -0.147
       8.884	 -0.142
       8.888	 -0.120
       8.892	 -0.068
       8.896	 -0.022
       8.900	  0.013
       8.904	  0.020
       8.908	  0.028
       8.912	  0.043
       8.916	  0.058
       8.920	  0.065
       8.924	  0.050
       8.928	  0.043
       8.932	  0.035
       8.936	  0.043
       8.940	  0.050
       8.944	  0.075
       8.948	  0.110
       8.952	  0.135
       8.956	  0.142
       8.960	  0.155
       8.964	  0.170
       8.968	  0.188
       8.972	  0.195
       8.976	  0.217
       8.980	  0.230
       8.984	  0.233
       8.988	  0.233
       8.992	  0.247
       8.996	  0.263
       9.000	  0.270
       9.004	  0.270
       9.008	  0.270
       9.012	  0.275
       9.016	  0.297
       9.020	  0.323
       9.024	  0.338
       9.028	  0.352
       9.032	  0.372
       9.036	  0.388
       9.040	  0.388
       9.044	  0.380
       9.048	  0.350
       9.052	  0.328
       9.056	  0.297
       9.060	  0.282
       9.064	  0.263
       9.068	  0.237
       9.072	  0.200
       9.076	  0.165
       9.080	  0.120
       9.084	  0.075
       9.088	  0.030
       9.092	  0.005
       9.096	 -0.030
       9.100	 -0.058
       9.104	 -0.075
       9.108	 -0.102
       9.112	 -0.140
       9.116	 -0.172
       9.120	 -0.193
       9.124	 -0.215
       9.128	 -0.245
       9.132	 -0.285
       9.136	 -0.315
       9.140	 -0.357
       9.144	 -0.375
       9.148	 -0.390
       9.152	 -0.405
       9.156	 -0.432
       9.160	 -0.448
       9.164	 -0.480
       9.168	 -0.500
       9.172	 -0.507
       9.176	 -0.495
       9.180	 -0.487
       9.184	 -0.487
       9.188	 -0.500
       9.192	 -0.515
       9.196	 -0.522
       9.200	 -0.522
       9.204	 -0.515
       9.208	 -0.495
       9.212	 -0.480
       9.216	 -0.455
       9.220	 -0.427
       9.224	 -0.420
       9.228	 -0.410
       9.232	 -0.398
       9.236	 -0.375
       9.240	 -0.343
       9.244	 -0.320
       9.248	 -0.320
       9.252	 -0.338
       9.256	 -0.367
       9.260	 -0.380
       9.264	 -0.383
       9.268	 -0.372
       9.272	 -0.380
       9.276	 -0.380
       9.280	 -0.388
       9.284	 -0.395
       9.288	 -0.410
       9.292	 -0.398
       9.296	 -0.395
       9.300	 -0.398
       9.304	 -0.410
       9.308	 -0.427
       9.312	 -0.440
       9.316	 -0.440
       9.320	 -0.435
       9.324	 -0.448
       9.328	 -0.450
       9.332	 -0.448
       9.336	 -0.443
       9.340	 -0.458
       9.344	 -0.477
       9.348	 -0.495
       9.352	 -0.510
       9.356	 -0.530
       9.360	 -0.525
       9.364	 -0.532
       9.368	 -0.525
       9.372	 -0.522
       9.376	 -0.495
       9.380	 -0.487
       9.384	 -0.480
       9.388	 -0.480
       9.392	 -0.472
       9.396	 -0.463
       9.400	 -0.450
       9.404	 -0.432
       9.408	 -0.410
       9.412	 -0.390
       9.416	 -0.388
       9.420	 -0.383
       9.424	 -0.395
       9.428	 -0.398
       9.432	 -0.395
       9.436	 -0.375
       9.440	 -0.357
       9.444	 -0.338
       9.448	 -0.335
       9.452	 -0.320
       9.456	 -0.323
       9.460	 -0.315
       9.464	 -0.312
       9.468	 -0.292
       9.472	 -0.260
       9.476	 -0.210
       9.480	 -0.193
       9.484	 -0.195
       9.488	 -0.185
       9.492	 -0.147
       9.496	 -0.083
       9.500	  0.022
       9.504	  0.128
       9.508	  0.237
       9.512	  0.360
       9.516	  0.502
       9.520	  0.608
       9.524	  0.630
       9.528	  0.600
       9.532	  0.500
       9.536	  0.350
       9.540	  0.172
       9.544	 -0.020
       9.548	 -0.237
       9.552	 -0.492
       9.556	 -0.743
       9.560	 -0.930
       9.564	 -1.040
       9.568	 -1.065
       9.572	 -1.048
       9.576	 -0.990
       9.580	 -0.915
       9.584	 -0.823
       9.588	 -0.743
       9.592	 -0.667
       9.596	 -0.615
       9.600	 -0.585
       9.604	 -0.560
       9.608	 -0.555
       9.612	 -0.562
       9.616	 -0.578
       9.620	 -0.578
       9.624	 -0.593
       9.628	 -0.600
       9.632	 -0.585
       9.636	 -0.545
       9.640	 -0.480
       9.644	 -0.412
       9.648	 -0.365
       9.652	 -0.335
       9.656	 -0.315
       9.660	 -0.297
       9.664	 -0.278
       9.668	 -0.263
       9.672	 -0.247
       9.676	 -0.225
       9.680	 -0.207
       9.684	 -0.188
       9.688	 -0.172
       9.692	 -0.140
       9.696	 -0.113
       9.700	 -0.102
       9.704	 -0.090
       9.708	 -0.080
       9.712	 -0.065
       9.716	 -0.050
       9.720	 -0.043
       9.724	 -0.060
       9.728	 -0.090
       9.732	 -0.117
       9.736	 -0.133
       9.740	 -0.140
       9.744	 -0.135
       9.748	 -0.133
       9.752	 -0.120
       9.756	 -0.120
       9.760	 -0.105
       9.764	 -0.090
       9.768	 -0.075
       9.772	 -0.060
       9.776	 -0.050
       9.780	 -0.045
       9.784	 -0.052
       9.788	 -0.065
       9.792	 -0.045
       9.796	 -0.020
       9.800	  0.020
       9.804	  0.037
       9.808	  0.043
       9.812	  0.022
       9.816	 -0.030
       9.820	 -0.065
       9.824	 -0.105
       9.828	 -0.120
       9.832	 -0.117
       9.836	 -0.095
       9.840	 -0.090
       9.844	 -0.087
       9.848	 -0.110
       9.852	 -0.155
       9.856	 -0.200
       9.860	 -0.230
       9.864	 -0.247
       9.868	 -0.275
       9.872	 -0.328
       9.876	 -0.380
       9.880	 -0.432
       9.884	 -0.470
       9.888	 -0.477
       9.892	 -0.458
       9.896	 -0.435
       9.900	 -0.417
       9.904	 -0.403
       9.908	 -0.410
       9.912	 -0.417
       9.916	 -0.420
       9.920	 -0.420
       9.924	 -0.417
       9.928	 -0.405
       9.932	 -0.412
       9.936	 -0.420
       9.940	 -0.435
       9.944	 -0.427
       9.948	 -0.425
       9.952	 -0.417
       9.956	 -0.410
       9.960	 -0.380
       9.964	 -0.352
       9.968	 -0.335
       9.972	 -0.328
       9.976	 -0.315
       9.980	 -0.320
       9.984	 -0.323
       9.988	 -0.335
       9.992	 -0.330
       9.996	 -0.320
