Elapsed_time	ECG
       0.000	  0.060
       0.004	  0.058
       0.008	  0.060
       0.012	  0.062
       0.016	  0.060
       0.020	  0.062
       0.024	  0.062
       0.028	  0.068
       0.032	  0.068
       0.036	  0.075
       0.040	  0.075
       0.044	  0.075
       0.048	  0.075
       0.052	  0.075
       0.056	  0.070
       0.060	  0.072
       0.064	  0.070
       0.068	  0.070
       0.072	  0.068
       0.076	  0.068
       0.080	  0.070
       0.084	  0.070
       0.088	  0.068
       0.092	  0.070
       0.096	  0.072
       0.100	  0.075
       0.104	  0.075
       0.108	  0.080
       0.112	  0.080
       0.116	  0.075
       0.120	  0.080
       0.124	  0.083
       0.128	  0.083
       0.132	  0.080
       0.136	  0.083
       0.140	  0.080
       0.144	  0.080
       0.148	  0.080
       0.152	  0.085
       0.156	  0.083
       0.160	  0.087
       0.164	  0.087
       0.168	  0.092
       0.172	  0.090
       0.176	  0.090
       0.180	  0.087
       0.184	  0.087
       0.188	  0.090
       0.192	  0.095
       0.196	  0.095
       0.200	  0.102
       0.204	  0.102
       0.208	  0.102
       0.212	  0.105
       0.216	  0.095
       0.220	  0.095
       0.224	  0.098
       0.228	  0.105
       0.232	  0.105
       0.236	  0.107
       0.240	  0.102
       0.244	  0.102
       0.248	  0.098
       0.252	  0.087
       0.256	  0.330
       0.260	  0.362
       0.264	  0.110
       0.268	  0.020
       0.272	 -0.075
       0.276	 -0.068
       0.280	  0.117
       0.284	  0.310
       0.288	  0.378
       0.292	  0.425
       0.296	  0.557
       0.300	  0.728
       0.304	  0.943
       0.308	  1.215
       0.312	  1.560
       0.316	  1.915
       0.320	  2.172
       0.324	  2.285
       0.328	  2.217
       0.332	  1.940
       0.336	  1.423
       0.340	  0.855
       0.344	  0.448
       0.348	  0.193
       0.352	  0.043
       0.356	 -0.075
       0.360	 -0.152
       0.364	 -0.223
       0.368	 -0.282
       0.372	 -0.340
       0.376	 -0.383
       0.380	 -0.403
       0.384	 -0.385
       0.388	 -0.367
       0.392	 -0.362
       0.396	 -0.355
       0.400	 -0.345
       0.404	 -0.335
       0.408	 -0.333
       0.412	 -0.333
       0.416	 -0.320
       0.420	 -0.312
       0.424	 -0.305
       0.428	 -0.305
       0.432	 -0.297
       0.436	 -0.278
       0.440	 -0.265
       0.444	 -0.260
       0.448	 -0.255
       0.452	 -0.247
       0.456	 -0.242
       0.460	 -0.242
       0.464	 -0.242
       0.468	 -0.237
       0.472	 -0.242
       0.476	 -0.245
       0.480	 -0.250
       0.484	 -0.260
       0.488	 -0.268
       0.492	 -0.268
       0.496	 -0.268
       0.500	 -0.273
       0.504	 -0.287
       0.508	 -0.295
       0.512	 -0.292
       0.516	 -0.292
       0.520	 -0.292
       0.524	 -0.287
       0.528	 -0.287
       0.532	 -0.278
       0.536	 -0.265
       0.540	 -0.268
       0.544	 -0.260
       0.548	 -0.263
       0.552	 -0.260
       0.556	 -0.253
       0.560	 -0.253
       0.564	 -0.260
       0.568	 -0.245
       0.572	 -0.228
       0.576	 -0.220
       0.580	 -0.215
       0.584	 -0.210
       0.588	 -0.203
       0.592	 -0.188
       0.596	 -0.182
       0.600	 -0.180
       0.604	 -0.180
       0.608	 -0.170
       0.612	 -0.163
       0.616	 -0.165
       0.620	 -0.160
       0.624	 -0.163
       0.628	 -0.165
       0.632	 -0.158
       0.636	 -0.158
       0.640	 -0.170
       0.644	 -0.150
       0.648	 -0.142
       0.652	 -0.152
       0.656	 -0.155
       0.660	 -0.152
       0.664	 -0.138
       0.668	 -0.128
       0.672	 -0.113
       0.676	 -0.105
       0.680	 -0.107
       0.684	 -0.105
       0.688	 -0.098
       0.692	 -0.102
       0.696	 -0.107
       0.700	 -0.113
       0.704	 -0.110
       0.708	 -0.090
       0.712	 -0.072
       0.716	 -0.070
       0.720	 -0.072
       0.724	 -0.070
       0.728	 -0.068
       0.732	 -0.065
       0.736	 -0.058
       0.740	 -0.065
       0.744	 -0.052
       0.748	 -0.050
       0.752	 -0.048
       0.756	 -0.062
       0.760	 -0.062
       0.764	 -0.072
       0.768	 -0.062
       0.772	 -0.048
       0.776	 -0.045
       0.780	 -0.045
       0.784	 -0.040
       0.788	 -0.040
       0.792	 -0.045
       0.796	 -0.048
       0.800	 -0.048
       0.804	 -0.045
       0.808	 -0.045
       0.812	 -0.045
       0.816	 -0.048
       0.820	 -0.045
       0.824	 -0.040
       0.828	 -0.035
       0.832	 -0.035
       0.836	 -0.040
       0.840	 -0.050
       0.844	 -0.035
       0.848	 -0.025
       0.852	 -0.022
       0.856	 -0.025
       0.860	  0.000
       0.864	 -0.030
       0.868	 -0.035
       0.872	 -0.028
       0.876	 -0.025
       0.880	 -0.028
       0.884	 -0.028
       0.888	 -0.025
       0.892	 -0.020
       0.896	  0.007
       0.900	  0.020
       0.904	  0.025
       0.908	  0.020
       0.912	  0.015
       0.916	  0.020
       0.920	  0.020
       0.924	  0.018
       0.928	  0.015
       0.932	  0.005
       0.936	  0.005
       0.940	  0.273
       0.944	  0.367
       0.948	  0.138
       0.952	  0.050
       0.956	 -0.080
       0.960	 -0.135
       0.964	 -0.080
       0.968	  0.013
       0.972	 -0.037
       0.976	 -0.072
       0.980	 -0.022
       0.984	  0.037
       0.988	  0.020
       0.992	 -0.025
       0.996	  0.000
       1.000	  0.030
       1.004	  0.030
       1.008	  0.003
       1.012	  0.003
       1.016	  0.025
       1.020	  0.037
       1.024	  0.022
       1.028	  0.020
       1.032	  0.037
       1.036	  0.035
       1.040	  0.005
       1.044	 -0.025
       1.048	  0.000
       1.052	  0.022
       1.056	  0.025
       1.060	  0.030
       1.064	  0.030
       1.068	  0.037
       1.072	  0.035
       1.076	  0.037
       1.080	  0.040
       1.084	  0.050
       1.088	  0.062
       1.092	  0.048
       1.096	  0.045
       1.100	  0.043
       1.104	  0.043
       1.108	  0.052
       1.112	  0.065
       1.116	  0.052
       1.120	  0.030
       1.124	  0.022
       1.128	  0.013
       1.132	  0.025
       1.136	  0.065
       1.140	  0.075
       1.144	  0.075
       1.148	  0.062
       1.152	  0.040
       1.156	  0.000
       1.160	 -0.037
       1.164	 -0.050
       1.168	 -0.045
       1.172	 -0.025
       1.176	  0.058
       1.180	  0.180
       1.184	  0.350
       1.188	  0.502
       1.192	  0.630
       1.196	  0.723
       1.200	  0.767
       1.204	  0.807
       1.208	  0.930
       1.212	  1.170
       1.216	  1.442
       1.220	  1.745
       1.224	  1.952
       1.228	  2.038
       1.232	  1.873
       1.236	  1.435
       1.240	  0.920
       1.244	  0.490
       1.248	  0.175
       1.252	  0.007
       1.256	 -0.072
       1.260	 -0.138
       1.264	 -0.188
       1.268	 -0.203
       1.272	 -0.225
       1.276	 -0.265
       1.280	 -0.305
       1.284	 -0.307
       1.288	 -0.285
       1.292	 -0.275
       1.296	 -0.273
       1.300	 -0.265
       1.304	 -0.242
       1.308	 -0.203
       1.312	 -0.205
       1.316	 -0.228
       1.320	 -0.207
       1.324	 -0.193
       1.328	 -0.200
       1.332	 -0.188
       1.336	 -0.170
       1.340	 -0.152
       1.344	 -0.147
       1.348	 -0.142
       1.352	 -0.150
       1.356	 -0.140
       1.360	 -0.130
       1.364	 -0.138
       1.368	 -0.150
       1.372	 -0.152
       1.376	 -0.152
       1.380	 -0.158
       1.384	 -0.160
       1.388	 -0.172
       1.392	 -0.175
       1.396	 -0.185
       1.400	 -0.203
       1.404	 -0.203
       1.408	 -0.215
       1.412	 -0.217
       1.416	 -0.215
       1.420	 -0.217
       1.424	 -0.228
       1.428	 -0.225
       1.432	 -0.223
       1.436	 -0.223
       1.440	 -0.233
       1.444	 -0.237
       1.448	 -0.240
       1.452	 -0.240
       1.456	 -0.228
       1.460	 -0.217
       1.464	 -0.223
       1.468	 -0.220
       1.472	 -0.207
       1.476	 -0.215
       1.480	 -0.207
       1.484	 -0.195
       1.488	 -0.193
       1.492	 -0.188
       1.496	 -0.180
       1.500	 -0.175
       1.504	 -0.160
       1.508	 -0.150
       1.512	 -0.142
       1.516	 -0.142
       1.520	 -0.135
       1.524	 -0.125
       1.528	 -0.113
       1.532	 -0.110
       1.536	 -0.110
       1.540	 -0.110
       1.544	 -0.102
       1.548	 -0.095
       1.552	 -0.092
       1.556	 -0.092
       1.560	 -0.087
       1.564	 -0.085
       1.568	 -0.080
       1.572	 -0.083
       1.576	 -0.072
       1.580	 -0.070
       1.584	 -0.065
       1.588	 -0.065
       1.592	 -0.058
       1.596	 -0.050
       1.600	 -0.045
       1.604	 -0.040
       1.608	 -0.035
       1.612	 -0.028
       1.616	 -0.025
       1.620	 -0.018
       1.624	  0.260
       1.628	  0.360
       1.632	  0.130
       1.636	  0.040
       1.640	 -0.080
       1.644	 -0.128
       1.648	 -0.052
       1.652	  0.028
       1.656	 -0.025
       1.660	 -0.072
       1.664	 -0.040
       1.668	  0.028
       1.672	  0.015
       1.676	 -0.030
       1.680	 -0.020
       1.684	  0.035
       1.688	  0.028
       1.692	  0.005
       1.696	  0.007
       1.700	  0.035
       1.704	  0.043
       1.708	  0.030
       1.712	  0.025
       1.716	  0.043
       1.720	  0.058
       1.724	  0.045
       1.728	  0.043
       1.732	  0.052
       1.736	  0.062
       1.740	  0.058
       1.744	  0.050
       1.748	  0.052
       1.752	  0.060
       1.756	  0.052
       1.760	  0.058
       1.764	  0.062
       1.768	  0.068
       1.772	  0.068
       1.776	  0.075
       1.780	  0.080
       1.784	  0.087
       1.788	  0.085
       1.792	  0.083
       1.796	  0.085
       1.800	  0.085
       1.804	  0.087
       1.808	  0.087
       1.812	  0.090
       1.816	  0.087
       1.820	  0.092
       1.824	  0.095
       1.828	  0.102
       1.832	  0.102
       1.836	  0.105
       1.840	  0.105
       1.844	  0.107
       1.848	  0.107
       1.852	  0.115
       1.856	  0.115
       1.860	  0.115
       1.864	  0.115
       1.868	  0.120
       1.872	  0.115
       1.876	  0.115
       1.880	  0.115
       1.884	  0.117
       1.888	  0.115
       1.892	  0.120
       1.896	  0.117
       1.900	  0.117
       1.904	  0.120
       1.908	  0.125
       1.912	  0.125
       1.916	  0.125
       1.920	  0.128
       1.924	  0.128
       1.928	  0.133
       1.932	  0.133
       1.936	  0.135
       1.940	  0.135
       1.944	  0.135
       1.948	  0.135
       1.952	  0.138
       1.956	  0.135
       1.960	  0.138
       1.964	  0.140
       1.968	  0.142
       1.972	  0.140
       1.976	  0.147
       1.980	  0.150
       1.984	  0.160
       1.988	  0.163
       1.992	  0.170
       1.996	  0.172
       2.000	  0.170
       2.004	  0.165
       2.008	  0.163
       2.012	  0.165
       2.016	  0.163
       2.020	  0.160
       2.024	  0.155
       2.028	  0.155
       2.032	  0.155
       2.036	  0.158
       2.040	  0.163
       2.044	  0.160
       2.048	  0.158
       2.052	  0.163
       2.056	  0.163
       2.060	  0.165
       2.064	  0.163
       2.068	  0.165
       2.072	  0.163
       2.076	  0.170
       2.080	  0.170
       2.084	  0.170
       2.088	  0.163
       2.092	  0.163
       2.096	  0.163
       2.100	  0.158
       2.104	  0.155
       2.108	  0.152
       2.112	  0.155
       2.116	  0.155
       2.120	  0.160
       2.124	  0.160
       2.128	  0.163
       2.132	  0.158
       2.136	  0.155
       2.140	  0.147
       2.144	  0.135
       2.148	  0.105
       2.152	  0.080
       2.156	  0.080
       2.160	  0.107
       2.164	  0.160
       2.168	  0.265
       2.172	  0.405
       2.176	  0.547
       2.180	  0.655
       2.184	  0.740
       2.188	  0.810
       2.192	  0.895
       2.196	  1.042
       2.200	  1.290
       2.204	  1.567
       2.208	  1.850
       2.212	  2.067
       2.216	  2.178
       2.220	  2.065
       2.224	  1.640
       2.228	  1.123
       2.232	  0.670
       2.236	  0.330
       2.240	  0.130
       2.244	  0.043
       2.248	 -0.037
       2.252	 -0.090
       2.256	 -0.128
       2.260	 -0.160
       2.264	 -0.207
       2.268	 -0.250
       2.272	 -0.260
       2.276	 -0.225
       2.280	 -0.207
       2.284	 -0.225
       2.288	 -0.237
       2.292	 -0.220
       2.296	 -0.200
       2.300	 -0.203
       2.304	 -0.205
       2.308	  0.107
       2.312	  0.245
       2.316	 -0.025
       2.320	 -0.130
       2.324	 -0.237
       2.328	 -0.282
       2.332	 -0.198
       2.336	 -0.115
       2.340	 -0.152
       2.344	 -0.200
       2.348	 -0.163
       2.352	 -0.107
       2.356	 -0.128
       2.360	 -0.165
       2.364	 -0.158
       2.368	 -0.125
       2.372	 -0.135
       2.376	 -0.170
       2.380	 -0.175
       2.384	 -0.158
       2.388	 -0.163
       2.392	 -0.185
       2.396	 -0.198
       2.400	 -0.185
       2.404	 -0.182
       2.408	 -0.198
       2.412	 -0.205
       2.416	 -0.200
       2.420	 -0.193
       2.424	 -0.200
       2.428	 -0.203
       2.432	 -0.200
       2.436	 -0.193
       2.440	 -0.193
       2.444	 -0.193
       2.448	 -0.193
       2.452	 -0.180
       2.456	 -0.182
       2.460	 -0.180
       2.464	 -0.177
       2.468	 -0.170
       2.472	 -0.165
       2.476	 -0.158
       2.480	 -0.152
       2.484	 -0.147
       2.488	 -0.140
       2.492	 -0.135
       2.496	 -0.133
       2.500	 -0.128
       2.504	 -0.117
       2.508	 -0.117
       2.512	 -0.113
       2.516	 -0.105
       2.520	 -0.095
       2.524	 -0.095
       2.528	 -0.090
       2.532	 -0.090
       2.536	 -0.085
       2.540	 -0.085
       2.544	 -0.080
       2.548	 -0.075
       2.552	 -0.072
       2.556	 -0.080
       2.560	 -0.072
       2.564	 -0.070
       2.568	 -0.065
       2.572	 -0.065
       2.576	 -0.062
       2.580	 -0.060
       2.584	 -0.060
       2.588	 -0.058
       2.592	 -0.050
       2.596	 -0.050
       2.600	 -0.050
       2.604	 -0.048
       2.608	 -0.045
       2.612	 -0.045
       2.616	 -0.048
       2.620	 -0.045
       2.624	 -0.045
       2.628	 -0.045
       2.632	 -0.050
       2.636	 -0.052
       2.640	 -0.058
       2.644	 -0.048
       2.648	 -0.045
       2.652	 -0.043
       2.656	 -0.043
       2.660	 -0.043
       2.664	 -0.043
       2.668	 -0.037
       2.672	 -0.035
       2.676	 -0.030
       2.680	 -0.030
       2.684	 -0.025
       2.688	 -0.028
       2.692	 -0.028
       2.696	 -0.035
       2.700	 -0.035
       2.704	 -0.028
       2.708	 -0.022
       2.712	 -0.022
       2.716	 -0.022
       2.720	 -0.018
       2.724	 -0.018
       2.728	 -0.015
       2.732	  0.000
       2.736	  0.000
       2.740	 -0.020
       2.744	 -0.018
       2.748	  0.000
       2.752	  0.007
       2.756	  0.000
       2.760	  0.000
       2.764	  0.003
       2.768	  0.005
       2.772	  0.007
       2.776	  0.013
       2.780	  0.007
       2.784	  0.003
       2.788	  0.005
       2.792	  0.015
       2.796	  0.018
       2.800	  0.020
       2.804	  0.013
       2.808	  0.007
       2.812	  0.007
       2.816	  0.013
       2.820	  0.018
       2.824	  0.018
       2.828	  0.018
       2.832	  0.013
       2.836	  0.020
       2.840	  0.020
       2.844	  0.022
       2.848	  0.022
       2.852	  0.020
       2.856	  0.015
       2.860	  0.015
       2.864	  0.007
       2.868	 -0.018
       2.872	 -0.022
       2.876	  0.007
       2.880	  0.018
       2.884	  0.025
       2.888	  0.020
       2.892	  0.020
       2.896	  0.015
       2.900	  0.007
       2.904	  0.007
       2.908	  0.000
       2.912	 -0.028
       2.916	 -0.050
       2.920	 -0.083
       2.924	 -0.102
       2.928	 -0.087
       2.932	 -0.048
       2.936	  0.052
       2.940	  0.193
       2.944	  0.345
       2.948	  0.470
       2.952	  0.583
       2.956	  0.677
       2.960	  0.765
       2.964	  0.850
       2.968	  1.032
       2.972	  1.290
       2.976	  1.570
       2.980	  1.805
       2.984	  1.948
       2.988	  1.948
       2.992	  1.907
       2.996	  1.558
       3.000	  0.868
       3.004	  0.380
       3.008	  0.003
       3.012	 -0.193
       3.016	 -0.180
       3.020	 -0.170
       3.024	 -0.247
       3.028	 -0.320
       3.032	 -0.318
       3.036	 -0.295
       3.040	 -0.335
       3.044	 -0.352
       3.048	 -0.310
       3.052	 -0.263
       3.056	 -0.275
       3.060	 -0.297
       3.064	 -0.282
       3.068	 -0.250
       3.072	 -0.260
       3.076	 -0.268
       3.080	 -0.260
       3.084	 -0.228
       3.088	 -0.210
       3.092	 -0.205
       3.096	 -0.193
       3.100	 -0.185
       3.104	 -0.177
       3.108	 -0.172
       3.112	 -0.163
       3.116	 -0.152
       3.120	 -0.133
       3.124	 -0.133
       3.128	 -0.140
       3.132	 -0.150
       3.136	 -0.150
       3.140	 -0.163
       3.144	 -0.165
       3.148	 -0.175
       3.152	 -0.193
       3.156	 -0.217
       3.160	 -0.223
       3.164	 -0.228
       3.168	 -0.228
       3.172	 -0.242
       3.176	 -0.245
       3.180	 -0.245
       3.184	 -0.242
       3.188	 -0.253
       3.192	 -0.253
       3.196	 -0.263
       3.200	 -0.253
       3.204	 -0.242
       3.208	 -0.245
       3.212	 -0.255
       3.216	 -0.263
       3.220	 -0.260
       3.224	 -0.255
       3.228	 -0.247
       3.232	 -0.242
       3.236	 -0.237
       3.240	 -0.245
       3.244	 -0.253
       3.248	 -0.260
       3.252	 -0.247
       3.256	 -0.233
       3.260	 -0.217
       3.264	 -0.215
       3.268	 -0.215
       3.272	 -0.207
       3.276	 -0.203
       3.280	 -0.193
       3.284	 -0.188
       3.288	 -0.193
       3.292	 -0.195
       3.296	 -0.180
       3.300	 -0.180
       3.304	 -0.165
       3.308	 -0.163
       3.312	 -0.175
       3.316	 -0.177
       3.320	 -0.172
       3.324	 -0.172
       3.328	 -0.163
       3.332	 -0.160
       3.336	 -0.152
       3.340	 -0.152
       3.344	 -0.150
       3.348	 -0.138
       3.352	 -0.135
       3.356	 -0.138
       3.360	 -0.120
       3.364	 -0.117
       3.368	 -0.113
       3.372	 -0.105
       3.376	 -0.098
       3.380	 -0.102
       3.384	 -0.095
       3.388	 -0.098
       3.392	 -0.090
       3.396	 -0.092
       3.400	 -0.095
       3.404	 -0.090
       3.408	 -0.080
       3.412	 -0.072
       3.416	 -0.080
       3.420	 -0.087
       3.424	 -0.090
       3.428	 -0.085
       3.432	 -0.080
       3.436	 -0.062
       3.440	 -0.065
       3.444	 -0.058
       3.448	 -0.058
       3.452	 -0.062
       3.456	 -0.068
       3.460	 -0.065
       3.464	 -0.058
       3.468	 -0.048
       3.472	 -0.048
       3.476	 -0.050
       3.480	 -0.062
       3.484	 -0.070
       3.488	 -0.062
       3.492	 -0.052
       3.496	 -0.043
       3.500	 -0.028
       3.504	 -0.022
       3.508	 -0.025
       3.512	 -0.028
       3.516	 -0.028
       3.520	 -0.018
       3.524	  0.000
       3.528	  0.003
       3.532	  0.003
       3.536	  0.000
       3.540	 -0.018
       3.544	  0.005
       3.548	  0.007
       3.552	 -0.022
       3.556	 -0.025
       3.560	 -0.028
       3.564	 -0.030
       3.568	 -0.022
       3.572	  0.000
       3.576	  0.005
       3.580	  0.013
       3.584	  0.005
       3.588	  0.000
       3.592	  0.007
       3.596	  0.020
       3.600	  0.025
       3.604	  0.018
       3.608	  0.000
       3.612	 -0.018
       3.616	  0.015
       3.620	  0.022
       3.624	  0.028
       3.628	  0.040
       3.632	  0.040
       3.636	  0.037
       3.640	  0.043
       3.644	  0.028
       3.648	  0.025
       3.652	  0.030
       3.656	  0.015
       3.660	  0.028
       3.664	  0.035
       3.668	  0.037
       3.672	  0.037
       3.676	  0.265
       3.680	  0.405
       3.684	  0.175
       3.688	  0.068
       3.692	 -0.043
       3.696	 -0.107
       3.700	 -0.037
       3.704	  0.065
       3.708	  0.035
       3.712	 -0.035
       3.716	  0.003
       3.720	  0.062
       3.724	  0.050
       3.728	  0.013
       3.732	  0.015
       3.736	  0.045
       3.740	  0.030
       3.744	  0.018
       3.748	  0.018
       3.752	  0.045
       3.756	  0.060
       3.760	  0.058
       3.764	  0.050
       3.768	  0.068
       3.772	  0.072
       3.776	  0.072
       3.780	  0.060
       3.784	  0.068
       3.788	  0.085
       3.792	  0.092
       3.796	  0.095
       3.800	  0.105
       3.804	  0.113
       3.808	  0.113
       3.812	  0.110
       3.816	  0.113
       3.820	  0.125
       3.824	  0.125
       3.828	  0.120
       3.832	  0.120
       3.836	  0.120
       3.840	  0.115
       3.844	  0.117
       3.848	  0.115
       3.852	  0.115
       3.856	  0.113
       3.860	  0.113
       3.864	  0.113
       3.868	  0.117
       3.872	  0.120
       3.876	  0.125
       3.880	  0.125
       3.884	  0.125
       3.888	  0.125
       3.892	  0.125
       3.896	  0.120
       3.900	  0.117
       3.904	  0.120
       3.908	  0.115
       3.912	  0.117
       3.916	  0.105
       3.920	  0.072
       3.924	  0.037
       3.928	  0.020
       3.932	  0.030
       3.936	  0.068
       3.940	  0.138
       3.944	  0.242
       3.948	  0.357
       3.952	  0.472
       3.956	  0.583
       3.960	  0.728
       3.964	  0.958
       3.968	  1.265
       3.972	  1.597
       3.976	  1.948
       3.980	  2.225
       3.984	  2.430
       3.988	  2.420
       3.992	  2.212
       3.996	  1.780
       4.000	  1.210
       4.004	  0.728
       4.008	  0.403
       4.012	  0.200
       4.016	  0.075
       4.020	 -0.020
       4.024	 -0.110
       4.028	 -0.198
       4.032	 -0.270
       4.036	 -0.310
       4.040	 -0.338
       4.044	 -0.340
       4.048	 -0.328
       4.052	 -0.315
       4.056	 -0.312
       4.060	 -0.310
       4.064	 -0.297
       4.068	 -0.287
       4.072	 -0.278
       4.076	 -0.270
       4.080	 -0.253
       4.084	 -0.245
       4.088	 -0.233
       4.092	 -0.220
       4.096	 -0.205
       4.100	 -0.195
       4.104	 -0.180
       4.108	 -0.175
       4.112	 -0.163
       4.116	 -0.152
       4.120	 -0.147
       4.124	 -0.147
       4.128	 -0.140
       4.132	 -0.140
       4.136	 -0.140
       4.140	 -0.147
       4.144	 -0.150
       4.148	 -0.155
       4.152	 -0.152
       4.156	 -0.155
       4.160	 -0.160
       4.164	 -0.165
       4.168	 -0.165
       4.172	 -0.172
       4.176	 -0.170
       4.180	 -0.170
       4.184	 -0.172
       4.188	 -0.177
       4.192	 -0.172
       4.196	 -0.160
       4.200	 -0.158
       4.204	 -0.152
       4.208	 -0.147
       4.212	 -0.140
       4.216	 -0.140
       4.220	 -0.130
       4.224	 -0.125
       4.228	 -0.120
       4.232	 -0.117
       4.236	 -0.107
       4.240	 -0.107
       4.244	 -0.098
       4.248	 -0.090
       4.252	 -0.085
       4.256	 -0.083
       4.260	 -0.070
       4.264	 -0.062
       4.268	 -0.058
       4.272	 -0.048
       4.276	 -0.043
       4.280	 -0.040
       4.284	 -0.037
       4.288	 -0.035
       4.292	 -0.022
       4.296	 -0.018
       4.300	  0.003
       4.304	  0.013
       4.308	  0.013
       4.312	  0.013
       4.316	  0.007
       4.320	  0.015
       4.324	  0.015
       4.328	  0.020
       4.332	  0.025
       4.336	  0.025
       4.340	  0.020
       4.344	  0.018
       4.348	  0.020
       4.352	  0.028
       4.356	  0.037
       4.360	  0.268
       4.364	  0.430
       4.368	  0.188
       4.372	  0.075
       4.376	 -0.035
       4.380	 -0.095
       4.384	 -0.025
       4.388	  0.072
       4.392	  0.043
       4.396	 -0.025
       4.400	  0.018
       4.404	  0.080
       4.408	  0.068
       4.412	  0.020
       4.416	  0.025
       4.420	  0.062
       4.424	  0.068
       4.428	  0.048
       4.432	  0.045
       4.436	  0.072
       4.440	  0.083
       4.444	  0.072
       4.448	  0.068
       4.452	  0.085
       4.456	  0.090
       4.460	  0.080
       4.464	  0.072
       4.468	  0.083
       4.472	  0.087
       4.476	  0.085
       4.480	  0.075
       4.484	  0.075
       4.488	  0.083
       4.492	  0.085
       4.496	  0.085
       4.500	  0.087
       4.504	  0.092
       4.508	  0.090
       4.512	  0.087
       4.516	  0.087
       4.520	  0.095
       4.524	  0.092
       4.528	  0.092
       4.532	  0.087
       4.536	  0.092
       4.540	  0.090
       4.544	  0.092
       4.548	  0.092
       4.552	  0.092
       4.556	  0.092
       4.560	  0.095
       4.564	  0.095
       4.568	  0.092
       4.572	  0.090
       4.576	  0.095
       4.580	  0.098
       4.584	  0.098
       4.588	  0.098
       4.592	  0.102
       4.596	  0.102
       4.600	  0.105
       4.604	  0.107
       4.608	  0.107
       4.612	  0.107
       4.616	  0.105
       4.620	  0.102
       4.624	  0.095
       4.628	  0.095
       4.632	  0.092
       4.636	  0.092
       4.640	  0.090
       4.644	  0.090
       4.648	  0.087
       4.652	  0.087
       4.656	  0.085
       4.660	  0.087
       4.664	  0.085
       4.668	  0.085
       4.672	  0.085
       4.676	  0.087
       4.680	  0.087
       4.684	  0.087
       4.688	  0.087
       4.692	  0.087
       4.696	  0.087
       4.700	  0.085
       4.704	  0.087
       4.708	  0.085
       4.712	  0.083
       4.716	  0.083
       4.720	  0.080
       4.724	  0.072
       4.728	  0.072
       4.732	  0.075
       4.736	  0.075
       4.740	  0.080
       4.744	  0.085
       4.748	  0.085
       4.752	  0.087
       4.756	  0.085
       4.760	  0.087
       4.764	  0.087
       4.768	  0.092
       4.772	  0.090
       4.776	  0.092
       4.780	  0.090
       4.784	  0.090
       4.788	  0.087
       4.792	  0.087
       4.796	  0.087
       4.800	  0.087
       4.804	  0.092
       4.808	  0.090
       4.812	  0.090
       4.816	  0.085
       4.820	  0.087
       4.824	  0.087
       4.828	  0.087
       4.832	  0.087
       4.836	  0.087
       4.840	  0.083
       4.844	  0.085
       4.848	  0.083
       4.852	  0.080
       4.856	  0.075
       4.860	  0.075
       4.864	  0.075
       4.868	  0.072
       4.872	  0.072
       4.876	  0.080
       4.880	  0.083
       4.884	  0.080
       4.888	  0.080
       4.892	  0.080
       4.896	  0.083
       4.900	  0.080
       4.904	  0.083
       4.908	  0.080
       4.912	  0.075
       4.916	  0.060
       4.920	  0.030
       4.924	 -0.020
       4.928	 -0.030
       4.932	 -0.022
       4.936	  0.028
       4.940	  0.098
       4.944	  0.205
       4.948	  0.318
       4.952	  0.430
       4.956	  0.555
       4.960	  0.718
       4.964	  0.968
       4.968	  1.288
       4.972	  1.627
       4.976	  1.970
       4.980	  2.243
       4.984	  2.425
       4.988	  2.385
       4.992	  2.152
       4.996	  1.665
       5.000	  1.087
       5.004	  0.642
       5.008	  0.343
       5.012	  0.170
       5.016	  0.062
       5.020	 -0.030
       5.024	 -0.138
       5.028	 -0.228
       5.032	 -0.290
       5.036	 -0.323
       5.040	 -0.343
       5.044	 -0.117
       5.048	  0.085
       5.052	 -0.172
       5.056	 -0.282
       5.060	 -0.383
       5.064	 -0.440
       5.068	 -0.360
       5.072	 -0.275
       5.076	 -0.297
       5.080	 -0.352
       5.084	 -0.318
       5.088	 -0.250
       5.092	 -0.255
       5.096	 -0.287
       5.100	 -0.268
       5.104	 -0.215
       5.108	 -0.203
       5.112	 -0.220
       5.116	 -0.220
       5.120	 -0.195
       5.124	 -0.188
       5.128	 -0.200
       5.132	 -0.205
       5.136	 -0.195
       5.140	 -0.195
       5.144	 -0.205
       5.148	 -0.217
       5.152	 -0.217
       5.156	 -0.215
       5.160	 -0.223
       5.164	 -0.237
       5.168	 -0.237
       5.172	 -0.240
       5.176	 -0.250
       5.180	 -0.255
       5.184	 -0.253
       5.188	 -0.253
       5.192	 -0.260
       5.196	 -0.263
       5.200	 -0.253
       5.204	 -0.240
       5.208	 -0.233
       5.212	 -0.228
       5.216	 -0.228
       5.220	 -0.220
       5.224	 -0.215
       5.228	 -0.210
       5.232	 -0.215
       5.236	 -0.215
       5.240	 -0.207
       5.244	 -0.205
       5.248	 -0.200
       5.252	 -0.188
       5.256	 -0.182
       5.260	 -0.165
       5.264	 -0.160
       5.268	 -0.170
       5.272	 -0.180
       5.276	 -0.175
       5.280	 -0.175
       5.284	 -0.163
       5.288	 -0.147
       5.292	 -0.142
       5.296	 -0.155
       5.300	 -0.180
       5.304	 -0.215
       5.308	 -0.253
       5.312	 -0.268
       5.316	 -0.230
       5.320	 -0.138
       5.324	  0.007
       5.328	  0.195
       5.332	  0.380
       5.336	  0.540
       5.340	  0.693
       5.344	  0.860
       5.348	  0.988
       5.352	  1.100
       5.356	  1.220
       5.360	  1.353
       5.364	  1.413
       5.368	  1.340
       5.372	  1.028
       5.376	  0.608
       5.380	  0.265
       5.384	  0.020
       5.388	 -0.198
       5.392	 -0.372
       5.396	 -0.552
       5.400	 -0.700
       5.404	 -0.795
       5.408	 -0.892
       5.412	 -0.970
       5.416	 -0.995
       5.420	 -0.917
       5.424	 -0.743
       5.428	 -0.580
       5.432	 -0.455
       5.436	 -0.352
       5.440	 -0.273
       5.444	 -0.205
       5.448	 -0.175
       5.452	 -0.147
       5.456	 -0.130
       5.460	 -0.105
       5.464	 -0.080
       5.468	 -0.058
       5.472	 -0.035
       5.476	 -0.025
       5.480	 -0.022
       5.484	 -0.028
       5.488	 -0.022
       5.492	 -0.018
       5.496	  0.000
       5.500	 -0.022
       5.504	 -0.022
       5.508	 -0.020
       5.512	 -0.020
       5.516	 -0.022
       5.520	 -0.025
       5.524	 -0.030
       5.528	 -0.037
       5.532	 -0.043
       5.536	 -0.048
       5.540	 -0.050
       5.544	 -0.050
       5.548	 -0.045
       5.552	 -0.035
       5.556	 -0.025
       5.560	 -0.025
       5.564	 -0.035
       5.568	 -0.045
       5.572	 -0.058
       5.576	 -0.058
       5.580	 -0.048
       5.584	 -0.037
       5.588	 -0.028
       5.592	 -0.043
       5.596	 -0.040
       5.600	 -0.040
       5.604	 -0.028
       5.608	 -0.025
       5.612	 -0.018
       5.616	 -0.025
       5.620	 -0.030
       5.624	 -0.035
       5.628	 -0.020
       5.632	  0.003
       5.636	  0.003
       5.640	  0.005
       5.644	  0.005
       5.648	 -0.020
       5.652	 -0.028
       5.656	 -0.028
       5.660	 -0.022
       5.664	  0.005
       5.668	  0.007
       5.672	  0.000
       5.676	 -0.015
       5.680	 -0.022
       5.684	 -0.030
       5.688	 -0.022
       5.692	 -0.018
       5.696	  0.000
       5.700	 -0.015
       5.704	  0.000
       5.708	 -0.020
       5.712	 -0.022
       5.716	 -0.028
       5.720	 -0.028
       5.724	 -0.035
       5.728	  0.155
       5.732	  0.320
       5.736	  0.110
       5.740	  0.005
       5.744	 -0.113
       5.748	 -0.175
       5.752	 -0.140
       5.756	 -0.083
       5.760	 -0.090
       5.764	 -0.130
       5.768	 -0.110
       5.772	 -0.060
       5.776	 -0.060
       5.780	 -0.110
       5.784	 -0.102
       5.788	 -0.058
       5.792	 -0.052
       5.796	 -0.072
       5.800	 -0.072
       5.804	 -0.050
       5.808	 -0.052
       5.812	 -0.065
       5.816	 -0.070
       5.820	 -0.060
       5.824	 -0.052
       5.828	 -0.048
       5.832	 -0.052
       5.836	 -0.062
       5.840	 -0.075
       5.844	 -0.075
       5.848	 -0.070
       5.852	 -0.058
       5.856	 -0.043
       5.860	 -0.037
       5.864	 -0.048
       5.868	 -0.048
       5.872	 -0.045
       5.876	 -0.045
       5.880	 -0.060
       5.884	 -0.050
       5.888	 -0.035
       5.892	 -0.025
       5.896	 -0.020
       5.900	 -0.028
       5.904	 -0.040
       5.908	 -0.048
       5.912	 -0.030
       5.916	 -0.025
       5.920	 -0.022
       5.924	 -0.025
       5.928	 -0.022
       5.932	 -0.028
       5.936	 -0.035
       5.940	 -0.037
       5.944	 -0.037
       5.948	 -0.040
       5.952	 -0.040
       5.956	 -0.028
       5.960	  0.000
       5.964	  0.003
       5.968	  0.005
       5.972	 -0.020
       5.976	 -0.030
       5.980	 -0.037
       5.984	 -0.040
       5.988	 -0.035
       5.992	 -0.022
       5.996	  0.007
       6.000	  0.015
       6.004	  0.007
       6.008	  0.000
       6.012	  0.000
       6.016	  0.003
       6.020	  0.007
       6.024	  0.013
       6.028	  0.020
       6.032	  0.015
       6.036	  0.028
       6.040	  0.025
       6.044	  0.022
       6.048	  0.013
       6.052	  0.007
       6.056	  0.020
       6.060	  0.022
       6.064	  0.028
       6.068	  0.035
       6.072	  0.028
       6.076	  0.025
       6.080	  0.028
       6.084	  0.035
       6.088	  0.040
       6.092	  0.052
       6.096	  0.040
       6.100	  0.037
       6.104	  0.035
       6.108	  0.020
       6.112	  0.015
       6.116	  0.020
       6.120	  0.020
       6.124	  0.020
       6.128	  0.022
       6.132	  0.030
       6.136	  0.037
       6.140	  0.030
       6.144	  0.040
       6.148	  0.043
       6.152	  0.035
       6.156	  0.037
       6.160	  0.050
       6.164	  0.045
       6.168	  0.048
       6.172	  0.060
       6.176	  0.050
       6.180	  0.035
       6.184	  0.025
       6.188	  0.040
       6.192	  0.048
       6.196	  0.052
       6.200	  0.043
       6.204	  0.035
       6.208	  0.040
       6.212	  0.052
       6.216	  0.060
       6.220	  0.060
       6.224	  0.065
       6.228	  0.068
       6.232	  0.065
       6.236	  0.062
       6.240	  0.058
       6.244	  0.052
       6.248	  0.058
       6.252	  0.068
       6.256	  0.065
       6.260	  0.065
       6.264	  0.075
       6.268	  0.080
       6.272	  0.050
       6.276	  0.015
       6.280	 -0.028
       6.284	 -0.028
       6.288	  0.007
       6.292	  0.050
       6.296	  0.120
       6.300	  0.223
       6.304	  0.338
       6.308	  0.448
       6.312	  0.583
       6.316	  0.777
       6.320	  1.085
       6.324	  1.452
       6.328	  1.825
       6.332	  2.132
       6.336	  2.382
       6.340	  2.435
       6.344	  2.290
       6.348	  1.958
       6.352	  1.407
       6.356	  0.855
       6.360	  0.480
       6.364	  0.247
       6.368	  0.107
       6.372	  0.013
       6.376	 -0.090
       6.380	 -0.182
       6.384	 -0.260
       6.388	 -0.307
       6.392	 -0.335
       6.396	 -0.343
       6.400	 -0.340
       6.404	 -0.323
       6.408	 -0.318
       6.412	 -0.095
       6.416	  0.142
       6.420	 -0.128
       6.424	 -0.245
       6.428	 -0.350
       6.432	 -0.425
       6.436	 -0.345
       6.440	 -0.245
       6.444	 -0.255
       6.448	 -0.310
       6.452	 -0.270
       6.456	 -0.198
       6.460	 -0.188
       6.464	 -0.225
       6.468	 -0.217
       6.472	 -0.172
       6.476	 -0.160
       6.480	 -0.188
       6.484	 -0.193
       6.488	 -0.160
       6.492	 -0.152
       6.496	 -0.172
       6.500	 -0.180
       6.504	 -0.163
       6.508	 -0.160
       6.512	 -0.172
       6.516	 -0.180
       6.520	 -0.177
       6.524	 -0.172
       6.528	 -0.172
       6.532	 -0.180
       6.536	 -0.172
       6.540	 -0.163
       6.544	 -0.160
       6.548	 -0.160
       6.552	 -0.155
       6.556	 -0.152
       6.560	 -0.142
       6.564	 -0.142
       6.568	 -0.138
       6.572	 -0.133
       6.576	 -0.128
       6.580	 -0.120
       6.584	 -0.113
       6.588	 -0.102
       6.592	 -0.095
       6.596	 -0.090
       6.600	 -0.087
       6.604	 -0.083
       6.608	 -0.080
       6.612	 -0.070
       6.616	 -0.070
       6.620	 -0.062
       6.624	 -0.050
       6.628	 -0.040
       6.632	 -0.030
       6.636	 -0.025
       6.640	 -0.020
       6.644	  0.000
       6.648	  0.000
       6.652	  0.003
       6.656	  0.013
       6.660	  0.020
       6.664	  0.030
       6.668	  0.037
       6.672	  0.037
       6.676	  0.043
       6.680	  0.043
       6.684	  0.045
       6.688	  0.052
       6.692	  0.052
       6.696	  0.062
       6.700	  0.065
       6.704	  0.072
       6.708	  0.072
       6.712	  0.083
       6.716	  0.080
       6.720	  0.085
       6.724	  0.085
       6.728	  0.087
       6.732	  0.090
       6.736	  0.098
       6.740	  0.102
       6.744	  0.105
       6.748	  0.098
       6.752	  0.095
       6.756	  0.090
       6.760	  0.095
       6.764	  0.092
       6.768	  0.090
       6.772	  0.087
       6.776	  0.085
       6.780	  0.087
       6.784	  0.085
       6.788	  0.092
       6.792	  0.090
       6.796	  0.092
       6.800	  0.098
       6.804	  0.107
       6.808	  0.110
       6.812	  0.115
       6.816	  0.110
       6.820	  0.110
       6.824	  0.105
       6.828	  0.105
       6.832	  0.105
       6.836	  0.098
       6.840	  0.095
       6.844	  0.098
       6.848	  0.095
       6.852	  0.098
       6.856	  0.098
       6.860	  0.105
       6.864	  0.107
       6.868	  0.107
       6.872	  0.110
       6.876	  0.110
       6.880	  0.110
       6.884	  0.107
       6.888	  0.113
       6.892	  0.110
       6.896	  0.113
       6.900	  0.115
       6.904	  0.120
       6.908	  0.117
       6.912	  0.125
       6.916	  0.120
       6.920	  0.115
       6.924	  0.115
       6.928	  0.115
       6.932	  0.110
       6.936	  0.110
       6.940	  0.107
       6.944	  0.110
       6.948	  0.115
       6.952	  0.115
       6.956	  0.117
       6.960	  0.125
       6.964	  0.130
       6.968	  0.133
       6.972	  0.133
       6.976	  0.128
       6.980	  0.125
       6.984	  0.120
       6.988	  0.128
       6.992	  0.130
       6.996	  0.133
       7.000	  0.133
       7.004	  0.135
       7.008	  0.135
       7.012	  0.138
       7.016	  0.135
       7.020	  0.138
       7.024	  0.133
       7.028	  0.133
       7.032	  0.130
       7.036	  0.128
       7.040	  0.120
       7.044	  0.125
       7.048	  0.125
       7.052	  0.125
       7.056	  0.125
       7.060	  0.133
       7.064	  0.133
       7.068	  0.133
       7.072	  0.130
       7.076	  0.130
       7.080	  0.128
       7.084	  0.128
       7.088	  0.130
       7.092	  0.120
       7.096	  0.287
       7.100	  0.490
       7.104	  0.268
       7.108	  0.158
       7.112	  0.065
       7.116	  0.000
       7.120	  0.050
       7.124	  0.125
       7.128	  0.095
       7.132	  0.037
       7.136	  0.052
       7.140	  0.102
       7.144	  0.102
       7.148	  0.062
       7.152	  0.065
       7.156	  0.092
       7.160	  0.102
       7.164	  0.080
       7.168	  0.070
       7.172	  0.092
       7.176	  0.102
       7.180	  0.087
       7.184	  0.080
       7.188	  0.098
       7.192	  0.102
       7.196	  0.095
       7.200	  0.090
       7.204	  0.098
       7.208	  0.105
       7.212	  0.102
       7.216	  0.095
       7.220	  0.098
       7.224	  0.098
       7.228	  0.098
       7.232	  0.092
       7.236	  0.092
       7.240	  0.092
       7.244	  0.095
       7.248	  0.090
       7.252	  0.087
       7.256	  0.090
       7.260	  0.092
       7.264	  0.092
       7.268	  0.092
       7.272	  0.092
       7.276	  0.092
       7.280	  0.090
       7.284	  0.087
       7.288	  0.087
       7.292	  0.085
       7.296	  0.080
       7.300	  0.065
       7.304	  0.040
       7.308	 -0.018
       7.312	 -0.043
       7.316	 -0.040
       7.320	  0.003
       7.324	  0.060
       7.328	  0.152
       7.332	  0.255
       7.336	  0.375
       7.340	  0.495
       7.344	  0.657
       7.348	  0.902
       7.352	  1.228
       7.356	  1.567
       7.360	  1.907
       7.364	  2.197
       7.368	  2.402
       7.372	  2.385
       7.376	  2.180
       7.380	  1.752
       7.384	  1.170
       7.388	  0.690
       7.392	  0.365
       7.396	  0.160
       7.400	  0.028
       7.404	 -0.070
       7.408	 -0.170
       7.412	 -0.253
       7.416	 -0.318
       7.420	 -0.352
       7.424	 -0.372
       7.428	 -0.372
       7.432	 -0.360
       7.436	 -0.350
       7.440	 -0.345
       7.444	 -0.340
       7.448	 -0.335
       7.452	 -0.323
       7.456	 -0.318
       7.460	 -0.312
       7.464	 -0.305
       7.468	 -0.292
       7.472	 -0.273
       7.476	 -0.263
       7.480	 -0.253
       7.484	 -0.247
       7.488	 -0.237
       7.492	 -0.228
       7.496	 -0.217
       7.500	 -0.205
       7.504	 -0.203
       7.508	 -0.203
       7.512	 -0.203
       7.516	 -0.205
       7.520	 -0.203
       7.524	 -0.205
       7.528	 -0.205
       7.532	 -0.205
       7.536	 -0.215
       7.540	 -0.225
       7.544	 -0.228
       7.548	 -0.242
       7.552	 -0.247
       7.556	 -0.245
       7.560	 -0.247
       7.564	 -0.250
       7.568	 -0.255
       7.572	 -0.260
       7.576	 -0.260
       7.580	 -0.253
       7.584	 -0.245
       7.588	 -0.242
       7.592	 -0.247
       7.596	 -0.245
       7.600	 -0.245
       7.604	 -0.237
       7.608	 -0.228
       7.612	 -0.223
       7.616	 -0.220
       7.620	 -0.215
       7.624	 -0.215
       7.628	 -0.207
       7.632	 -0.200
       7.636	 -0.193
       7.640	 -0.185
       7.644	 -0.182
       7.648	 -0.180
       7.652	 -0.177
       7.656	 -0.185
       7.660	 -0.182
       7.664	 -0.177
       7.668	 -0.165
       7.672	 -0.160
       7.676	 -0.163
       7.680	 -0.163
       7.684	 -0.170
       7.688	 -0.152
       7.692	 -0.140
       7.696	 -0.135
       7.700	 -0.130
       7.704	 -0.133
       7.708	 -0.150
       7.712	 -0.158
       7.716	 -0.160
       7.720	 -0.160
       7.724	 -0.155
       7.728	 -0.140
       7.732	 -0.138
       7.736	 -0.138
       7.740	 -0.125
       7.744	 -0.107
       7.748	 -0.098
       7.752	 -0.102
       7.756	 -0.115
       7.760	 -0.125
       7.764	 -0.130
       7.768	 -0.125
       7.772	 -0.115
       7.776	 -0.102
       7.780	  0.087
       7.784	  0.307
       7.788	  0.075
       7.792	 -0.058
       7.796	 -0.147
       7.800	 -0.207
       7.804	 -0.150
       7.808	 -0.072
       7.812	 -0.095
       7.816	 -0.160
       7.820	 -0.147
       7.824	 -0.098
       7.828	 -0.092
       7.832	 -0.135
       7.836	 -0.120
       7.840	 -0.087
       7.844	 -0.083
       7.848	 -0.107
       7.852	 -0.102
       7.856	 -0.070
       7.860	 -0.058
       7.864	 -0.075
       7.868	 -0.102
       7.872	 -0.085
       7.876	 -0.062
       7.880	 -0.072
       7.884	 -0.068
       7.888	 -0.058
       7.892	 -0.050
       7.896	 -0.050
       7.900	 -0.058
       7.904	 -0.048
       7.908	 -0.060
       7.912	 -0.060
       7.916	 -0.062
       7.920	 -0.065
       7.924	 -0.058
       7.928	 -0.060
       7.932	 -0.068
       7.936	 -0.052
       7.940	 -0.037
       7.944	 -0.028
       7.948	 -0.030
       7.952	 -0.030
       7.956	 -0.045
       7.960	 -0.035
       7.964	 -0.028
       7.968	 -0.028
       7.972	 -0.020
       7.976	  0.007
       7.980	  0.007
       7.984	  0.003
       7.988	  0.005
       7.992	 -0.020
       7.996	 -0.018
       8.000	 -0.028
       8.004	 -0.030
       8.008	 -0.025
       8.012	 -0.018
       8.016	  0.003
       8.020	  0.005
       8.024	 -0.025
       8.028	  0.000
       8.032	  0.005
       8.036	  0.013
       8.040	  0.013
       8.044	  0.005
       8.048	  0.000
       8.052	 -0.018
       8.056	  0.005
       8.060	  0.003
       8.064	  0.007
       8.068	  0.015
       8.072	  0.020
       8.076	  0.022
       8.080	  0.030
       8.084	  0.022
       8.088	  0.007
       8.092	  0.003
       8.096	  0.007
       8.100	  0.007
       8.104	  0.015
       8.108	 -0.015
       8.112	  0.003
       8.116	  0.015
       8.120	  0.025
       8.124	  0.040
       8.128	  0.035
       8.132	  0.028
       8.136	  0.037
       8.140	  0.043
       8.144	  0.035
       8.148	  0.020
       8.152	  0.015
       8.156	  0.020
       8.160	  0.037
       8.164	  0.045
       8.168	  0.037
       8.172	  0.022
       8.176	  0.030
       8.180	  0.035
       8.184	  0.030
       8.188	  0.028
       8.192	  0.030
       8.196	  0.028
       8.200	  0.040
       8.204	  0.058
       8.208	  0.050
       8.212	  0.052
       8.216	  0.043
       8.220	  0.040
       8.224	  0.040
       8.228	  0.037
       8.232	  0.035
       8.236	  0.030
       8.240	  0.025
       8.244	  0.037
       8.248	  0.035
       8.252	  0.018
       8.256	  0.013
       8.260	  0.007
       8.264	  0.018
       8.268	  0.007
       8.272	  0.000
       8.276	 -0.018
       8.280	 -0.030
       8.284	 -0.060
       8.288	 -0.083
       8.292	 -0.095
       8.296	 -0.083
       8.300	  0.007
       8.304	  0.152
       8.308	  0.278
       8.312	  0.398
       8.316	  0.532
       8.320	  0.713
       8.324	  0.935
       8.328	  1.240
       8.332	  1.620
       8.336	  2.062
       8.340	  2.522
       8.344	  2.928
       8.348	  3.208
       8.352	  3.305
       8.356	  3.155
       8.360	  2.817
       8.364	  2.330
       8.368	  1.665
       8.372	  0.970
       8.376	  0.450
       8.380	  0.110
       8.384	 -0.140
       8.388	 -0.290
       8.392	 -0.422
       8.396	 -0.555
       8.400	 -0.652
       8.404	 -0.672
       8.408	 -0.688
       8.412	 -0.713
       8.416	 -0.723
       8.420	 -0.723
       8.424	 -0.748
       8.428	 -0.750
       8.432	 -0.738
       8.436	 -0.725
       8.440	 -0.718
       8.444	 -0.718
       8.448	 -0.735
       8.452	 -0.743
       8.456	 -0.740
       8.460	 -0.738
       8.464	 -0.565
       8.468	 -0.285
       8.472	 -0.532
       8.476	 -0.660
       8.480	 -0.765
       8.484	 -0.845
       8.488	 -0.767
       8.492	 -0.660
       8.496	 -0.670
       8.500	 -0.723
       8.504	 -0.680
       8.508	 -0.598
       8.512	 -0.565
       8.516	 -0.593
       8.520	 -0.588
       8.524	 -0.535
       8.528	 -0.512
       8.532	 -0.522
       8.536	 -0.530
       8.540	 -0.500
       8.544	 -0.468
       8.548	 -0.453
       8.552	 -0.445
       8.556	 -0.445
       8.560	 -0.430
       8.564	 -0.430
       8.568	 -0.417
       8.572	 -0.375
       8.576	 -0.333
       8.580	 -0.315
       8.584	 -0.315
       8.588	 -0.295
       8.592	 -0.290
       8.596	 -0.300
       8.600	 -0.318
       8.604	 -0.282
       8.608	 -0.253
       8.612	 -0.230
       8.616	 -0.225
       8.620	 -0.228
       8.624	 -0.230
       8.628	 -0.217
       8.632	 -0.198
       8.636	 -0.180
       8.640	 -0.198
       8.644	 -0.198
       8.648	 -0.193
       8.652	 -0.182
       8.656	 -0.160
       8.660	 -0.147
       8.664	 -0.138
       8.668	 -0.130
       8.672	 -0.125
       8.676	 -0.133
       8.680	 -0.135
       8.684	 -0.125
       8.688	 -0.105
       8.692	 -0.113
       8.696	 -0.117
       8.700	 -0.110
       8.704	 -0.095
       8.708	 -0.075
       8.712	 -0.052
       8.716	 -0.058
       8.720	 -0.072
       8.724	 -0.068
       8.728	 -0.045
       8.732	 -0.030
       8.736	 -0.022
       8.740	 -0.022
       8.744	  0.003
       8.748	  0.018
       8.752	  0.030
       8.756	  0.035
       8.760	  0.043
       8.764	  0.045
       8.768	  0.045
       8.772	  0.050
       8.776	  0.050
       8.780	  0.058
       8.784	  0.052
       8.788	  0.058
       8.792	  0.058
       8.796	  0.065
       8.800	  0.068
       8.804	  0.070
       8.808	  0.072
       8.812	  0.080
       8.816	  0.080
       8.820	  0.085
       8.824	  0.085
       8.828	  0.087
       8.832	  0.087
       8.836	  0.090
       8.840	  0.087
       8.844	  0.090
       8.848	  0.092
       8.852	  0.095
       8.856	  0.095
       8.860	  0.102
       8.864	  0.102
       8.868	  0.102
       8.872	  0.107
       8.876	  0.107
       8.880	  0.110
       8.884	  0.113
       8.888	  0.120
       8.892	  0.117
       8.896	  0.120
       8.900	  0.120
       8.904	  0.120
       8.908	  0.125
       8.912	  0.130
       8.916	  0.135
       8.920	  0.135
       8.924	  0.135
       8.928	  0.138
       8.932	  0.140
       8.936	  0.142
       8.940	  0.138
       8.944	  0.147
       8.948	  0.150
       8.952	  0.147
       8.956	  0.147
       8.960	  0.150
       8.964	  0.152
       8.968	  0.152
       8.972	  0.155
       8.976	  0.155
       8.980	  0.158
       8.984	  0.155
       8.988	  0.160
       8.992	  0.158
       8.996	  0.158
       9.000	  0.158
       9.004	  0.165
       9.008	  0.163
       9.012	  0.165
       9.016	  0.165
       9.020	  0.165
       9.024	  0.163
       9.028	  0.165
       9.032	  0.165
       9.036	  0.172
       9.040	  0.170
       9.044	  0.177
       9.048	  0.177
       9.052	  0.172
       9.056	  0.170
       9.060	  0.170
       9.064	  0.165
       9.068	  0.172
       9.072	  0.177
       9.076	  0.175
       9.080	  0.172
       9.084	  0.175
       9.088	  0.177
       9.092	  0.177
       9.096	  0.182
       9.100	  0.182
       9.104	  0.180
       9.108	  0.177
       9.112	  0.180
       9.116	  0.177
       9.120	  0.180
       9.124	  0.177
       9.128	  0.180
       9.132	  0.177
       9.136	  0.177
       9.140	  0.172
       9.144	  0.170
       9.148	  0.312
       9.152	  0.557
       9.156	  0.318
       9.160	  0.205
       9.164	  0.110
       9.168	  0.035
       9.172	  0.085
       9.176	  0.165
       9.180	  0.150
       9.184	  0.087
       9.188	  0.105
       9.192	  0.160
       9.196	  0.160
       9.200	  0.115
       9.204	  0.115
       9.208	  0.147
       9.212	  0.155
       9.216	  0.130
       9.220	  0.125
       9.224	  0.142
       9.228	  0.155
       9.232	  0.140
       9.236	  0.135
       9.240	  0.142
       9.244	  0.155
       9.248	  0.147
       9.252	  0.135
       9.256	  0.138
       9.260	  0.147
       9.264	  0.140
       9.268	  0.133
       9.272	  0.133
       9.276	  0.130
       9.280	  0.115
       9.284	  0.075
       9.288	  0.022
       9.292	 -0.022
       9.296	  0.000
       9.300	  0.025
       9.304	  0.050
       9.308	  0.092
       9.312	  0.177
       9.316	  0.292
       9.320	  0.458
       9.324	  0.682
       9.328	  0.998
       9.332	  1.330
       9.336	  1.670
       9.340	  2.025
       9.344	  2.335
       9.348	  2.572
       9.352	  2.615
       9.356	  2.470
       9.360	  2.083
       9.364	  1.505
       9.368	  0.963
       9.372	  0.598
       9.376	  0.352
       9.380	  0.180
       9.384	  0.048
       9.388	 -0.087
       9.392	 -0.203
       9.396	 -0.282
       9.400	 -0.315
       9.404	 -0.335
       9.408	 -0.355
       9.412	 -0.345
       9.416	 -0.330
       9.420	 -0.318
       9.424	 -0.323
       9.428	 -0.328
       9.432	 -0.328
       9.436	 -0.310
       9.440	 -0.305
       9.444	 -0.300
       9.448	 -0.300
       9.452	 -0.290
       9.456	 -0.278
       9.460	 -0.275
       9.464	 -0.268
       9.468	 -0.250
       9.472	 -0.233
       9.476	 -0.225
       9.480	 -0.217
       9.484	 -0.220
       9.488	 -0.217
       9.492	 -0.220
       9.496	 -0.210
       9.500	 -0.207
       9.504	 -0.207
       9.508	 -0.215
       9.512	 -0.217
       9.516	 -0.223
       9.520	 -0.215
       9.524	 -0.217
       9.528	 -0.220
       9.532	 -0.220
       9.536	 -0.223
       9.540	 -0.223
       9.544	 -0.210
       9.548	 -0.203
       9.552	 -0.200
       9.556	 -0.198
       9.560	 -0.205
       9.564	 -0.210
       9.568	 -0.220
       9.572	 -0.217
       9.576	 -0.207
       9.580	 -0.193
       9.584	 -0.180
       9.588	 -0.175
       9.592	 -0.170
       9.596	 -0.158
       9.600	 -0.158
       9.604	 -0.160
       9.608	 -0.170
       9.612	 -0.175
       9.616	 -0.172
       9.620	 -0.152
       9.624	 -0.140
       9.628	 -0.128
       9.632	 -0.125
       9.636	 -0.133
       9.640	 -0.135
       9.644	 -0.135
       9.648	 -0.135
       9.652	 -0.138
       9.656	 -0.130
       9.660	 -0.117
       9.664	 -0.113
       9.668	 -0.117
       9.672	 -0.125
       9.676	 -0.128
       9.680	 -0.125
       9.684	 -0.135
       9.688	 -0.147
       9.692	 -0.158
       9.696	 -0.163
       9.700	 -0.163
       9.704	 -0.152
       9.708	 -0.158
       9.712	 -0.150
       9.716	 -0.147
       9.720	 -0.138
       9.724	 -0.142
       9.728	 -0.142
       9.732	 -0.147
       9.736	 -0.142
       9.740	 -0.147
       9.744	 -0.150
       9.748	 -0.155
       9.752	 -0.160
       9.756	 -0.147
       9.760	 -0.133
       9.764	 -0.115
       9.768	 -0.113
       9.772	 -0.113
       9.776	 -0.113
       9.780	 -0.117
       9.784	 -0.117
       9.788	 -0.125
       9.792	 -0.125
       9.796	 -0.117
       9.800	 -0.117
       9.804	 -0.115
       9.808	 -0.120
       9.812	 -0.125
       9.816	 -0.125
       9.820	 -0.115
       9.824	 -0.098
       9.828	 -0.087
       9.832	  0.052
       9.836	  0.300
       9.840	  0.058
       9.844	 -0.070
       9.848	 -0.160
       9.852	 -0.233
       9.856	 -0.182
       9.860	 -0.095
       9.864	 -0.105
       9.868	 -0.163
       9.872	 -0.150
       9.876	 -0.095
       9.880	 -0.095
       9.884	 -0.130
       9.888	 -0.113
       9.892	 -0.068
       9.896	 -0.062
       9.900	 -0.087
       9.904	 -0.102
       9.908	 -0.083
       9.912	 -0.062
       9.916	 -0.068
       9.920	 -0.068
       9.924	 -0.058
       9.928	 -0.045
       9.932	 -0.060
       9.936	 -0.072
       9.940	 -0.068
       9.944	 -0.045
       9.948	 -0.040
       9.952	 -0.048
       9.956	 -0.048
       9.960	 -0.048
       9.964	 -0.050
       9.968	 -0.050
       9.972	 -0.037
       9.976	 -0.037
       9.980	 -0.030
       9.984	 -0.030
       9.988	 -0.028
       9.992	 -0.030
       9.996	 -0.022
