Elapsed_time	ECG
       0.000	  0.583
       0.004	  0.343
       0.008	  0.177
       0.012	  0.102
       0.016	  0.087
       0.020	  0.107
       0.024	  0.113
       0.028	  0.087
       0.032	  0.065
       0.036	  0.072
       0.040	  0.080
       0.044	  0.065
       0.048	  0.050
       0.052	  0.065
       0.056	  0.075
       0.060	  0.065
       0.064	  0.040
       0.068	  0.030
       0.072	  0.018
       0.076	 -0.022
       0.080	 -0.065
       0.084	 -0.102
       0.088	 -0.138
       0.092	 -0.177
       0.096	 -0.223
       0.100	 -0.263
       0.104	 -0.295
       0.108	 -0.328
       0.112	 -0.360
       0.116	 -0.388
       0.120	 -0.412
       0.124	 -0.435
       0.128	 -0.455
       0.132	 -0.475
       0.136	 -0.477
       0.140	 -0.475
       0.144	 -0.468
       0.148	 -0.465
       0.152	 -0.455
       0.156	 -0.450
       0.160	 -0.432
       0.164	 -0.420
       0.168	 -0.403
       0.172	 -0.388
       0.176	 -0.365
       0.180	 -0.357
       0.184	 -0.367
       0.188	 -0.395
       0.192	 -0.432
       0.196	 -0.487
       0.200	 -0.555
       0.204	 -0.610
       0.208	 -0.600
       0.212	 -0.537
       0.216	 -0.490
       0.220	 -0.477
       0.224	 -0.448
       0.228	 -0.417
       0.232	 -0.372
       0.236	 -0.270
       0.240	 -0.080
       0.244	  0.160
       0.248	  0.417
       0.252	  0.748
       0.256	  1.070
       0.260	  1.355
       0.264	  1.558
       0.268	  1.663
       0.272	  1.718
       0.276	  1.740
       0.280	  1.732
       0.284	  1.633
       0.288	  1.425
       0.292	  1.133
       0.296	  0.863
       0.300	  0.630
       0.304	  0.378
       0.308	  0.177
       0.312	  0.068
       0.316	  0.052
       0.320	  0.098
       0.324	  0.128
       0.328	  0.107
       0.332	  0.075
       0.336	  0.087
       0.340	  0.090
       0.344	  0.070
       0.348	  0.043
       0.352	  0.028
       0.356	 -0.020
       0.360	 -0.037
       0.364	 -0.068
       0.368	 -0.095
       0.372	 -0.128
       0.376	 -0.163
       0.380	 -0.225
       0.384	 -0.265
       0.388	 -0.300
       0.392	 -0.343
       0.396	 -0.388
       0.400	 -0.407
       0.404	 -0.422
       0.408	 -0.453
       0.412	 -0.497
       0.416	 -0.540
       0.420	 -0.565
       0.424	 -0.568
       0.428	 -0.547
       0.432	 -0.512
       0.436	 -0.475
       0.440	 -0.432
       0.444	 -0.385
       0.448	 -0.355
       0.452	 -0.323
       0.456	 -0.307
       0.460	 -0.268
       0.464	 -0.253
       0.468	 -0.275
       0.472	 -0.305
       0.476	 -0.343
       0.480	 -0.422
       0.484	 -0.507
       0.488	 -0.535
       0.492	 -0.465
       0.496	 -0.367
       0.500	 -0.292
       0.504	 -0.242
       0.508	 -0.215
       0.512	 -0.185
       0.516	 -0.117
       0.520	  0.000
       0.524	  0.177
       0.528	  0.378
       0.532	  0.627
       0.536	  0.925
       0.540	  1.230
       0.544	  1.525
       0.548	  1.732
       0.552	  1.820
       0.556	  1.850
       0.560	  1.857
       0.564	  1.808
       0.568	  1.688
       0.572	  1.468
       0.576	  1.188
       0.580	  0.922
       0.584	  0.700
       0.588	  0.465
       0.592	  0.278
       0.596	  0.170
       0.600	  0.152
       0.604	  0.163
       0.608	  0.152
       0.612	  0.133
       0.616	  0.110
       0.620	  0.113
       0.624	  0.128
       0.628	  0.117
       0.632	  0.087
       0.636	  0.065
       0.640	  0.058
       0.644	  0.037
       0.648	  0.007
       0.652	  0.000
       0.656	 -0.035
       0.660	 -0.080
       0.664	 -0.158
       0.668	 -0.242
       0.672	 -0.318
       0.676	 -0.372
       0.680	 -0.405
       0.684	 -0.432
       0.688	 -0.468
       0.692	 -0.510
       0.696	 -0.557
       0.700	 -0.585
       0.704	 -0.603
       0.708	 -0.590
       0.712	 -0.545
       0.716	 -0.497
       0.720	 -0.465
       0.724	 -0.435
       0.728	 -0.412
       0.732	 -0.395
       0.736	 -0.372
       0.740	 -0.352
       0.744	 -0.338
       0.748	 -0.330
       0.752	 -0.295
       0.756	 -0.273
       0.760	 -0.270
       0.764	 -0.270
       0.768	 -0.263
       0.772	 -0.253
       0.776	 -0.260
       0.780	 -0.250
       0.784	 -0.242
       0.788	 -0.247
       0.792	 -0.250
       0.796	 -0.292
       0.800	 -0.355
       0.804	 -0.435
       0.808	 -0.510
       0.812	 -0.497
       0.816	 -0.405
       0.820	 -0.315
       0.824	 -0.263
       0.828	 -0.198
       0.832	 -0.115
       0.836	  0.003
       0.840	  0.120
       0.844	  0.300
       0.848	  0.517
       0.852	  0.740
       0.856	  1.085
       0.860	  1.448
       0.864	  1.718
       0.868	  1.933
       0.872	  2.070
       0.876	  2.140
       0.880	  2.123
       0.884	  1.998
       0.888	  1.732
       0.892	  1.413
       0.896	  1.060
       0.900	  0.800
       0.904	  0.575
       0.908	  0.323
       0.912	  0.110
       0.916	 -0.025
       0.920	 -0.037
       0.924	  0.043
       0.928	  0.113
       0.932	  0.107
       0.936	  0.083
       0.940	  0.068
       0.944	  0.080
       0.948	  0.068
       0.952	  0.058
       0.956	  0.030
       0.960	 -0.022
       0.964	 -0.062
       0.968	 -0.102
       0.972	 -0.140
       0.976	 -0.155
       0.980	 -0.182
       0.984	 -0.233
       0.988	 -0.292
       0.992	 -0.338
       0.996	 -0.352
       1.000	 -0.350
       1.004	 -0.338
       1.008	 -0.340
       1.012	 -0.383
       1.016	 -0.432
       1.020	 -0.477
       1.024	 -0.490
       1.028	 -0.480
       1.032	 -0.477
       1.036	 -0.458
       1.040	 -0.450
       1.044	 -0.445
       1.048	 -0.407
       1.052	 -0.360
       1.056	 -0.312
       1.060	 -0.260
       1.064	 -0.225
       1.068	 -0.195
       1.072	 -0.182
       1.076	 -0.155
       1.080	 -0.120
       1.084	 -0.087
       1.088	 -0.080
       1.092	 -0.115
       1.096	 -0.180
       1.100	 -0.260
       1.104	 -0.360
       1.108	 -0.490
       1.112	 -0.583
       1.116	 -0.552
       1.120	 -0.445
       1.124	 -0.378
       1.128	 -0.350
       1.132	 -0.315
       1.136	 -0.233
       1.140	 -0.130
       1.144	  0.028
       1.148	  0.200
       1.152	  0.395
       1.156	  0.652
       1.160	  0.983
       1.164	  1.282
       1.168	  1.558
       1.172	  1.772
       1.176	  1.893
       1.180	  1.975
       1.184	  2.015
       1.188	  1.958
       1.192	  1.790
       1.196	  1.512
       1.200	  1.155
       1.204	  0.848
       1.208	  0.605
       1.212	  0.355
       1.216	  0.150
       1.220	  0.007
       1.224	 -0.028
       1.228	  0.040
       1.232	  0.065
       1.236	  0.052
       1.240	  0.043
       1.244	  0.070
       1.248	  0.098
       1.252	  0.085
       1.256	  0.043
       1.260	  0.025
       1.264	  0.020
       1.268	  0.015
       1.272	  0.005
       1.276	  0.000
       1.280	 -0.048
       1.284	 -0.115
       1.288	 -0.195
       1.292	 -0.247
       1.296	 -0.295
       1.300	 -0.350
       1.304	 -0.427
       1.308	 -0.492
       1.312	 -0.532
       1.316	 -0.542
       1.320	 -0.545
       1.324	 -0.565
       1.328	 -0.588
       1.332	 -0.590
       1.336	 -0.580
       1.340	 -0.568
       1.344	 -0.557
       1.348	 -0.552
       1.352	 -0.530
       1.356	 -0.497
       1.360	 -0.465
       1.364	 -0.425
       1.368	 -0.400
       1.372	 -0.388
       1.376	 -0.385
       1.380	 -0.380
       1.384	 -0.360
       1.388	 -0.357
       1.392	 -0.350
       1.396	 -0.343
       1.400	 -0.350
       1.404	 -0.343
       1.408	 -0.330
       1.412	 -0.318
       1.416	 -0.328
       1.420	 -0.350
       1.424	 -0.385
       1.428	 -0.430
       1.432	 -0.497
       1.436	 -0.575
       1.440	 -0.627
       1.444	 -0.580
       1.448	 -0.472
       1.452	 -0.398
       1.456	 -0.333
       1.460	 -0.263
       1.464	 -0.200
       1.468	 -0.120
       1.472	  0.000
       1.476	  0.170
       1.480	  0.395
       1.484	  0.688
       1.488	  1.040
       1.492	  1.330
       1.496	  1.535
       1.500	  1.710
       1.504	  1.835
       1.508	  1.935
       1.512	  1.952
       1.516	  1.808
       1.520	  1.560
       1.524	  1.272
       1.528	  0.988
       1.532	  0.740
       1.536	  0.470
       1.540	  0.203
       1.544	  0.022
       1.548	 -0.060
       1.552	 -0.058
       1.556	 -0.050
       1.560	 -0.058
       1.564	 -0.085
       1.568	 -0.090
       1.572	 -0.080
       1.576	 -0.085
       1.580	 -0.110
       1.584	 -0.117
       1.588	 -0.115
       1.592	 -0.110
       1.596	 -0.128
       1.600	 -0.155
       1.604	 -0.175
       1.608	 -0.193
       1.612	 -0.215
       1.616	 -0.250
       1.620	 -0.282
       1.624	 -0.318
       1.628	 -0.372
       1.632	 -0.407
       1.636	 -0.420
       1.640	 -0.430
       1.644	 -0.443
       1.648	 -0.448
       1.652	 -0.458
       1.656	 -0.475
       1.660	 -0.480
       1.664	 -0.485
       1.668	 -0.477
       1.672	 -0.465
       1.676	 -0.435
       1.680	 -0.422
       1.684	 -0.410
       1.688	 -0.405
       1.692	 -0.388
       1.696	 -0.365
       1.700	 -0.350
       1.704	 -0.338
       1.708	 -0.323
       1.712	 -0.307
       1.716	 -0.300
       1.720	 -0.290
       1.724	 -0.275
       1.728	 -0.273
       1.732	 -0.287
       1.736	 -0.292
       1.740	 -0.307
       1.744	 -0.320
       1.748	 -0.345
       1.752	 -0.365
       1.756	 -0.398
       1.760	 -0.432
       1.764	 -0.485
       1.768	 -0.540
       1.772	 -0.613
       1.776	 -0.672
       1.780	 -0.660
       1.784	 -0.562
       1.788	 -0.477
       1.792	 -0.420
       1.796	 -0.340
       1.800	 -0.270
       1.804	 -0.200
       1.808	 -0.105
       1.812	  0.070
       1.816	  0.292
       1.820	  0.557
       1.824	  0.895
       1.828	  1.210
       1.832	  1.452
       1.836	  1.635
       1.840	  1.732
       1.844	  1.800
       1.848	  1.800
       1.852	  1.718
       1.856	  1.555
       1.860	  1.345
       1.864	  1.073
       1.868	  0.828
       1.872	  0.562
       1.876	  0.305
       1.880	  0.138
       1.884	  0.065
       1.888	  0.062
       1.892	  0.092
       1.896	  0.095
       1.900	  0.062
       1.904	  0.040
       1.908	  0.048
       1.912	  0.045
       1.916	  0.015
       1.920	 -0.022
       1.924	 -0.025
       1.928	 -0.040
       1.932	 -0.060
       1.936	 -0.072
       1.940	 -0.092
       1.944	 -0.117
       1.948	 -0.172
       1.952	 -0.233
       1.956	 -0.285
       1.960	 -0.312
       1.964	 -0.340
       1.968	 -0.365
       1.972	 -0.388
       1.976	 -0.417
       1.980	 -0.453
       1.984	 -0.492
       1.988	 -0.535
       1.992	 -0.565
       1.996	 -0.578
       2.000	 -0.583
       2.004	 -0.575
       2.008	 -0.542
       2.012	 -0.512
       2.016	 -0.485
       2.020	 -0.445
       2.024	 -0.405
       2.028	 -0.378
       2.032	 -0.360
       2.036	 -0.350
       2.040	 -0.338
       2.044	 -0.330
       2.048	 -0.320
       2.052	 -0.318
       2.056	 -0.323
       2.060	 -0.318
       2.064	 -0.312
       2.068	 -0.305
       2.072	 -0.305
       2.076	 -0.297
       2.080	 -0.305
       2.084	 -0.300
       2.088	 -0.300
       2.092	 -0.300
       2.096	 -0.305
       2.100	 -0.315
       2.104	 -0.338
       2.108	 -0.380
       2.112	 -0.435
       2.116	 -0.512
       2.120	 -0.588
       2.124	 -0.623
       2.128	 -0.570
       2.132	 -0.512
       2.136	 -0.472
       2.140	 -0.445
       2.144	 -0.398
       2.148	 -0.323
       2.152	 -0.223
       2.156	 -0.058
       2.160	  0.215
       2.164	  0.487
       2.168	  0.825
       2.172	  1.145
       2.176	  1.370
       2.180	  1.512
       2.184	  1.580
       2.188	  1.610
       2.192	  1.597
       2.196	  1.522
       2.200	  1.370
       2.204	  1.167
       2.208	  0.938
       2.212	  0.720
       2.216	  0.480
       2.220	  0.233
       2.224	  0.075
       2.228	  0.015
       2.232	  0.022
       2.236	  0.068
       2.240	  0.087
       2.244	  0.072
       2.248	  0.062
       2.252	  0.072
       2.256	  0.070
       2.260	  0.048
       2.264	  0.025
       2.268	  0.020
       2.272	  0.018
       2.276	  0.000
       2.280	 -0.040
       2.284	 -0.058
       2.288	 -0.080
       2.292	 -0.102
       2.296	 -0.133
       2.300	 -0.163
       2.304	 -0.195
       2.308	 -0.230
       2.312	 -0.282
       2.316	 -0.340
       2.320	 -0.403
       2.324	 -0.463
       2.328	 -0.507
       2.332	 -0.535
       2.336	 -0.545
       2.340	 -0.545
       2.344	 -0.535
       2.348	 -0.520
       2.352	 -0.497
       2.356	 -0.472
       2.360	 -0.448
       2.364	 -0.417
       2.368	 -0.385
       2.372	 -0.357
       2.376	 -0.338
       2.380	 -0.330
       2.384	 -0.323
       2.388	 -0.320
       2.392	 -0.318
       2.396	 -0.323
       2.400	 -0.335
       2.404	 -0.338
       2.408	 -0.345
       2.412	 -0.362
       2.416	 -0.403
       2.420	 -0.458
       2.424	 -0.537
       2.428	 -0.605
       2.432	 -0.588
       2.436	 -0.495
       2.440	 -0.435
       2.444	 -0.405
       2.448	 -0.357
       2.452	 -0.312
       2.456	 -0.250
       2.460	 -0.142
       2.464	  0.043
       2.468	  0.240
       2.472	  0.492
       2.476	  0.823
       2.480	  1.145
       2.484	  1.438
       2.488	  1.635
       2.492	  1.722
       2.496	  1.772
       2.500	  1.772
       2.504	  1.728
       2.508	  1.600
       2.512	  1.417
       2.516	  1.147
       2.520	  0.890
       2.524	  0.630
       2.528	  0.360
       2.532	  0.165
       2.536	  0.083
       2.540	  0.095
       2.544	  0.147
       2.548	  0.158
       2.552	  0.135
       2.556	  0.115
       2.560	  0.117
       2.564	  0.107
       2.568	  0.072
       2.572	  0.040
       2.576	  0.020
       2.580	  0.013
       2.584	 -0.022
       2.588	 -0.058
       2.592	 -0.083
       2.596	 -0.102
       2.600	 -0.138
       2.604	 -0.188
       2.608	 -0.230
       2.612	 -0.270
       2.616	 -0.315
       2.620	 -0.355
       2.624	 -0.388
       2.628	 -0.420
       2.632	 -0.455
       2.636	 -0.480
       2.640	 -0.500
       2.644	 -0.512
       2.648	 -0.517
       2.652	 -0.515
       2.656	 -0.502
       2.660	 -0.477
       2.664	 -0.458
       2.668	 -0.445
       2.672	 -0.435
       2.676	 -0.410
       2.680	 -0.388
       2.684	 -0.360
       2.688	 -0.338
       2.692	 -0.318
       2.696	 -0.307
       2.700	 -0.297
       2.704	 -0.305
       2.708	 -0.310
       2.712	 -0.318
       2.716	 -0.328
       2.720	 -0.328
       2.724	 -0.318
       2.728	 -0.300
       2.732	 -0.287
       2.736	 -0.270
       2.740	 -0.263
       2.744	 -0.253
       2.748	 -0.250
       2.752	 -0.247
       2.756	 -0.255
       2.760	 -0.260
       2.764	 -0.270
       2.768	 -0.285
       2.772	 -0.320
       2.776	 -0.383
       2.780	 -0.458
       2.784	 -0.537
       2.788	 -0.575
       2.792	 -0.517
       2.796	 -0.435
       2.800	 -0.362
       2.804	 -0.305
       2.808	 -0.263
       2.812	 -0.215
       2.816	 -0.115
       2.820	  0.090
       2.824	  0.362
       2.828	  0.650
       2.832	  0.990
       2.836	  1.282
       2.840	  1.452
       2.844	  1.565
       2.848	  1.615
       2.852	  1.640
       2.856	  1.633
       2.860	  1.550
       2.864	  1.413
       2.868	  1.218
       2.872	  1.008
       2.876	  0.812
       2.880	  0.575
       2.884	  0.345
       2.888	  0.207
       2.892	  0.158
       2.896	  0.152
       2.900	  0.165
       2.904	  0.163
       2.908	  0.155
       2.912	  0.155
       2.916	  0.160
       2.920	  0.158
       2.924	  0.147
       2.928	  0.150
       2.932	  0.158
       2.936	  0.158
       2.940	  0.135
       2.944	  0.117
       2.948	  0.102
       2.952	  0.080
       2.956	  0.037
       2.960	  0.003
       2.964	 -0.043
       2.968	 -0.070
       2.972	 -0.110
       2.976	 -0.147
       2.980	 -0.177
       2.984	 -0.217
       2.988	 -0.260
       2.992	 -0.290
       2.996	 -0.318
       3.000	 -0.340
       3.004	 -0.357
       3.008	 -0.372
       3.012	 -0.383
       3.016	 -0.385
       3.020	 -0.375
       3.024	 -0.350
       3.028	 -0.335
       3.032	 -0.333
       3.036	 -0.323
       3.040	 -0.312
       3.044	 -0.292
       3.048	 -0.282
       3.052	 -0.263
       3.056	 -0.250
       3.060	 -0.233
       3.064	 -0.223
       3.068	 -0.207
       3.072	 -0.217
       3.076	 -0.215
       3.080	 -0.217
       3.084	 -0.217
       3.088	 -0.220
       3.092	 -0.215
       3.096	 -0.210
       3.100	 -0.215
       3.104	 -0.215
       3.108	 -0.223
       3.112	 -0.228
       3.116	 -0.230
       3.120	 -0.225
       3.124	 -0.217
       3.128	 -0.205
       3.132	 -0.195
       3.136	 -0.180
       3.140	 -0.185
       3.144	 -0.203
       3.148	 -0.207
       3.152	 -0.205
       3.156	 -0.198
       3.160	 -0.188
       3.164	 -0.195
       3.168	 -0.188
       3.172	 -0.175
       3.176	 -0.155
       3.180	 -0.155
       3.184	 -0.193
       3.188	 -0.270
       3.192	 -0.350
       3.196	 -0.398
       3.200	 -0.422
       3.204	 -0.378
       3.208	 -0.282
       3.212	 -0.172
       3.216	 -0.083
       3.220	  0.035
       3.224	  0.140
       3.228	  0.275
       3.232	  0.465
       3.236	  0.695
       3.240	  0.953
       3.244	  1.275
       3.248	  1.490
       3.252	  1.615
       3.256	  1.708
       3.260	  1.780
       3.264	  1.837
       3.268	  1.808
       3.272	  1.625
       3.276	  1.347
       3.280	  1.073
       3.284	  0.915
       3.288	  0.765
       3.292	  0.585
       3.296	  0.427
       3.300	  0.328
       3.304	  0.290
       3.308	  0.295
       3.312	  0.300
       3.316	  0.278
       3.320	  0.255
       3.324	  0.273
       3.328	  0.305
       3.332	  0.290
       3.336	  0.273
       3.340	  0.260
       3.344	  0.255
       3.348	  0.250
       3.352	  0.240
       3.356	  0.205
       3.360	  0.172
       3.364	  0.138
       3.368	  0.130
       3.372	  0.133
       3.376	  0.115
       3.380	  0.072
       3.384	  0.020
       3.388	 -0.043
       3.392	 -0.083
       3.396	 -0.133
       3.400	 -0.182
       3.404	 -0.220
       3.408	 -0.240
       3.412	 -0.253
       3.416	 -0.265
       3.420	 -0.282
       3.424	 -0.287
       3.428	 -0.265
       3.432	 -0.230
       3.436	 -0.215
       3.440	 -0.215
       3.444	 -0.223
       3.448	 -0.223
       3.452	 -0.200
       3.456	 -0.180
       3.460	 -0.138
       3.464	 -0.110
       3.468	 -0.090
       3.472	 -0.087
       3.476	 -0.072
       3.480	 -0.058
       3.484	 -0.048
       3.488	 -0.058
       3.492	 -0.058
       3.496	 -0.060
       3.500	 -0.087
       3.504	 -0.105
       3.508	 -0.095
       3.512	 -0.092
       3.516	 -0.085
       3.520	 -0.060
       3.524	 -0.062
       3.528	 -0.068
       3.532	 -0.083
       3.536	 -0.102
       3.540	 -0.113
       3.544	 -0.133
       3.548	 -0.158
       3.552	 -0.182
       3.556	 -0.247
       3.560	 -0.323
       3.564	 -0.403
       3.568	 -0.420
       3.572	 -0.355
       3.576	 -0.273
       3.580	 -0.180
       3.584	 -0.085
       3.588	  0.020
       3.592	  0.102
       3.596	  0.217
       3.600	  0.410
       3.604	  0.630
       3.608	  0.897
       3.612	  1.232
       3.616	  1.460
       3.620	  1.595
       3.624	  1.685
       3.628	  1.718
       3.632	  1.745
       3.636	  1.730
       3.640	  1.570
       3.644	  1.298
       3.648	  0.973
       3.652	  0.748
       3.656	  0.598
       3.660	  0.432
       3.664	  0.278
       3.668	  0.177
       3.672	  0.133
       3.676	  0.155
       3.680	  0.193
       3.684	  0.198
       3.688	  0.165
       3.692	  0.147
       3.696	  0.152
       3.700	  0.142
       3.704	  0.115
       3.708	  0.113
       3.712	  0.110
       3.716	  0.083
       3.720	  0.065
       3.724	  0.040
       3.728	  0.018
       3.732	  0.003
       3.736	 -0.043
       3.740	 -0.080
       3.744	 -0.110
       3.748	 -0.152
       3.752	 -0.198
       3.756	 -0.242
       3.760	 -0.273
       3.764	 -0.307
       3.768	 -0.333
       3.772	 -0.357
       3.776	 -0.395
       3.780	 -0.432
       3.784	 -0.470
       3.788	 -0.492
       3.792	 -0.485
       3.796	 -0.450
       3.800	 -0.432
       3.804	 -0.427
       3.808	 -0.412
       3.812	 -0.395
       3.816	 -0.365
       3.820	 -0.340
       3.824	 -0.328
       3.828	 -0.323
       3.832	 -0.318
       3.836	 -0.312
       3.840	 -0.297
       3.844	 -0.278
       3.848	 -0.278
       3.852	 -0.292
       3.856	 -0.290
       3.860	 -0.253
       3.864	 -0.233
       3.868	 -0.225
       3.872	 -0.260
       3.876	 -0.318
       3.880	 -0.372
       3.884	 -0.417
       3.888	 -0.487
       3.892	 -0.565
       3.896	 -0.590
       3.900	 -0.530
       3.904	 -0.470
       3.908	 -0.422
       3.912	 -0.323
       3.916	 -0.245
       3.920	 -0.163
       3.924	 -0.070
       3.928	  0.085
       3.932	  0.297
       3.936	  0.578
       3.940	  0.968
       3.944	  1.330
       3.948	  1.565
       3.952	  1.730
       3.956	  1.812
       3.960	  1.827
       3.964	  1.780
       3.968	  1.665
       3.972	  1.445
       3.976	  1.188
       3.980	  0.905
       3.984	  0.710
       3.988	  0.510
       3.992	  0.268
       3.996	  0.065
       4.000	 -0.048
       4.004	 -0.037
       4.008	  0.037
       4.012	  0.048
       4.016	  0.013
       4.020	 -0.037
       4.024	 -0.048
       4.028	 -0.028
       4.032	 -0.025
       4.036	 -0.050
       4.040	 -0.083
       4.044	 -0.085
       4.048	 -0.095
       4.052	 -0.135
       4.056	 -0.172
       4.060	 -0.195
       4.064	 -0.247
       4.068	 -0.282
       4.072	 -0.295
       4.076	 -0.305
       4.080	 -0.330
       4.084	 -0.378
       4.088	 -0.443
       4.092	 -0.485
       4.096	 -0.517
       4.100	 -0.545
       4.104	 -0.585
       4.108	 -0.610
       4.112	 -0.632
       4.116	 -0.645
       4.120	 -0.642
       4.124	 -0.623
       4.128	 -0.575
       4.132	 -0.552
       4.136	 -0.522
       4.140	 -0.507
       4.144	 -0.490
       4.148	 -0.468
       4.152	 -0.445
       4.156	 -0.417
       4.160	 -0.378
       4.164	 -0.355
       4.168	 -0.365
       4.172	 -0.372
       4.176	 -0.390
       4.180	 -0.403
       4.184	 -0.407
       4.188	 -0.398
       4.192	 -0.385
       4.196	 -0.365
       4.200	 -0.340
       4.204	 -0.338
       4.208	 -0.335
       4.212	 -0.345
       4.216	 -0.350
       4.220	 -0.350
       4.224	 -0.355
       4.228	 -0.355
       4.232	 -0.360
       4.236	 -0.352
       4.240	 -0.345
       4.244	 -0.352
       4.248	 -0.378
       4.252	 -0.405
       4.256	 -0.443
       4.260	 -0.463
       4.264	 -0.475
       4.268	 -0.487
       4.272	 -0.502
       4.276	 -0.515
       4.280	 -0.520
       4.284	 -0.510
       4.288	 -0.492
       4.292	 -0.470
       4.296	 -0.458
       4.300	 -0.463
       4.304	 -0.458
       4.308	 -0.448
       4.312	 -0.448
       4.316	 -0.453
       4.320	 -0.468
       4.324	 -0.507
       4.328	 -0.562
       4.332	 -0.632
       4.336	 -0.720
       4.340	 -0.780
       4.344	 -0.762
       4.348	 -0.665
       4.352	 -0.522
       4.356	 -0.405
       4.360	 -0.278
       4.364	 -0.138
       4.368	  0.013
       4.372	  0.170
       4.376	  0.350
       4.380	  0.620
       4.384	  0.925
       4.388	  1.165
       4.392	  1.295
       4.396	  1.370
       4.400	  1.458
       4.404	  1.613
       4.408	  1.660
       4.412	  1.468
       4.416	  1.105
       4.420	  0.772
       4.424	  0.552
       4.428	  0.372
       4.432	  0.188
       4.436	  0.050
       4.440	 -0.050
       4.444	 -0.062
       4.448	 -0.045
       4.452	 -0.058
       4.456	 -0.092
       4.460	 -0.102
       4.464	 -0.085
       4.468	 -0.085
       4.472	 -0.113
       4.476	 -0.125
       4.480	 -0.120
       4.484	 -0.138
       4.488	 -0.172
       4.492	 -0.185
       4.496	 -0.180
       4.500	 -0.177
       4.504	 -0.180
       4.508	 -0.188
       4.512	 -0.198
       4.516	 -0.205
       4.520	 -0.223
       4.524	 -0.255
       4.528	 -0.287
       4.532	 -0.318
       4.536	 -0.355
       4.540	 -0.395
       4.544	 -0.432
       4.548	 -0.475
       4.552	 -0.500
       4.556	 -0.517
       4.560	 -0.525
       4.564	 -0.542
       4.568	 -0.552
       4.572	 -0.552
       4.576	 -0.532
       4.580	 -0.507
       4.584	 -0.477
       4.588	 -0.455
       4.592	 -0.432
       4.596	 -0.417
       4.600	 -0.400
       4.604	 -0.395
       4.608	 -0.395
       4.612	 -0.398
       4.616	 -0.400
       4.620	 -0.400
       4.624	 -0.403
       4.628	 -0.395
       4.632	 -0.385
       4.636	 -0.385
       4.640	 -0.390
       4.644	 -0.395
       4.648	 -0.407
       4.652	 -0.417
       4.656	 -0.417
       4.660	 -0.410
       4.664	 -0.417
       4.668	 -0.443
       4.672	 -0.475
       4.676	 -0.517
       4.680	 -0.580
       4.684	 -0.645
       4.688	 -0.695
       4.692	 -0.677
       4.696	 -0.575
       4.700	 -0.480
       4.704	 -0.422
       4.708	 -0.350
       4.712	 -0.278
       4.716	 -0.220
       4.720	 -0.125
       4.724	  0.062
       4.728	  0.287
       4.732	  0.560
       4.736	  0.900
       4.740	  1.208
       4.744	  1.438
       4.748	  1.573
       4.752	  1.615
       4.756	  1.620
       4.760	  1.600
       4.764	  1.512
       4.768	  1.365
       4.772	  1.150
       4.776	  0.900
       4.780	  0.675
       4.784	  0.440
       4.788	  0.217
       4.792	  0.062
       4.796	 -0.025
       4.800	 -0.035
       4.804	  0.018
       4.808	  0.025
       4.812	  0.003
       4.816	 -0.022
       4.820	 -0.018
       4.824	 -0.025
       4.828	 -0.045
       4.832	 -0.058
       4.836	 -0.052
       4.840	 -0.070
       4.844	 -0.102
       4.848	 -0.138
       4.852	 -0.170
       4.856	 -0.198
       4.860	 -0.225
       4.864	 -0.253
       4.868	 -0.270
       4.872	 -0.292
       4.876	 -0.328
       4.880	 -0.365
       4.884	 -0.403
       4.888	 -0.432
       4.892	 -0.470
       4.896	 -0.507
       4.900	 -0.540
       4.904	 -0.560
       4.908	 -0.575
       4.912	 -0.580
       4.916	 -0.568
       4.920	 -0.547
       4.924	 -0.522
       4.928	 -0.495
       4.932	 -0.472
       4.936	 -0.448
       4.940	 -0.427
       4.944	 -0.400
       4.948	 -0.380
       4.952	 -0.357
       4.956	 -0.340
       4.960	 -0.323
       4.964	 -0.318
       4.968	 -0.318
       4.972	 -0.318
       4.976	 -0.315
       4.980	 -0.323
       4.984	 -0.335
       4.988	 -0.357
       4.992	 -0.372
       4.996	 -0.385
       5.000	 -0.410
       5.004	 -0.443
       5.008	 -0.487
       5.012	 -0.542
       5.016	 -0.630
       5.020	 -0.718
       5.024	 -0.757
       5.028	 -0.703
       5.032	 -0.620
       5.036	 -0.545
       5.040	 -0.485
       5.044	 -0.425
       5.048	 -0.365
       5.052	 -0.275
       5.056	 -0.130
       5.060	  0.120
       5.064	  0.383
       5.068	  0.718
       5.072	  1.032
       5.076	  1.275
       5.080	  1.440
       5.084	  1.528
       5.088	  1.552
       5.092	  1.550
       5.096	  1.498
       5.100	  1.375
       5.104	  1.208
       5.108	  0.980
       5.112	  0.765
       5.116	  0.542
       5.120	  0.290
       5.124	  0.107
       5.128	  0.028
       5.132	  0.018
       5.136	  0.045
       5.140	  0.052
       5.144	  0.030
       5.148	  0.003
       5.152	  0.005
       5.156	  0.013
       5.160	  0.000
       5.164	 -0.028
       5.168	 -0.030
       5.172	 -0.035
       5.176	 -0.058
       5.180	 -0.095
       5.184	 -0.135
       5.188	 -0.160
       5.192	 -0.195
       5.196	 -0.228
       5.200	 -0.270
       5.204	 -0.307
       5.208	 -0.343
       5.212	 -0.385
       5.216	 -0.417
       5.220	 -0.425
       5.224	 -0.432
       5.228	 -0.448
       5.232	 -0.453
       5.236	 -0.453
       5.240	 -0.453
       5.244	 -0.448
       5.248	 -0.445
       5.252	 -0.435
       5.256	 -0.425
       5.260	 -0.410
       5.264	 -0.398
       5.268	 -0.380
       5.272	 -0.357
       5.276	 -0.335
       5.280	 -0.315
       5.284	 -0.290
       5.288	 -0.273
       5.292	 -0.260
       5.296	 -0.250
       5.300	 -0.250
       5.304	 -0.242
       5.308	 -0.242
       5.312	 -0.245
       5.316	 -0.245
       5.320	 -0.242
       5.324	 -0.250
       5.328	 -0.265
       5.332	 -0.282
       5.336	 -0.295
       5.340	 -0.312
       5.344	 -0.318
       5.348	 -0.323
       5.352	 -0.340
       5.356	 -0.378
       5.360	 -0.432
       5.364	 -0.512
       5.368	 -0.590
       5.372	 -0.652
       5.376	 -0.623
       5.380	 -0.542
       5.384	 -0.497
       5.388	 -0.453
       5.392	 -0.405
       5.396	 -0.365
       5.400	 -0.300
       5.404	 -0.175
       5.408	  0.072
       5.412	  0.365
       5.416	  0.715
       5.420	  1.073
       5.424	  1.335
       5.428	  1.525
       5.432	  1.633
       5.436	  1.667
       5.440	  1.685
       5.444	  1.663
       5.448	  1.560
       5.452	  1.413
       5.456	  1.198
       5.460	  0.990
       5.464	  0.765
       5.468	  0.525
       5.472	  0.330
       5.476	  0.230
       5.480	  0.205
       5.484	  0.223
       5.488	  0.247
       5.492	  0.228
       5.496	  0.195
       5.500	  0.182
       5.504	  0.188
       5.508	  0.175
       5.512	  0.147
       5.516	  0.138
       5.520	  0.142
       5.524	  0.128
       5.528	  0.107
       5.532	  0.087
       5.536	  0.070
       5.540	  0.035
       5.544	 -0.025
       5.548	 -0.068
       5.552	 -0.102
       5.556	 -0.140
       5.560	 -0.195
       5.564	 -0.260
       5.568	 -0.305
       5.572	 -0.340
       5.576	 -0.362
       5.580	 -0.383
       5.584	 -0.398
       5.588	 -0.405
       5.592	 -0.403
       5.596	 -0.395
       5.600	 -0.380
       5.604	 -0.357
       5.608	 -0.338
       5.612	 -0.328
       5.616	 -0.315
       5.620	 -0.292
       5.624	 -0.273
       5.628	 -0.250
       5.632	 -0.228
       5.636	 -0.207
       5.640	 -0.200
       5.644	 -0.193
       5.648	 -0.182
       5.652	 -0.172
       5.656	 -0.165
       5.660	 -0.172
       5.664	 -0.185
       5.668	 -0.228
       5.672	 -0.295
       5.676	 -0.378
       5.680	 -0.453
       5.684	 -0.465
       5.688	 -0.403
       5.692	 -0.352
       5.696	 -0.340
       5.700	 -0.310
       5.704	 -0.278
       5.708	 -0.237
       5.712	 -0.142
       5.716	  0.043
       5.720	  0.250
       5.724	  0.502
       5.728	  0.830
       5.732	  1.140
       5.736	  1.410
       5.740	  1.593
       5.744	  1.673
       5.748	  1.710
       5.752	  1.710
       5.756	  1.655
       5.760	  1.532
       5.764	  1.363
       5.768	  1.120
       5.772	  0.890
       5.776	  0.657
       5.780	  0.395
       5.784	  0.177
       5.788	  0.065
       5.792	  0.065
       5.796	  0.098
       5.800	  0.105
       5.804	  0.075
       5.808	  0.045
       5.812	  0.043
       5.816	  0.037
       5.820	  0.022
       5.824	  0.007
       5.828	  0.020
       5.832	  0.030
       5.836	  0.040
       5.840	  0.022
       5.844	  0.015
       5.848	  0.000
       5.852	 -0.045
       5.856	 -0.087
       5.860	 -0.125
       5.864	 -0.160
       5.868	 -0.215
       5.872	 -0.278
       5.876	 -0.333
       5.880	 -0.367
       5.884	 -0.407
       5.888	 -0.450
       5.892	 -0.485
       5.896	 -0.510
       5.900	 -0.532
       5.904	 -0.542
       5.908	 -0.540
       5.912	 -0.520
       5.916	 -0.507
       5.920	 -0.492
       5.924	 -0.475
       5.928	 -0.448
       5.932	 -0.417
       5.936	 -0.375
       5.940	 -0.340
       5.944	 -0.300
       5.948	 -0.270
       5.952	 -0.240
       5.956	 -0.223
       5.960	 -0.210
       5.964	 -0.207
       5.968	 -0.207
       5.972	 -0.210
       5.976	 -0.220
       5.980	 -0.228
       5.984	 -0.230
       5.988	 -0.237
       5.992	 -0.237
       5.996	 -0.237
       6.000	 -0.240
       6.004	 -0.228
       6.008	 -0.220
       6.012	 -0.205
       6.016	 -0.203
       6.020	 -0.195
       6.024	 -0.198
       6.028	 -0.193
       6.032	 -0.193
       6.036	 -0.203
       6.040	 -0.242
       6.044	 -0.312
       6.048	 -0.403
       6.052	 -0.485
       6.056	 -0.525
       6.060	 -0.477
       6.064	 -0.390
       6.068	 -0.328
       6.072	 -0.290
       6.076	 -0.247
       6.080	 -0.193
       6.084	 -0.080
       6.088	  0.117
       6.092	  0.355
       6.096	  0.613
       6.100	  0.902
       6.104	  1.145
       6.108	  1.298
       6.112	  1.417
       6.116	  1.505
       6.120	  1.600
       6.124	  1.643
       6.128	  1.575
       6.132	  1.397
       6.136	  1.185
       6.140	  0.990
       6.144	  0.828
       6.148	  0.608
       6.152	  0.410
       6.156	  0.290
       6.160	  0.233
       6.164	  0.237
       6.168	  0.253
       6.172	  0.223
       6.176	  0.177
       6.180	  0.170
       6.184	  0.177
       6.188	  0.177
       6.192	  0.172
       6.196	  0.177
       6.200	  0.182
       6.204	  0.177
       6.208	  0.152
       6.212	  0.133
       6.216	  0.113
       6.220	  0.095
       6.224	  0.065
       6.228	  0.030
       6.232	  0.000
       6.236	 -0.030
       6.240	 -0.072
       6.244	 -0.138
       6.248	 -0.193
       6.252	 -0.228
       6.256	 -0.268
       6.260	 -0.300
       6.264	 -0.352
       6.268	 -0.403
       6.272	 -0.450
       6.276	 -0.465
       6.280	 -0.445
       6.284	 -0.420
       6.288	 -0.390
       6.292	 -0.357
       6.296	 -0.318
       6.300	 -0.278
       6.304	 -0.240
       6.308	 -0.215
       6.312	 -0.195
       6.316	 -0.193
       6.320	 -0.170
       6.324	 -0.133
       6.328	 -0.092
       6.332	 -0.085
       6.336	 -0.080
       6.340	 -0.090
       6.344	 -0.113
       6.348	 -0.133
       6.352	 -0.138
       6.356	 -0.142
       6.360	 -0.155
       6.364	 -0.155
       6.368	 -0.150
       6.372	 -0.147
       6.376	 -0.133
       6.380	 -0.113
       6.384	 -0.090
       6.388	 -0.070
       6.392	 -0.072
       6.396	 -0.090
       6.400	 -0.105
       6.404	 -0.107
       6.408	 -0.115
       6.412	 -0.098
       6.416	 -0.098
       6.420	 -0.117
       6.424	 -0.138
       6.428	 -0.158
       6.432	 -0.172
       6.436	 -0.172
       6.440	 -0.170
       6.444	 -0.150
       6.448	 -0.152
       6.452	 -0.180
       6.456	 -0.228
       6.460	 -0.300
       6.464	 -0.388
       6.468	 -0.470
       6.472	 -0.530
       6.476	 -0.500
       6.480	 -0.405
       6.484	 -0.278
       6.488	 -0.165
       6.492	 -0.060
       6.496	  0.072
       6.500	  0.203
       6.504	  0.407
       6.508	  0.635
       6.512	  0.900
       6.516	  1.192
       6.520	  1.425
       6.524	  1.542
       6.528	  1.633
       6.532	  1.715
       6.536	  1.785
       6.540	  1.808
       6.544	  1.645
       6.548	  1.345
       6.552	  1.030
       6.556	  0.835
       6.560	  0.693
       6.564	  0.535
       6.568	  0.400
       6.572	  0.323
       6.576	  0.312
       6.580	  0.328
       6.584	  0.320
       6.588	  0.295
       6.592	  0.268
       6.596	  0.255
       6.600	  0.240
       6.604	  0.223
       6.608	  0.193
       6.612	  0.200
       6.616	  0.200
       6.620	  0.182
       6.624	  0.142
       6.628	  0.107
       6.632	  0.068
       6.636	  0.028
       6.640	 -0.037
       6.644	 -0.080
       6.648	 -0.098
       6.652	 -0.113
       6.656	 -0.135
       6.660	 -0.150
       6.664	 -0.165
       6.668	 -0.193
       6.672	 -0.225
       6.676	 -0.253
       6.680	 -0.285
       6.684	 -0.318
       6.688	 -0.357
       6.692	 -0.378
       6.696	 -0.367
       6.700	 -0.357
       6.704	 -0.338
       6.708	 -0.315
       6.712	 -0.268
       6.716	 -0.203
       6.720	 -0.163
       6.724	 -0.140
       6.728	 -0.120
       6.732	 -0.125
       6.736	 -0.125
       6.740	 -0.128
       6.744	 -0.125
       6.748	 -0.113
       6.752	 -0.087
       6.756	 -0.058
       6.760	 -0.058
       6.764	 -0.085
       6.768	 -0.138
       6.772	 -0.195
       6.776	 -0.247
       6.780	 -0.340
       6.784	 -0.445
       6.788	 -0.502
       6.792	 -0.475
       6.796	 -0.378
       6.800	 -0.335
       6.804	 -0.328
       6.808	 -0.270
       6.812	 -0.217
       6.816	 -0.163
       6.820	 -0.068
       6.824	  0.120
       6.828	  0.318
       6.832	  0.583
       6.836	  0.940
       6.840	  1.282
       6.844	  1.583
       6.848	  1.800
       6.852	  1.897
       6.856	  1.942
       6.860	  1.952
       6.864	  1.885
       6.868	  1.677
       6.872	  1.395
       6.876	  1.085
       6.880	  0.828
       6.884	  0.598
       6.888	  0.383
       6.892	  0.215
       6.896	  0.133
       6.900	  0.140
       6.904	  0.175
       6.908	  0.138
       6.912	  0.090
       6.916	  0.110
       6.920	  0.147
       6.924	  0.155
       6.928	  0.128
       6.932	  0.098
       6.936	  0.090
       6.940	  0.083
       6.944	  0.065
       6.948	  0.043
       6.952	  0.007
       6.956	 -0.050
       6.960	 -0.102
       6.964	 -0.152
       6.968	 -0.203
       6.972	 -0.247
       6.976	 -0.300
       6.980	 -0.360
       6.984	 -0.422
       6.988	 -0.470
       6.992	 -0.515
       6.996	 -0.522
       7.000	 -0.522
       7.004	 -0.495
       7.008	 -0.487
       7.012	 -0.510
       7.016	 -0.525
       7.020	 -0.525
       7.024	 -0.477
       7.028	 -0.405
       7.032	 -0.350
       7.036	 -0.315
       7.040	 -0.305
       7.044	 -0.278
       7.048	 -0.263
       7.052	 -0.250
       7.056	 -0.250
       7.060	 -0.270
       7.064	 -0.292
       7.068	 -0.295
       7.072	 -0.265
       7.076	 -0.217
       7.080	 -0.188
       7.084	 -0.172
       7.088	 -0.152
       7.092	 -0.155
       7.096	 -0.172
       7.100	 -0.188
       7.104	 -0.193
       7.108	 -0.193
       7.112	 -0.195
       7.116	 -0.188
       7.120	 -0.185
       7.124	 -0.177
       7.128	 -0.150
       7.132	 -0.138
       7.136	 -0.142
       7.140	 -0.172
       7.144	 -0.195
       7.148	 -0.185
       7.152	 -0.198
       7.156	 -0.217
       7.160	 -0.225
       7.164	 -0.225
       7.168	 -0.237
       7.172	 -0.242
       7.176	 -0.230
       7.180	 -0.228
       7.184	 -0.233
       7.188	 -0.230
       7.192	 -0.230
       7.196	 -0.225
       7.200	 -0.217
       7.204	 -0.220
       7.208	 -0.242
       7.212	 -0.300
       7.216	 -0.380
       7.220	 -0.450
       7.224	 -0.512
       7.228	 -0.507
       7.232	 -0.425
       7.236	 -0.278
       7.240	 -0.135
       7.244	  0.015
       7.248	  0.142
       7.252	  0.278
       7.256	  0.448
       7.260	  0.625
       7.264	  0.873
       7.268	  1.170
       7.272	  1.417
       7.276	  1.548
       7.280	  1.615
       7.284	  1.688
       7.288	  1.782
       7.292	  1.800
       7.296	  1.610
       7.300	  1.258
       7.304	  0.927
       7.308	  0.728
       7.312	  0.575
       7.316	  0.403
       7.320	  0.245
       7.324	  0.135
       7.328	  0.095
       7.332	  0.090
       7.336	  0.075
       7.340	  0.052
       7.344	  0.070
       7.348	  0.102
       7.352	  0.092
       7.356	  0.045
       7.360	  0.005
       7.364	 -0.022
       7.368	 -0.018
       7.372	  0.000
       7.376	 -0.028
       7.380	 -0.043
       7.384	 -0.060
       7.388	 -0.098
       7.392	 -0.125
       7.396	 -0.113
       7.400	 -0.102
       7.404	 -0.115
       7.408	 -0.147
       7.412	 -0.188
       7.416	 -0.237
       7.420	 -0.263
       7.424	 -0.282
       7.428	 -0.268
       7.432	 -0.260
       7.436	 -0.268
       7.440	 -0.273
       7.444	 -0.270
       7.448	 -0.265
       7.452	 -0.263
       7.456	 -0.263
       7.460	 -0.245
       7.464	 -0.217
       7.468	 -0.182
       7.472	 -0.170
       7.476	 -0.152
       7.480	 -0.142
       7.484	 -0.138
       7.488	 -0.120
       7.492	 -0.135
       7.496	 -0.160
       7.500	 -0.172
       7.504	 -0.193
       7.508	 -0.200
       7.512	 -0.203
       7.516	 -0.200
       7.520	 -0.207
       7.524	 -0.233
       7.528	 -0.253
       7.532	 -0.263
       7.536	 -0.260
       7.540	 -0.263
       7.544	 -0.292
       7.548	 -0.307
       7.552	 -0.310
       7.556	 -0.307
       7.560	 -0.295
       7.564	 -0.305
       7.568	 -0.312
       7.572	 -0.310
       7.576	 -0.305
       7.580	 -0.297
       7.584	 -0.295
       7.588	 -0.292
       7.592	 -0.297
       7.596	 -0.323
       7.600	 -0.357
       7.604	 -0.390
       7.608	 -0.435
       7.612	 -0.477
       7.616	 -0.512
       7.620	 -0.532
       7.624	 -0.475
       7.628	 -0.360
       7.632	 -0.265
       7.636	 -0.182
       7.640	 -0.098
       7.644	 -0.035
       7.648	  0.080
       7.652	  0.250
       7.656	  0.485
       7.660	  0.740
       7.664	  1.083
       7.668	  1.370
       7.672	  1.525
       7.676	  1.635
       7.680	  1.695
       7.684	  1.755
       7.688	  1.812
       7.692	  1.710
       7.696	  1.480
       7.700	  1.200
       7.704	  0.938
       7.708	  0.748
       7.712	  0.537
       7.716	  0.350
       7.720	  0.230
       7.724	  0.172
       7.728	  0.185
       7.732	  0.193
       7.736	  0.155
       7.740	  0.105
       7.744	  0.087
       7.748	  0.092
       7.752	  0.085
       7.756	  0.072
       7.760	  0.068
       7.764	  0.068
       7.768	  0.050
       7.772	  0.037
       7.776	  0.020
       7.780	  0.007
       7.784	 -0.020
       7.788	 -0.045
       7.792	 -0.062
       7.796	 -0.068
       7.800	 -0.068
       7.804	 -0.065
       7.808	 -0.072
       7.812	 -0.087
       7.816	 -0.120
       7.820	 -0.142
       7.824	 -0.175
       7.828	 -0.195
       7.832	 -0.225
       7.836	 -0.260
       7.840	 -0.295
       7.844	 -0.310
       7.848	 -0.310
       7.852	 -0.295
       7.856	 -0.273
       7.860	 -0.242
       7.864	 -0.217
       7.868	 -0.205
       7.872	 -0.185
       7.876	 -0.155
       7.880	 -0.133
       7.884	 -0.125
       7.888	 -0.128
       7.892	 -0.142
       7.896	 -0.155
       7.900	 -0.158
       7.904	 -0.155
       7.908	 -0.160
       7.912	 -0.180
       7.916	 -0.217
       7.920	 -0.268
       7.924	 -0.343
       7.928	 -0.432
       7.932	 -0.535
       7.936	 -0.570
       7.940	 -0.532
       7.944	 -0.480
       7.948	 -0.432
       7.952	 -0.365
       7.956	 -0.307
       7.960	 -0.245
       7.964	 -0.150
       7.968	  0.035
       7.972	  0.250
       7.976	  0.515
       7.980	  0.848
       7.984	  1.175
       7.988	  1.475
       7.992	  1.702
       7.996	  1.815
       8.000	  1.853
       8.004	  1.835
       8.008	  1.762
       8.012	  1.645
       8.016	  1.498
       8.020	  1.260
       8.024	  0.995
       8.028	  0.738
       8.032	  0.465
       8.036	  0.265
       8.040	  0.172
       8.044	  0.160
       8.048	  0.172
       8.052	  0.142
       8.056	  0.090
       8.060	  0.068
       8.064	  0.065
       8.068	  0.065
       8.072	  0.050
       8.076	  0.030
       8.080	  0.015
       8.084	 -0.025
       8.088	 -0.048
       8.092	 -0.075
       8.096	 -0.090
       8.100	 -0.095
       8.104	 -0.125
       8.108	 -0.180
       8.112	 -0.237
       8.116	 -0.295
       8.120	 -0.340
       8.124	 -0.383
       8.128	 -0.417
       8.132	 -0.450
       8.136	 -0.477
       8.140	 -0.512
       8.144	 -0.522
       8.148	 -0.522
       8.152	 -0.510
       8.156	 -0.492
       8.160	 -0.470
       8.164	 -0.432
       8.168	 -0.403
       8.172	 -0.380
       8.176	 -0.350
       8.180	 -0.310
       8.184	 -0.263
       8.188	 -0.220
       8.192	 -0.198
       8.196	 -0.182
       8.200	 -0.175
       8.204	 -0.177
       8.208	 -0.200
       8.212	 -0.225
       8.216	 -0.290
       8.220	 -0.375
       8.224	 -0.470
       8.228	 -0.497
       8.232	 -0.432
       8.236	 -0.360
       8.240	 -0.335
       8.244	 -0.333
       8.248	 -0.310
       8.252	 -0.253
       8.256	 -0.182
       8.260	 -0.062
       8.264	  0.107
       8.268	  0.278
       8.272	  0.545
       8.276	  0.855
       8.280	  1.145
       8.284	  1.413
       8.288	  1.587
       8.292	  1.655
       8.296	  1.685
       8.300	  1.695
       8.304	  1.665
       8.308	  1.550
       8.312	  1.343
       8.316	  1.058
       8.320	  0.795
       8.324	  0.520
       8.328	  0.270
       8.332	  0.107
       8.336	  0.035
       8.340	  0.060
       8.344	  0.113
       8.348	  0.128
       8.352	  0.107
       8.356	  0.105
       8.360	  0.120
       8.364	  0.120
       8.368	  0.092
       8.372	  0.070
       8.376	  0.072
       8.380	  0.062
       8.384	  0.020
       8.388	 -0.028
       8.392	 -0.048
       8.396	 -0.048
       8.400	 -0.070
       8.404	 -0.090
       8.408	 -0.125
       8.412	 -0.155
       8.416	 -0.198
       8.420	 -0.240
       8.424	 -0.273
       8.428	 -0.300
       8.432	 -0.335
       8.436	 -0.375
       8.440	 -0.412
       8.444	 -0.435
       8.448	 -0.468
       8.452	 -0.470
       8.456	 -0.455
       8.460	 -0.430
       8.464	 -0.407
       8.468	 -0.395
       8.472	 -0.367
       8.476	 -0.345
       8.480	 -0.335
       8.484	 -0.315
       8.488	 -0.290
       8.492	 -0.290
       8.496	 -0.307
       8.500	 -0.338
       8.504	 -0.403
       8.508	 -0.475
       8.512	 -0.542
       8.516	 -0.583
       8.520	 -0.517
       8.524	 -0.417
       8.528	 -0.340
       8.532	 -0.297
       8.536	 -0.275
       8.540	 -0.250
       8.544	 -0.195
       8.548	 -0.092
       8.552	  0.098
       8.556	  0.282
       8.560	  0.530
       8.564	  0.830
       8.568	  1.145
       8.572	  1.442
       8.576	  1.640
       8.580	  1.732
       8.584	  1.800
       8.588	  1.830
       8.592	  1.835
       8.596	  1.768
       8.600	  1.595
       8.604	  1.312
       8.608	  1.020
       8.612	  0.740
       8.616	  0.450
       8.620	  0.247
       8.624	  0.133
       8.628	  0.115
       8.632	  0.130
       8.636	  0.098
       8.640	  0.045
       8.644	  0.025
       8.648	  0.025
       8.652	  0.028
       8.656	  0.007
       8.660	 -0.028
       8.664	 -0.035
       8.668	 -0.037
       8.672	 -0.072
       8.676	 -0.107
       8.680	 -0.135
       8.684	 -0.180
       8.688	 -0.215
       8.692	 -0.275
       8.696	 -0.318
       8.700	 -0.335
       8.704	 -0.340
       8.708	 -0.355
       8.712	 -0.367
       8.716	 -0.388
       8.720	 -0.407
       8.724	 -0.440
       8.728	 -0.475
       8.732	 -0.510
       8.736	 -0.522
       8.740	 -0.510
       8.744	 -0.475
       8.748	 -0.453
       8.752	 -0.427
       8.756	 -0.407
       8.760	 -0.410
       8.764	 -0.400
       8.768	 -0.383
       8.772	 -0.350
       8.776	 -0.338
       8.780	 -0.343
       8.784	 -0.388
       8.788	 -0.445
       8.792	 -0.430
       8.796	 -0.345
       8.800	 -0.292
       8.804	 -0.253
       8.808	 -0.225
       8.812	 -0.198
       8.816	 -0.170
       8.820	 -0.090
       8.824	  0.043
       8.828	  0.207
       8.832	  0.367
       8.836	  0.588
       8.840	  0.805
       8.844	  1.085
       8.848	  1.390
       8.852	  1.590
       8.856	  1.685
       8.860	  1.752
       8.864	  1.758
       8.868	  1.712
       8.872	  1.595
       8.876	  1.373
       8.880	  1.100
       8.884	  0.853
       8.888	  0.593
       8.892	  0.338
       8.896	  0.170
       8.900	  0.085
       8.904	  0.095
       8.908	  0.125
       8.912	  0.105
       8.916	  0.070
       8.920	  0.040
       8.924	  0.030
       8.928	  0.058
       8.932	  0.052
       8.936	  0.060
       8.940	  0.052
       8.944	  0.007
       8.948	 -0.045
       8.952	 -0.072
       8.956	 -0.072
       8.960	 -0.083
       8.964	 -0.110
       8.968	 -0.180
       8.972	 -0.263
       8.976	 -0.330
       8.980	 -0.352
       8.984	 -0.385
       8.988	 -0.430
       8.992	 -0.475
       8.996	 -0.535
       9.000	 -0.570
       9.004	 -0.568
       9.008	 -0.552
       9.012	 -0.540
       9.016	 -0.522
       9.020	 -0.477
       9.024	 -0.443
       9.028	 -0.407
       9.032	 -0.390
       9.036	 -0.360
       9.040	 -0.318
       9.044	 -0.273
       9.048	 -0.247
       9.052	 -0.253
       9.056	 -0.290
       9.060	 -0.315
       9.064	 -0.330
       9.068	 -0.333
       9.072	 -0.333
       9.076	 -0.318
       9.080	 -0.320
       9.084	 -0.310
       9.088	 -0.270
       9.092	 -0.242
       9.096	 -0.203
       9.100	 -0.160
       9.104	 -0.133
       9.108	 -0.138
       9.112	 -0.150
       9.116	 -0.155
       9.120	 -0.152
       9.124	 -0.147
       9.128	 -0.172
       9.132	 -0.207
       9.136	 -0.263
       9.140	 -0.360
       9.144	 -0.417
       9.148	 -0.490
       9.152	 -0.522
       9.156	 -0.448
       9.160	 -0.345
       9.164	 -0.247
       9.168	 -0.150
       9.172	 -0.065
       9.176	 -0.020
       9.180	  0.018
       9.184	  0.087
       9.188	  0.210
       9.192	  0.400
       9.196	  0.745
       9.200	  1.110
       9.204	  1.357
       9.208	  1.567
       9.212	  1.768
       9.216	  1.890
       9.220	  1.927
       9.224	  1.800
       9.228	  1.505
       9.232	  1.117
       9.236	  0.795
       9.240	  0.605
       9.244	  0.427
       9.248	  0.278
       9.252	  0.215
       9.256	  0.152
       9.260	  0.138
       9.264	  0.152
       9.268	  0.158
       9.272	  0.150
       9.276	  0.155
       9.280	  0.150
       9.284	  0.133
       9.288	  0.130
       9.292	  0.125
       9.296	  0.133
       9.300	  0.110
       9.304	  0.083
       9.308	  0.080
       9.312	  0.075
       9.316	  0.062
       9.320	  0.020
       9.324	 -0.043
       9.328	 -0.080
       9.332	 -0.128
       9.336	 -0.140
       9.340	 -0.158
       9.344	 -0.175
       9.348	 -0.163
       9.352	 -0.180
       9.356	 -0.230
       9.360	 -0.273
       9.364	 -0.318
       9.368	 -0.352
       9.372	 -0.352
       9.376	 -0.357
       9.380	 -0.385
       9.384	 -0.407
       9.388	 -0.425
       9.392	 -0.430
       9.396	 -0.388
       9.400	 -0.352
       9.404	 -0.307
       9.408	 -0.268
       9.412	 -0.240
       9.416	 -0.228
       9.420	 -0.230
       9.424	 -0.275
       9.428	 -0.318
       9.432	 -0.345
       9.436	 -0.335
       9.440	 -0.312
       9.444	 -0.287
       9.448	 -0.278
       9.452	 -0.305
       9.456	 -0.365
       9.460	 -0.375
       9.464	 -0.340
       9.468	 -0.295
       9.472	 -0.265
       9.476	 -0.260
       9.480	 -0.282
       9.484	 -0.338
       9.488	 -0.417
       9.492	 -0.507
       9.496	 -0.578
       9.500	 -0.532
       9.504	 -0.407
       9.508	 -0.295
       9.512	 -0.185
       9.516	 -0.113
       9.520	 -0.043
       9.524	  0.048
       9.528	  0.182
       9.532	  0.403
       9.536	  0.682
       9.540	  1.048
       9.544	  1.385
       9.548	  1.617
       9.552	  1.770
       9.556	  1.840
       9.560	  1.887
       9.564	  1.905
       9.568	  1.820
       9.572	  1.583
       9.576	  1.285
       9.580	  0.970
       9.584	  0.740
       9.588	  0.545
       9.592	  0.305
       9.596	  0.120
       9.600	  0.028
       9.604	  0.003
       9.608	  0.037
       9.612	  0.068
       9.616	  0.022
       9.620	 -0.022
       9.624	 -0.022
       9.628	  0.003
       9.632	 -0.022
       9.636	 -0.052
       9.640	 -0.075
       9.644	 -0.085
       9.648	 -0.105
       9.652	 -0.147
       9.656	 -0.170
       9.660	 -0.165
       9.664	 -0.165
       9.668	 -0.203
       9.672	 -0.245
       9.676	 -0.282
       9.680	 -0.320
       9.684	 -0.352
       9.688	 -0.365
       9.692	 -0.383
       9.696	 -0.398
       9.700	 -0.407
       9.704	 -0.422
       9.708	 -0.453
       9.712	 -0.458
       9.716	 -0.458
       9.720	 -0.475
       9.724	 -0.458
       9.728	 -0.432
       9.732	 -0.432
       9.736	 -0.420
       9.740	 -0.395
       9.744	 -0.375
       9.748	 -0.365
       9.752	 -0.360
       9.756	 -0.360
       9.760	 -0.362
       9.764	 -0.352
       9.768	 -0.350
       9.772	 -0.352
       9.776	 -0.352
       9.780	 -0.350
       9.784	 -0.350
       9.788	 -0.352
       9.792	 -0.345
       9.796	 -0.350
       9.800	 -0.355
       9.804	 -0.367
       9.808	 -0.403
       9.812	 -0.485
       9.816	 -0.583
       9.820	 -0.667
       9.824	 -0.682
       9.828	 -0.605
       9.832	 -0.507
       9.836	 -0.450
       9.840	 -0.390
       9.844	 -0.320
       9.848	 -0.230
       9.852	 -0.138
       9.856	  0.045
       9.860	  0.285
       9.864	  0.557
       9.868	  0.917
       9.872	  1.290
       9.876	  1.565
       9.880	  1.772
       9.884	  1.865
       9.888	  1.883
       9.892	  1.883
       9.896	  1.847
       9.900	  1.718
       9.904	  1.530
       9.908	  1.255
       9.912	  0.975
       9.916	  0.698
       9.920	  0.388
       9.924	  0.152
       9.928	  0.040
       9.932	  0.015
       9.936	  0.035
       9.940	  0.037
       9.944	  0.000
       9.948	 -0.050
       9.952	 -0.065
       9.956	 -0.060
       9.960	 -0.087
       9.964	 -0.130
       9.968	 -0.150
       9.972	 -0.147
       9.976	 -0.177
       9.980	 -0.205
       9.984	 -0.217
       9.988	 -0.210
       9.992	 -0.230
       9.996	 -0.255
