   Elapsed_time	ECG
       0.000	 -0.050
       0.004	  0.013
       0.008	  0.025
       0.012	  0.045
       0.016	  0.065
       0.020	  0.115
       0.024	  0.122
       0.028	  0.122
       0.032	  0.125
       0.036	  0.150
       0.040	  0.195
       0.044	  0.278
       0.048	  0.330
       0.052	  0.345
       0.056	  0.350
       0.060	  0.320
       0.064	  0.320
       0.068	  0.292
       0.072	  0.260
       0.076	  0.305
       0.080	  0.318
       0.084	  0.338
       0.088	  0.333
       0.092	  0.305
       0.096	  0.265
       0.100	  0.200
       0.104	  0.135
       0.108	  0.098
       0.112	  0.105
       0.116	  0.098
       0.120	  0.125
       0.124	  0.200
       0.128	  0.273
       0.132	  0.330
       0.136	  0.365
       0.140	  0.362
       0.144	  0.338
       0.148	  0.265
       0.152	  0.212
       0.156	  0.158
       0.160	  0.098
       0.164	  0.045
       0.168	  0.005
       0.172	 -0.058
       0.176	 -0.070
       0.180	 -0.090
       0.184	 -0.117
       0.188	 -0.105
       0.192	 -0.130
       0.196	 -0.098
       0.200	 -0.052
       0.204	  0.000
       0.208	  0.005
       0.212	  0.013
       0.216	  0.060
       0.220	  0.092
       0.224	  0.122
       0.228	  0.142
       0.232	  0.110
       0.236	  0.033
       0.240	 -0.037
       0.244	  0.018
       0.248	  0.033
       0.252	  0.018
       0.256	 -0.083
       0.260	 -0.147
       0.264	 -0.190
       0.268	 -0.158
       0.272	 -0.110
       0.276	 -0.122
       0.280	 -0.125
       0.284	 -0.138
       0.288	 -0.147
       0.292	 -0.122
       0.296	 -0.065
       0.300	 -0.060
       0.304	  0.000
       0.308	  0.013
       0.312	  0.033
       0.316	  0.058
       0.320	  0.163
       0.324	  0.285
       0.328	  0.320
       0.332	  0.320
       0.336	  0.305
       0.340	  0.220
       0.344	  0.125
       0.348	  0.007
       0.352	 -0.098
       0.356	 -0.150
       0.360	 -0.170
       0.364	 -0.180
       0.368	 -0.168
       0.372	 -0.147
       0.376	 -0.135
       0.380	 -0.105
       0.384	 -0.085
       0.388	 -0.090
       0.392	 -0.117
       0.396	 -0.090
       0.400	 -0.102
       0.404	 -0.085
       0.408	 -0.065
       0.412	  0.000
       0.416	  0.058
       0.420	  0.125
       0.424	  0.125
       0.428	  0.117
       0.432	  0.072
       0.436	  0.052
       0.440	  0.058
       0.444	  0.028
       0.448	  0.072
       0.452	  0.065
       0.456	  0.037
       0.460	  0.045
       0.464	 -0.028
       0.468	 -0.060
       0.472	 -0.040
       0.476	 -0.025
       0.480	  0.013
       0.484	  0.007
       0.488	 -0.037
       0.492	 -0.025
       0.496	  0.060
       0.500	  0.115
       0.504	  0.207
       0.508	  0.233
       0.512	  0.268
       0.516	  0.305
       0.520	  0.338
       0.524	  0.320
       0.528	  0.273
       0.532	  0.150
       0.536	 -0.025
       0.540	 -0.223
       0.544	 -0.383
       0.548	 -0.515
       0.552	 -0.708
       0.556	 -0.895
       0.560	 -1.012
       0.564	 -1.145
       0.568	 -1.240
       0.572	 -0.995
       0.576	 -0.385
       0.580	  0.228
       0.584	  0.735
       0.588	  1.202
       0.592	  1.502
       0.596	  1.718
       0.600	  1.885
       0.604	  1.958
       0.608	  1.762
       0.612	  1.405
       0.616	  0.983
       0.620	  0.650
       0.624	  0.370
       0.628	  0.200
       0.632	  0.170
       0.636	  0.180
       0.640	  0.098
       0.644	  0.058
       0.648	  0.072
       0.652	  0.098
       0.656	  0.125
       0.660	  0.168
       0.664	  0.188
       0.668	  0.163
       0.672	  0.105
       0.676	  0.098
       0.680	  0.115
       0.684	  0.155
       0.688	  0.188
       0.692	  0.220
       0.696	  0.320
       0.700	  0.410
       0.704	  0.472
       0.708	  0.552
       0.712	  0.618
       0.716	  0.603
       0.720	  0.547
       0.724	  0.385
       0.728	  0.200
       0.732	  0.083
       0.736	  0.040
       0.740	  0.102
       0.744	  0.215
       0.748	  0.265
       0.752	  0.255
       0.756	  0.255
       0.760	  0.233
       0.764	  0.212
       0.768	  0.190
       0.772	  0.158
       0.776	  0.147
       0.780	  0.175
       0.784	  0.188
       0.788	  0.207
       0.792	  0.223
       0.796	  0.255
       0.800	  0.287
       0.804	  0.310
       0.808	  0.273
       0.812	  0.235
       0.816	  0.195
       0.820	  0.180
       0.824	  0.180
       0.828	  0.182
       0.832	  0.130
       0.836	  0.175
       0.840	  0.190
       0.844	  0.207
       0.848	  0.220
       0.852	  0.245
       0.856	  0.240
       0.860	  0.247
       0.864	  0.245
       0.868	  0.245
       0.872	  0.212
       0.876	  0.220
       0.880	  0.273
       0.884	  0.280
       0.888	  0.255
       0.892	  0.253
       0.896	  0.215
       0.900	  0.207
       0.904	  0.260
       0.908	  0.260
       0.912	  0.212
       0.916	  0.138
       0.920	  0.130
       0.924	  0.085
       0.928	  0.065
       0.932	  0.050
       0.936	  0.028
       0.940	  0.028
       0.944	  0.065
       0.948	  0.045
       0.952	 -0.050
       0.956	 -0.117
       0.960	 -0.070
       0.964	  0.045
       0.968	  0.105
       0.972	  0.168
       0.976	  0.180
       0.980	  0.115
       0.984	  0.065
       0.988	  0.058
       0.992	  0.058
       0.996	  0.090
       1.000	  0.115
       1.004	  0.147
       1.008	  0.122
       1.012	  0.102
       1.016	  0.098
       1.020	  0.142
       1.024	  0.142
       1.028	  0.115
       1.032	  0.115
       1.036	  0.170
       1.040	  0.188
       1.044	  0.175
       1.048	  0.138
       1.052	  0.180
       1.056	  0.330
       1.060	  0.505
       1.064	  0.635
       1.068	  0.585
       1.072	  0.385
       1.076	  0.220
       1.080	  0.085
       1.084	 -0.072
       1.088	 -0.163
       1.092	 -0.170
       1.096	 -0.110
       1.100	 -0.040
       1.104	  0.028
       1.108	  0.033
       1.112	  0.040
       1.116	  0.028
       1.120	  0.050
       1.124	  0.040
       1.128	  0.065
       1.132	  0.102
       1.136	  0.142
       1.140	  0.170
       1.144	  0.188
       1.148	  0.188
       1.152	  0.195
       1.156	  0.200
       1.160	  0.195
       1.164	  0.195
       1.168	  0.235
       1.172	  0.287
       1.176	  0.310
       1.180	  0.297
       1.184	  0.268
       1.188	  0.240
       1.192	  0.240
       1.196	  0.365
       1.200	  0.487
       1.204	  0.525
       1.208	  0.472
       1.212	  0.362
       1.216	  0.228
       1.220	  0.150
       1.224	  0.098
       1.228	  0.083
       1.232	  0.065
       1.236	  0.033
       1.240	 -0.092
       1.244	 -0.170
       1.248	 -0.292
       1.252	 -0.427
       1.256	 -0.527
       1.260	 -0.688
       1.264	 -0.873
       1.268	 -0.838
       1.272	 -0.390
       1.276	  0.168
       1.280	  0.677
       1.284	  1.085
       1.288	  1.357
       1.292	  1.567
       1.296	  1.800
       1.300	  1.893
       1.304	  1.772
       1.308	  1.430
       1.312	  1.025
       1.316	  0.690
       1.320	  0.415
       1.324	  0.223
       1.328	  0.247
       1.332	  0.338
       1.336	  0.390
       1.340	  0.370
       1.344	  0.330
       1.348	  0.292
       1.352	  0.287
       1.356	  0.320
       1.360	  0.357
       1.364	  0.343
       1.368	  0.310
       1.372	  0.280
       1.376	  0.285
       1.380	  0.297
       1.384	  0.297
       1.388	  0.300
       1.392	  0.343
       1.396	  0.398
       1.400	  0.422
       1.404	  0.443
       1.408	  0.427
       1.412	  0.378
       1.416	  0.280
       1.420	  0.223
       1.424	  0.195
       1.428	  0.220
       1.432	  0.235
       1.436	  0.285
       1.440	  0.320
       1.444	  0.338
       1.448	  0.330
       1.452	  0.338
       1.456	  0.338
       1.460	  0.343
       1.464	  0.330
       1.468	  0.330
       1.472	  0.352
       1.476	  0.333
       1.480	  0.312
       1.484	  0.343
       1.488	  0.395
       1.492	  0.422
       1.496	  0.398
       1.500	  0.343
       1.504	  0.278
       1.508	  0.212
       1.512	  0.207
       1.516	  0.188
       1.520	  0.158
       1.524	  0.150
       1.528	  0.155
       1.532	  0.138
       1.536	  0.098
       1.540	  0.052
       1.544	  0.037
       1.548	  0.028
       1.552	  0.007
       1.556	  0.000
       1.560	  0.005
       1.564	 -0.033
       1.568	 -0.070
       1.572	 -0.065
       1.576	 -0.052
       1.580	  0.000
       1.584	  0.040
       1.588	  0.060
       1.592	  0.018
       1.596	 -0.025
       1.600	 -0.083
       1.604	 -0.135
       1.608	 -0.168
       1.612	 -0.195
       1.616	 -0.200
       1.620	 -0.170
       1.624	 -0.182
       1.628	 -0.168
       1.632	 -0.163
       1.636	 -0.170
       1.640	 -0.168
       1.644	 -0.147
       1.648	 -0.150
       1.652	 -0.150
       1.656	 -0.168
       1.660	 -0.175
       1.664	 -0.150
       1.668	 -0.125
       1.672	 -0.105
       1.676	 -0.125
       1.680	 -0.115
       1.684	 -0.085
       1.688	 -0.085
       1.692	 -0.090
       1.696	 -0.105
       1.700	 -0.163
       1.704	 -0.188
       1.708	 -0.190
       1.712	 -0.200
       1.716	 -0.228
       1.720	 -0.235
       1.724	 -0.190
       1.728	 -0.105
       1.732	 -0.058
       1.736	  0.025
       1.740	  0.028
       1.744	  0.000
       1.748	  0.013
       1.752	  0.045
       1.756	  0.020
       1.760	 -0.025
       1.764	 -0.058
       1.768	 -0.072
       1.772	 -0.105
       1.776	 -0.115
       1.780	 -0.110
       1.784	 -0.102
       1.788	 -0.077
       1.792	  0.033
       1.796	  0.085
       1.800	  0.090
       1.804	  0.102
       1.808	  0.098
       1.812	  0.072
       1.816	  0.037
       1.820	 -0.037
       1.824	 -0.070
       1.828	  0.007
       1.832	  0.028
       1.836	  0.065
       1.840	  0.052
       1.844	  0.018
       1.848	 -0.033
       1.852	 -0.037
       1.856	 -0.052
       1.860	 -0.040
       1.864	 -0.025
       1.868	 -0.028
       1.872	 -0.037
       1.876	  0.007
       1.880	  0.037
       1.884	  0.028
       1.888	  0.025
       1.892	  0.033
       1.896	  0.085
       1.900	  0.195
       1.904	  0.273
       1.908	  0.235
       1.912	  0.125
       1.916	 -0.070
       1.920	 -0.170
       1.924	 -0.170
       1.928	 -0.115
       1.932	 -0.025
       1.936	  0.102
       1.940	  0.102
       1.944	  0.092
       1.948	  0.077
       1.952	  0.050
       1.956	  0.065
       1.960	  0.092
       1.964	  0.077
       1.968	  0.077
       1.972	  0.070
       1.976	  0.060
       1.980	  0.072
       1.984	  0.072
       1.988	  0.098
       1.992	  0.147
       1.996	  0.182
       2.000	  0.158
       2.004	  0.115
       2.008	  0.050
       2.012	  0.025
       2.016	  0.028
       2.020	  0.060
       2.024	  0.072
       2.028	  0.105
       2.032	  0.117
       2.036	  0.110
       2.040	  0.085
       2.044	  0.092
       2.048	  0.037
       2.052	 -0.025
       2.056	 -0.037
       2.060	  0.018
       2.064	  0.070
       2.068	  0.155
       2.072	  0.190
       2.076	  0.190
       2.080	  0.105
       2.084	  0.052
       2.088	  0.018
       2.092	 -0.025
       2.096	  0.007
       2.100	 -0.025
       2.104	  0.005
       2.108	  0.045
       2.112	  0.072
       2.116	  0.077
       2.120	  0.138
       2.124	  0.180
       2.128	  0.220
       2.132	  0.253
       2.136	  0.200
       2.140	  0.125
       2.144	  0.117
       2.148	  0.060
       2.152	  0.065
       2.156	  0.060
       2.160	  0.037
       2.164	  0.018
       2.168	  0.037
       2.172	  0.070
       2.176	  0.092
       2.180	  0.102
       2.184	  0.065
       2.188	  0.040
       2.192	  0.060
       2.196	  0.125
       2.200	  0.110
       2.204	  0.090
       2.208	  0.077
       2.212	  0.060
       2.216	  0.037
       2.220	  0.077
       2.224	  0.060
       2.228	  0.028
       2.232	  0.060
       2.236	  0.102
       2.240	  0.158
       2.244	  0.285
       2.248	  0.338
       2.252	  0.350
       2.256	  0.268
       2.260	  0.200
       2.264	  0.138
       2.268	  0.102
       2.272	  0.125
       2.276	  0.130
       2.280	  0.098
       2.284	  0.117
       2.288	  0.117
       2.292	  0.065
       2.296	  0.013
       2.300	  0.000
       2.304	 -0.028
       2.308	 -0.105
       2.312	 -0.122
       2.316	 -0.147
       2.320	 -0.115
       2.324	 -0.050
       2.328	  0.028
       2.332	  0.013
       2.336	  0.007
       2.340	  0.020
       2.344	  0.033
       2.348	  0.018
       2.352	 -0.020
       2.356	 -0.037
       2.360	  0.005
       2.364	  0.050
       2.368	  0.092
       2.372	  0.098
       2.376	  0.115
       2.380	  0.125
       2.384	  0.150
       2.388	  0.150
       2.392	  0.115
       2.396	  0.092
       2.400	  0.077
       2.404	  0.083
       2.408	  0.098
       2.412	  0.125
       2.416	  0.122
       2.420	  0.122
       2.424	  0.122
       2.428	  0.163
       2.432	  0.200
       2.436	  0.285
       2.440	  0.350
       2.444	  0.352
       2.448	  0.320
       2.452	  0.240
       2.456	  0.105
       2.460	  0.052
       2.464	  0.050
       2.468	  0.052
       2.472	  0.052
       2.476	  0.058
       2.480	  0.070
       2.484	  0.060
       2.488	  0.110
       2.492	  0.168
       2.496	  0.255
       2.500	  0.318
       2.504	  0.297
       2.508	  0.265
       2.512	  0.195
       2.516	  0.117
       2.520	  0.052
       2.524	  0.025
       2.528	  0.025
       2.532	  0.018
       2.536	  0.060
       2.540	  0.142
       2.544	  0.200
       2.548	  0.212
       2.552	  0.212
       2.556	  0.163
       2.560	  0.117
       2.564	  0.060
       2.568	  0.007
       2.572	  0.000
       2.576	  0.013
       2.580	  0.065
       2.584	  0.125
       2.588	  0.195
       2.592	  0.255
       2.596	  0.268
       2.600	  0.245
       2.604	  0.228
       2.608	  0.188
       2.612	  0.158
       2.616	  0.142
       2.620	  0.117
       2.624	  0.020
       2.628	 -0.083
       2.632	 -0.155
       2.636	 -0.300
       2.640	 -0.540
       2.644	 -0.797
       2.648	 -1.002
       2.652	 -1.045
       2.656	 -0.858
       2.660	 -0.280
       2.664	  0.395
       2.668	  1.073
       2.672	  1.670
       2.676	  2.075
       2.680	  2.275
       2.684	  2.263
       2.688	  2.067
       2.692	  1.677
       2.696	  1.210
       2.700	  0.797
       2.704	  0.520
       2.708	  0.278
       2.712	  0.147
       2.716	  0.170
       2.720	  0.273
       2.724	  0.278
       2.728	  0.215
       2.732	  0.130
       2.736	  0.115
       2.740	  0.142
       2.744	  0.215
       2.748	  0.240
       2.752	  0.207
       2.756	  0.223
       2.760	  0.287
       2.764	  0.305
       2.768	  0.255
       2.772	  0.195
       2.776	  0.175
       2.780	  0.228
       2.784	  0.285
       2.788	  0.320
       2.792	  0.350
       2.796	  0.375
       2.800	  0.385
       2.804	  0.410
       2.808	  0.383
       2.812	  0.390
       2.816	  0.427
       2.820	  0.482
       2.824	  0.532
       2.828	  0.570
       2.832	  0.552
       2.836	  0.515
       2.840	  0.527
       2.844	  0.500
       2.848	  0.398
       2.852	  0.338
       2.856	  0.312
       2.860	  0.318
       2.864	  0.320
       2.868	  0.357
       2.872	  0.422
       2.876	  0.527
       2.880	  0.573
       2.884	  0.618
       2.888	  0.618
       2.892	  0.545
       2.896	  0.480
       2.900	  0.390
       2.904	  0.338
       2.908	  0.320
       2.912	  0.325
       2.916	  0.370
       2.920	  0.448
       2.924	  0.540
       2.928	  0.642
       2.932	  0.635
       2.936	  0.557
       2.940	  0.448
       2.944	  0.365
       2.948	  0.325
       2.952	  0.300
       2.956	  0.247
       2.960	  0.223
       2.964	  0.207
       2.968	  0.233
       2.972	  0.280
       2.976	  0.338
       2.980	  0.365
       2.984	  0.330
       2.988	  0.253
       2.992	  0.212
       2.996	  0.207
       3.000	  0.233
       3.004	  0.233
       3.008	  0.207
       3.012	  0.207
       3.016	  0.190
       3.020	  0.200
       3.024	  0.155
       3.028	  0.147
       3.032	  0.175
       3.036	  0.268
       3.040	  0.312
       3.044	  0.305
       3.048	  0.245
       3.052	  0.212
       3.056	  0.168
       3.060	  0.163
       3.064	  0.142
       3.068	  0.092
       3.072	  0.070
       3.076	  0.092
       3.080	  0.130
       3.084	  0.180
       3.088	  0.245
       3.092	  0.297
       3.096	  0.310
       3.100	  0.265
       3.104	  0.240
       3.108	  0.142
       3.112	  0.045
       3.116	 -0.028
       3.120	 -0.052
       3.124	 -0.040
       3.128	  0.033
       3.132	  0.098
       3.136	  0.150
       3.140	  0.180
       3.144	  0.207
       3.148	  0.175
       3.152	  0.175
       3.156	  0.170
       3.160	  0.158
       3.164	  0.168
       3.168	  0.168
       3.172	  0.190
       3.176	  0.182
       3.180	  0.150
       3.184	  0.130
       3.188	  0.098
       3.192	  0.083
       3.196	  0.085
       3.200	  0.070
       3.204	  0.098
       3.208	  0.122
       3.212	  0.155
       3.216	  0.215
       3.220	  0.245
       3.224	  0.223
       3.228	  0.223
       3.232	  0.212
       3.236	  0.158
       3.240	  0.090
       3.244	  0.090
       3.248	  0.065
       3.252	  0.070
       3.256	  0.090
       3.260	  0.163
       3.264	  0.180
       3.268	  0.155
       3.272	  0.138
       3.276	  0.130
       3.280	  0.122
       3.284	  0.142
       3.288	  0.155
       3.292	  0.147
       3.296	  0.155
       3.300	  0.170
       3.304	  0.195
       3.308	  0.182
       3.312	  0.170
       3.316	  0.158
       3.320	  0.168
       3.324	  0.142
       3.328	  0.117
       3.332	  0.085
       3.336	  0.070
       3.340	  0.060
       3.344	  0.077
       3.348	  0.092
       3.352	  0.110
       3.356	  0.122
       3.360	  0.147
       3.364	  0.168
       3.368	  0.182
       3.372	  0.215
       3.376	  0.265
       3.380	  0.285
       3.384	  0.255
       3.388	  0.228
       3.392	  0.215
       3.396	  0.212
       3.400	  0.223
       3.404	  0.265
       3.408	  0.287
       3.412	  0.292
       3.416	  0.268
       3.420	  0.233
       3.424	  0.190
       3.428	  0.200
       3.432	  0.215
       3.436	  0.253
       3.440	  0.292
       3.444	  0.343
       3.448	  0.395
       3.452	  0.415
       3.456	  0.370
       3.460	  0.268
       3.464	  0.163
       3.468	  0.102
       3.472	  0.060
       3.476	  0.092
       3.480	  0.122
       3.484	  0.138
       3.488	  0.150
       3.492	  0.168
       3.496	  0.168
       3.500	  0.135
       3.504	  0.135
       3.508	  0.110
       3.512	  0.122
       3.516	  0.135
       3.520	  0.155
       3.524	  0.158
       3.528	  0.175
       3.532	  0.158
       3.536	  0.163
       3.540	  0.163
       3.544	  0.175
       3.548	  0.180
       3.552	  0.240
       3.556	  0.285
       3.560	  0.318
       3.564	  0.310
       3.568	  0.280
       3.572	  0.255
       3.576	  0.253
       3.580	  0.235
       3.584	  0.203
       3.588	  0.125
       3.592	  0.060
       3.596	  0.072
       3.600	  0.083
       3.604	  0.110
       3.608	  0.142
       3.612	  0.158
       3.616	  0.142
       3.620	  0.155
       3.624	  0.155
       3.628	  0.158
       3.632	  0.163
       3.636	  0.175
       3.640	  0.190
       3.644	  0.240
       3.648	  0.253
       3.652	  0.233
       3.656	  0.180
       3.660	  0.142
       3.664	  0.158
       3.668	  0.175
       3.672	  0.170
       3.676	  0.150
       3.680	  0.147
       3.684	  0.180
       3.688	  0.190
       3.692	  0.155
       3.696	  0.122
       3.700	  0.025
       3.704	  0.000
       3.708	  0.025
       3.712	  0.045
       3.716	  0.020
       3.720	  0.037
       3.724	  0.033
       3.728	  0.052
       3.732	  0.083
       3.736	  0.115
       3.740	  0.147
       3.744	  0.158
       3.748	  0.115
       3.752	  0.077
       3.756	  0.037
       3.760	  0.028
       3.764	  0.037
       3.768	  0.052
       3.772	  0.040
       3.776	  0.040
       3.780	  0.060
       3.784	  0.077
       3.788	  0.085
       3.792	  0.098
       3.796	  0.102
       3.800	  0.105
       3.804	  0.138
       3.808	  0.180
       3.812	  0.223
       3.816	  0.215
       3.820	  0.195
       3.824	  0.175
       3.828	  0.158
       3.832	  0.158
       3.836	  0.170
       3.840	  0.158
       3.844	  0.125
       3.848	  0.083
       3.852	  0.058
       3.856	 -0.025
       3.860	 -0.045
       3.864	 -0.045
       3.868	 -0.037
       3.872	 -0.028
       3.876	  0.005
       3.880	  0.028
       3.884	  0.060
       3.888	  0.085
       3.892	  0.077
       3.896	  0.072
       3.900	  0.060
       3.904	  0.058
       3.908	  0.060
       3.912	  0.070
       3.916	  0.072
       3.920	  0.072
       3.924	  0.060
       3.928	  0.052
       3.932	  0.020
       3.936	  0.050
       3.940	  0.115
       3.944	  0.195
       3.948	  0.235
       3.952	  0.207
       3.956	  0.142
       3.960	  0.090
       3.964	  0.037
       3.968	  0.018
       3.972	  0.000
       3.976	 -0.033
       3.980	  0.005
       3.984	  0.037
       3.988	  0.083
       3.992	  0.105
       3.996	  0.135
       4.000	  0.115
       4.004	  0.000
       4.008	 -0.180
       4.012	 -0.292
       4.016	 -0.450
       4.020	 -0.603
       4.024	 -0.765
       4.028	 -0.825
       4.032	 -0.830
       4.036	 -0.682
       4.040	 -0.203
       4.044	  0.403
       4.048	  0.970
       4.052	  1.500
       4.056	  1.845
       4.060	  2.060
       4.064	  2.118
       4.068	  2.060
       4.072	  1.815
       4.076	  1.438
       4.080	  1.028
       4.084	  0.710
       4.088	  0.443
       4.092	  0.247
       4.096	  0.190
       4.100	  0.207
       4.104	  0.245
       4.108	  0.220
       4.112	  0.212
       4.116	  0.195
       4.120	  0.247
       4.124	  0.300
       4.128	  0.285
       4.132	  0.180
       4.136	  0.098
       4.140	  0.092
       4.144	  0.125
       4.148	  0.138
       4.152	  0.142
       4.156	  0.135
       4.160	  0.150
       4.164	  0.180
       4.168	  0.182
       4.172	  0.175
       4.176	  0.195
       4.180	  0.223
       4.184	  0.245
       4.188	  0.240
       4.192	  0.245
       4.196	  0.215
       4.200	  0.180
       4.204	  0.182
       4.208	  0.155
       4.212	  0.147
       4.216	  0.200
       4.220	  0.265
       4.224	  0.297
       4.228	  0.285
       4.232	  0.280
       4.236	  0.310
       4.240	  0.305
       4.244	  0.338
       4.248	  0.345
       4.252	  0.318
       4.256	  0.292
       4.260	  0.292
       4.264	  0.297
       4.268	  0.297
       4.272	  0.300
       4.276	  0.305
       4.280	  0.310
       4.284	  0.330
       4.288	  0.378
       4.292	  0.427
       4.296	  0.448
       4.300	  0.422
       4.304	  0.352
       4.308	  0.207
       4.312	  0.077
       4.316	  0.025
       4.320	 -0.040
       4.324	 -0.083
       4.328	 -0.058
       4.332	 -0.050
       4.336	 -0.037
       4.340	  0.000
       4.344	  0.045
       4.348	  0.028
       4.352	  0.007
       4.356	 -0.025
       4.360	 -0.045
       4.364	 -0.060
       4.368	 -0.025
       4.372	  0.033
       4.376	  0.115
       4.380	  0.223
       4.384	  0.212
       4.388	  0.130
       4.392	  0.058
       4.396	 -0.072
       4.400	 -0.163
       4.404	 -0.203
       4.408	 -0.233
       4.412	 -0.233
       4.416	 -0.265
       4.420	 -0.255
       4.424	 -0.247
       4.428	 -0.203
       4.432	 -0.188
       4.436	 -0.147
       4.440	 -0.105
       4.444	 -0.092
       4.448	 -0.083
       4.452	 -0.045
       4.456	 -0.050
       4.460	 -0.060
       4.464	 -0.092
       4.468	 -0.142
       4.472	 -0.130
       4.476	 -0.033
       4.480	  0.098
       4.484	  0.147
       4.488	  0.122
       4.492	  0.018
       4.496	 -0.135
       4.500	 -0.207
       4.504	 -0.170
       4.508	 -0.147
       4.512	 -0.117
       4.516	 -0.130
       4.520	 -0.150
       4.524	 -0.182
       4.528	 -0.158
       4.532	 -0.070
       4.536	 -0.025
       4.540	  0.005
       4.544	  0.018
       4.548	  0.033
       4.552	  0.025
       4.556	  0.000
       4.560	 -0.052
       4.564	 -0.085
       4.568	 -0.070
       4.572	 -0.025
       4.576	  0.058
       4.580	  0.077
       4.584	  0.098
       4.588	  0.085
       4.592	  0.050
       4.596	 -0.025
       4.600	 -0.037
       4.604	 -0.040
       4.608	  0.000
       4.612	  0.020
       4.616	  0.020
       4.620	  0.037
       4.624	  0.052
       4.628	  0.060
       4.632	  0.070
       4.636	  0.122
       4.640	  0.200
       4.644	  0.253
       4.648	  0.255
       4.652	  0.195
       4.656	  0.105
       4.660	  0.040
       4.664	  0.045
       4.668	  0.020
       4.672	  0.013
       4.676	  0.040
       4.680	  0.077
       4.684	  0.098
       4.688	  0.083
       4.692	  0.065
       4.696	  0.070
       4.700	  0.040
       4.704	  0.060
       4.708	  0.110
       4.712	  0.168
       4.716	  0.155
       4.720	  0.142
       4.724	  0.190
       4.728	  0.228
       4.732	  0.200
       4.736	  0.175
       4.740	  0.090
       4.744	  0.025
       4.748	 -0.033
       4.752	  0.007
       4.756	  0.013
       4.760	  0.013
       4.764	  0.058
       4.768	  0.102
       4.772	  0.117
       4.776	  0.115
       4.780	  0.098
       4.784	  0.110
       4.788	  0.090
       4.792	  0.092
       4.796	  0.135
       4.800	  0.190
       4.804	  0.220
       4.808	  0.235
       4.812	  0.240
       4.816	  0.207
       4.820	  0.223
       4.824	  0.175
       4.828	  0.180
       4.832	  0.125
       4.836	  0.083
       4.840	  0.020
       4.844	  0.000
       4.848	  0.000
       4.852	  0.000
       4.856	 -0.028
       4.860	  0.025
       4.864	  0.005
       4.868	  0.013
       4.872	  0.028
       4.876	  0.065
       4.880	  0.050
       4.884	  0.020
       4.888	  0.028
       4.892	  0.025
       4.896	  0.013
       4.900	  0.045
       4.904	  0.050
       4.908	  0.033
       4.912	  0.037
       4.916	  0.007
       4.920	  0.000
       4.924	  0.020
       4.928	  0.060
       4.932	  0.060
       4.936	  0.083
       4.940	  0.085
       4.944	  0.058
       4.948	  0.060
       4.952	  0.072
       4.956	  0.085
       4.960	  0.135
       4.964	  0.125
       4.968	  0.115
       4.972	  0.098
       4.976	  0.105
       4.980	  0.102
       4.984	  0.102
       4.988	  0.098
       4.992	  0.077
       4.996	  0.135
       5.000	  0.195
       5.004	  0.228
       5.008	  0.212
       5.012	  0.158
       5.016	  0.070
       5.020	  0.050
       5.024	  0.045
       5.028	  0.040
       5.032	  0.013
       5.036	  0.013
       5.040	  0.028
       5.044	  0.122
       5.048	  0.265
       5.052	  0.370
       5.056	  0.375
       5.060	  0.287
       5.064	  0.158
       5.068	  0.052
       5.072	 -0.060
       5.076	 -0.117
       5.080	 -0.175
       5.084	 -0.280
       5.088	 -0.482
       5.092	 -0.723
       5.096	 -0.905
       5.100	 -1.080
       5.104	 -1.175
       5.108	 -1.113
       5.112	 -0.618
       5.116	  0.033
       5.120	  0.688
       5.124	  1.228
       5.128	  1.545
       5.132	  1.748
       5.136	  1.903
       5.140	  1.935
       5.144	  1.762
       5.148	  1.373
       5.152	  0.970
       5.156	  0.690
       5.160	  0.415
       5.164	  0.233
       5.168	  0.245
       5.172	  0.285
       5.176	  0.310
       5.180	  0.292
       5.184	  0.278
       5.188	  0.330
       5.192	  0.417
       5.196	  0.427
       5.200	  0.352
       5.204	  0.268
       5.208	  0.215
       5.212	  0.228
       5.216	  0.245
       5.220	  0.235
       5.224	  0.233
       5.228	  0.287
       5.232	  0.320
       5.236	  0.343
       5.240	  0.333
       5.244	  0.325
       5.248	  0.318
       5.252	  0.312
       5.256	  0.320
       5.260	  0.350
       5.264	  0.427
       5.268	  0.450
       5.272	  0.440
       5.276	  0.417
       5.280	  0.403
       5.284	  0.422
       5.288	  0.468
       5.292	  0.525
       5.296	  0.537
       5.300	  0.512
       5.304	  0.487
       5.308	  0.468
       5.312	  0.472
       5.316	  0.500
       5.320	  0.515
       5.324	  0.525
       5.328	  0.560
       5.332	  0.580
       5.336	  0.593
       5.340	  0.537
       5.344	  0.475
       5.348	  0.407
       5.352	  0.370
       5.356	  0.390
       5.360	  0.440
       5.364	  0.430
       5.368	  0.407
       5.372	  0.383
       5.376	  0.383
       5.380	  0.357
       5.384	  0.338
       5.388	  0.350
       5.392	  0.338
       5.396	  0.287
       5.400	  0.203
       5.404	  0.142
       5.408	  0.150
       5.412	  0.195
       5.416	  0.215
       5.420	  0.220
       5.424	  0.168
       5.428	  0.180
       5.432	  0.233
       5.436	  0.260
       5.440	  0.247
       5.444	  0.223
       5.448	  0.182
       5.452	  0.158
       5.456	  0.125
       5.460	  0.110
       5.464	  0.142
       5.468	  0.228
       5.472	  0.285
       5.476	  0.287
       5.480	  0.255
       5.484	  0.195
       5.488	  0.130
       5.492	  0.052
       5.496	  0.000
       5.500	 -0.065
       5.504	 -0.085
       5.508	 -0.098
       5.512	 -0.098
       5.516	 -0.102
       5.520	 -0.083
       5.524	 -0.072
       5.528	 -0.060
       5.532	 -0.058
       5.536	 -0.040
       5.540	 -0.028
       5.544	  0.020
       5.548	  0.028
       5.552	  0.058
       5.556	  0.098
       5.560	  0.150
       5.564	  0.168
       5.568	  0.150
       5.572	  0.110
       5.576	  0.092
       5.580	  0.070
       5.584	  0.050
       5.588	  0.020
       5.592	  0.018
       5.596	  0.025
       5.600	  0.033
       5.604	  0.052
       5.608	  0.065
       5.612	  0.083
       5.616	  0.105
       5.620	  0.138
       5.624	  0.147
       5.628	  0.158
       5.632	  0.155
       5.636	  0.158
       5.640	  0.147
       5.644	  0.150
       5.648	  0.142
       5.652	  0.155
       5.656	  0.168
       5.660	  0.195
       5.664	  0.220
       5.668	  0.260
       5.672	  0.352
       5.676	  0.450
       5.680	  0.455
       5.684	  0.378
       5.688	  0.228
       5.692	  0.060
       5.696	 -0.045
       5.700	 -0.085
       5.704	 -0.102
       5.708	 -0.098
       5.712	 -0.077
       5.716	 -0.052
       5.720	 -0.025
       5.724	  0.000
       5.728	  0.005
       5.732	  0.000
       5.736	  0.013
       5.740	  0.020
       5.744	  0.028
       5.748	  0.013
       5.752	  0.025
       5.756	  0.018
       5.760	  0.018
       5.764	  0.037
       5.768	  0.083
       5.772	  0.125
       5.776	  0.163
       5.780	  0.175
       5.784	  0.228
       5.788	  0.285
       5.792	  0.278
       5.796	  0.223
       5.800	  0.115
       5.804	 -0.037
       5.808	 -0.135
       5.812	 -0.163
       5.816	 -0.135
       5.820	 -0.102
       5.824	 -0.092
       5.828	 -0.065
       5.832	 -0.072
       5.836	 -0.085
       5.840	 -0.102
       5.844	 -0.090
       5.848	 -0.083
       5.852	 -0.070
       5.856	 -0.052
       5.860	 -0.045
       5.864	 -0.052
       5.868	 -0.052
       5.872	 -0.045
       5.876	 -0.025
       5.880	  0.005
       5.884	  0.013
       5.888	 -0.033
       5.892	 -0.052
       5.896	 -0.033
       5.900	 -0.065
       5.904	 -0.065
       5.908	 -0.060
       5.912	 -0.050
       5.916	 -0.050
       5.920	 -0.037
       5.924	 -0.037
       5.928	 -0.040
       5.932	 -0.045
       5.936	  0.000
       5.940	  0.000
       5.944	  0.000
       5.948	  0.000
       5.952	 -0.070
       5.956	 -0.163
       5.960	 -0.268
       5.964	 -0.362
       5.968	 -0.480
       5.972	 -0.703
       5.976	 -0.897
       5.980	 -1.060
       5.984	 -1.145
       5.988	 -1.052
       5.992	 -0.565
       5.996	  0.102
       6.000	  0.630
       6.004	  1.097
       6.008	  1.403
       6.012	  1.587
       6.016	  1.715
       6.020	  1.755
       6.024	  1.593
       6.028	  1.248
       6.032	  0.840
       6.036	  0.545
       6.040	  0.285
       6.044	  0.098
       6.048	  0.092
       6.052	  0.163
       6.056	  0.190
       6.060	  0.212
       6.064	  0.200
       6.068	  0.122
       6.072	  0.090
       6.076	  0.092
       6.080	  0.058
       6.084	  0.005
       6.088	 -0.058
       6.092	 -0.102
       6.096	 -0.040
       6.100	  0.020
       6.104	  0.072
       6.108	  0.092
       6.112	  0.117
       6.116	  0.110
       6.120	  0.105
       6.124	  0.135
       6.128	  0.168
       6.132	  0.155
       6.136	  0.175
       6.140	  0.245
       6.144	  0.300
       6.148	  0.310
       6.152	  0.312
       6.156	  0.300
       6.160	  0.325
       6.164	  0.350
       6.168	  0.378
       6.172	  0.333
       6.176	  0.223
       6.180	  0.215
       6.184	  0.265
       6.188	  0.278
       6.192	  0.240
       6.196	  0.220
       6.200	  0.190
       6.204	  0.195
       6.208	  0.223
       6.212	  0.278
       6.216	  0.297
       6.220	  0.305
       6.224	  0.330
       6.228	  0.333
       6.232	  0.292
       6.236	  0.287
       6.240	  0.297
       6.244	  0.255
       6.248	  0.190
       6.252	  0.180
       6.256	  0.220
       6.260	  0.253
       6.264	  0.253
       6.268	  0.278
       6.272	  0.305
       6.276	  0.285
       6.280	  0.233
       6.284	  0.190
       6.288	  0.115
       6.292	  0.092
       6.296	  0.060
       6.300	  0.050
       6.304	  0.007
       6.308	 -0.070
       6.312	 -0.090
       6.316	 -0.125
       6.320	 -0.110
       6.324	 -0.090
       6.328	 -0.050
       6.332	 -0.050
       6.336	 -0.050
       6.340	 -0.117
       6.344	 -0.115
       6.348	 -0.072
       6.352	 -0.083
       6.356	 -0.077
       6.360	 -0.033
       6.364	 -0.045
       6.368	 -0.037
       6.372	  0.028
       6.376	  0.065
       6.380	  0.070
       6.384	  0.033
       6.388	 -0.070
       6.392	 -0.065
       6.396	  0.070
       6.400	  0.142
       6.404	  0.125
       6.408	  0.028
       6.412	 -0.083
       6.416	 -0.110
       6.420	 -0.072
       6.424	 -0.083
       6.428	 -0.115
       6.432	 -0.142
       6.436	 -0.135
       6.440	 -0.110
       6.444	 -0.077
       6.448	 -0.098
       6.452	 -0.115
       6.456	 -0.122
       6.460	 -0.130
       6.464	 -0.105
       6.468	 -0.102
       6.472	 -0.135
       6.476	 -0.115
       6.480	 -0.115
       6.484	 -0.085
       6.488	 -0.037
       6.492	  0.025
       6.496	  0.033
       6.500	 -0.045
       6.504	 -0.085
       6.508	 -0.077
       6.512	 -0.045
       6.516	 -0.077
       6.520	 -0.037
       6.524	 -0.050
       6.528	 -0.102
       6.532	 -0.102
       6.536	 -0.045
       6.540	 -0.045
       6.544	 -0.028
       6.548	  0.028
       6.552	  0.018
       6.556	 -0.025
       6.560	  0.013
       6.564	  0.013
       6.568	  0.000
       6.572	  0.040
       6.576	  0.102
       6.580	  0.163
       6.584	  0.147
       6.588	  0.135
       6.592	  0.090
       6.596	  0.033
       6.600	 -0.033
       6.604	 -0.072
       6.608	 -0.147
       6.612	 -0.150
       6.616	 -0.130
       6.620	 -0.060
       6.624	  0.020
       6.628	  0.077
       6.632	  0.083
       6.636	  0.090
       6.640	  0.090
       6.644	  0.110
       6.648	  0.138
       6.652	  0.130
       6.656	  0.158
       6.660	  0.163
       6.664	  0.180
       6.668	  0.188
       6.672	  0.125
       6.676	  0.065
       6.680	  0.040
       6.684	  0.092
       6.688	  0.085
       6.692	  0.060
       6.696	  0.040
       6.700	 -0.058
       6.704	 -0.045
       6.708	 -0.040
       6.712	 -0.025
       6.716	 -0.028
       6.720	  0.033
       6.724	  0.070
       6.728	  0.072
       6.732	 -0.052
       6.736	 -0.215
       6.740	 -0.370
       6.744	 -0.625
       6.748	 -0.890
       6.752	 -1.073
       6.756	 -1.222
       6.760	 -1.210
       6.764	 -0.805
       6.768	 -0.168
       6.772	  0.430
       6.776	  0.983
       6.780	  1.383
       6.784	  1.657
       6.788	  1.893
       6.792	  1.990
       6.796	  1.897
       6.800	  1.552
       6.804	  1.090
       6.808	  0.688
       6.812	  0.390
       6.816	  0.135
       6.820	  0.085
       6.824	  0.150
       6.828	  0.190
       6.832	  0.175
       6.836	  0.163
       6.840	  0.158
       6.844	  0.170
       6.848	  0.207
       6.852	  0.223
       6.856	  0.180
       6.860	  0.142
       6.864	  0.102
       6.868	  0.092
       6.872	  0.092
       6.876	  0.142
       6.880	  0.163
       6.884	  0.203
       6.888	  0.220
       6.892	  0.200
       6.896	  0.255
       6.900	  0.280
       6.904	  0.240
       6.908	  0.130
       6.912	  0.065
       6.916	  0.050
       6.920	  0.130
       6.924	  0.207
       6.928	  0.312
       6.932	  0.385
       6.936	  0.375
       6.940	  0.345
       6.944	  0.287
       6.948	  0.223
       6.952	  0.207
       6.956	  0.182
       6.960	  0.235
       6.964	  0.280
       6.968	  0.297
       6.972	  0.292
       6.976	  0.350
       6.980	  0.407
       6.984	  0.455
       6.988	  0.505
       6.992	  0.448
       6.996	  0.370
       7.000	  0.265
       7.004	  0.223
       7.008	  0.190
       7.012	  0.195
       7.016	  0.155
       7.020	  0.117
       7.024	  0.122
       7.028	  0.138
       7.032	  0.142
       7.036	  0.180
       7.040	  0.175
       7.044	  0.158
       7.048	  0.122
       7.052	  0.142
       7.056	  0.215
       7.060	  0.273
       7.064	  0.255
       7.068	  0.207
       7.072	  0.138
       7.076	  0.102
       7.080	  0.115
       7.084	  0.182
       7.088	  0.312
       7.092	  0.352
       7.096	  0.350
       7.100	  0.320
       7.104	  0.233
       7.108	  0.158
       7.112	  0.147
       7.116	  0.092
       7.120	  0.040
       7.124	 -0.050
       7.128	 -0.025
       7.132	 -0.033
       7.136	  0.000
       7.140	  0.020
       7.144	  0.007
       7.148	  0.018
       7.152	  0.060
       7.156	  0.083
       7.160	  0.105
       7.164	  0.142
       7.168	  0.142
       7.172	  0.163
       7.176	  0.180
       7.180	  0.158
       7.184	  0.122
       7.188	  0.070
       7.192	  0.077
       7.196	  0.098
       7.200	  0.085
       7.204	  0.105
       7.208	  0.102
       7.212	  0.092
       7.216	  0.052
       7.220	  0.070
       7.224	  0.025
       7.228	  0.028
       7.232	  0.098
       7.236	  0.175
       7.240	  0.203
       7.244	  0.200
       7.248	  0.195
       7.252	  0.188
       7.256	  0.147
       7.260	  0.142
       7.264	  0.125
       7.268	  0.117
       7.272	  0.125
       7.276	  0.117
       7.280	  0.115
       7.284	  0.117
       7.288	  0.102
       7.292	  0.102
       7.296	  0.098
       7.300	  0.077
       7.304	  0.102
       7.308	  0.150
       7.312	  0.190
       7.316	  0.200
       7.320	  0.190
       7.324	  0.155
       7.328	  0.117
       7.332	  0.072
       7.336	  0.060
       7.340	  0.050
       7.344	  0.065
       7.348	  0.065
       7.352	  0.070
       7.356	  0.070
       7.360	  0.090
       7.364	  0.110
       7.368	  0.168
       7.372	  0.212
       7.376	  0.253
       7.380	  0.325
       7.384	  0.370
       7.388	  0.407
       7.392	  0.427
       7.396	  0.370
       7.400	  0.273
       7.404	  0.188
       7.408	  0.098
       7.412	  0.013
       7.416	 -0.060
       7.420	 -0.070
       7.424	 -0.058
       7.428	  0.045
       7.432	  0.092
       7.436	  0.122
       7.440	  0.083
       7.444	  0.060
       7.448	  0.050
       7.452	  0.007
       7.456	 -0.090
       7.460	 -0.168
       7.464	 -0.287
       7.468	 -0.482
       7.472	 -0.662
       7.476	 -0.805
       7.480	 -0.922
       7.484	 -0.877
       7.488	 -0.430
       7.492	  0.200
       7.496	  0.733
       7.500	  1.175
       7.504	  1.475
       7.508	  1.653
       7.512	  1.860
       7.516	  1.988
       7.520	  1.935
       7.524	  1.653
       7.528	  1.252
       7.532	  0.922
       7.536	  0.650
       7.540	  0.385
       7.544	  0.300
       7.548	  0.312
       7.552	  0.292
       7.556	  0.245
       7.560	  0.235
       7.564	  0.235
       7.568	  0.260
       7.572	  0.312
       7.576	  0.343
       7.580	  0.357
       7.584	  0.312
       7.588	  0.273
       7.592	  0.228
       7.596	  0.190
       7.600	  0.170
       7.604	  0.158
       7.608	  0.163
       7.612	  0.195
       7.616	  0.240
       7.620	  0.280
       7.624	  0.312
       7.628	  0.352
       7.632	  0.375
       7.636	  0.375
       7.640	  0.325
       7.644	  0.285
       7.648	  0.255
       7.652	  0.253
       7.656	  0.253
       7.660	  0.245
       7.664	  0.235
       7.668	  0.278
       7.672	  0.333
       7.676	  0.385
       7.680	  0.398
       7.684	  0.395
       7.688	  0.430
       7.692	  0.448
       7.696	  0.463
       7.700	  0.468
       7.704	  0.480
       7.708	  0.468
       7.712	  0.383
       7.716	  0.265
       7.720	  0.195
       7.724	  0.125
       7.728	  0.102
       7.732	  0.083
       7.736	  0.077
       7.740	  0.060
       7.744	  0.122
       7.748	  0.212
       7.752	  0.228
       7.756	  0.190
       7.760	  0.115
       7.764	  0.000
       7.768	 -0.115
       7.772	 -0.130
       7.776	 -0.092
       7.780	 -0.085
       7.784	 -0.092
       7.788	 -0.105
       7.792	 -0.135
       7.796	 -0.138
       7.800	 -0.130
       7.804	 -0.115
       7.808	 -0.060
       7.812	  0.025
       7.816	  0.050
       7.820	  0.037
       7.824	 -0.060
       7.828	 -0.135
       7.832	 -0.200
       7.836	 -0.223
       7.840	 -0.215
       7.844	 -0.200
       7.848	 -0.190
       7.852	 -0.168
       7.856	 -0.142
       7.860	 -0.117
       7.864	 -0.110
       7.868	 -0.135
       7.872	 -0.150
       7.876	 -0.188
       7.880	 -0.203
       7.884	 -0.200
       7.888	 -0.207
       7.892	 -0.168
       7.896	 -0.122
       7.900	 -0.138
       7.904	 -0.175
       7.908	 -0.215
       7.912	 -0.240
       7.916	 -0.240
       7.920	 -0.207
       7.924	 -0.163
       7.928	 -0.058
       7.932	  0.037
       7.936	  0.085
       7.940	  0.083
       7.944	  0.045
       7.948	 -0.050
       7.952	 -0.090
       7.956	 -0.168
       7.960	 -0.228
       7.964	 -0.268
       7.968	 -0.245
       7.972	 -0.182
       7.976	 -0.138
       7.980	 -0.102
       7.984	 -0.083
       7.988	 -0.050
       7.992	 -0.033
       7.996	  0.028
       8.000	  0.045
       8.004	  0.020
       8.008	 -0.033
       8.012	 -0.070
       8.016	 -0.105
       8.020	 -0.117
       8.024	 -0.150
       8.028	 -0.170
       8.032	 -0.155
       8.036	 -0.102
       8.040	 -0.092
       8.044	 -0.070
       8.048	 -0.037
       8.052	  0.050
       8.056	  0.098
       8.060	  0.125
       8.064	  0.072
       8.068	 -0.070
       8.072	 -0.122
       8.076	 -0.147
       8.080	 -0.138
       8.084	 -0.125
       8.088	 -0.122
       8.092	 -0.098
       8.096	 -0.083
       8.100	 -0.122
       8.104	 -0.092
       8.108	 -0.058
       8.112	 -0.033
       8.116	 -0.058
       8.120	 -0.052
       8.124	 -0.052
       8.128	  0.045
       8.132	  0.122
       8.136	  0.117
       8.140	  0.070
       8.144	 -0.033
       8.148	 -0.098
       8.152	 -0.110
       8.156	 -0.125
       8.160	 -0.110
       8.164	 -0.065
       8.168	  0.000
       8.172	  0.000
       8.176	  0.007
       8.180	  0.050
       8.184	  0.077
       8.188	  0.155
       8.192	  0.195
       8.196	  0.207
       8.200	  0.200
       8.204	  0.188
       8.208	  0.077
       8.212	  0.007
       8.216	 -0.060
       8.220	 -0.098
       8.224	 -0.105
       8.228	 -0.105
       8.232	 -0.098
       8.236	 -0.070
       8.240	  0.000
       8.244	  0.083
       8.248	  0.092
       8.252	  0.138
       8.256	  0.212
       8.260	  0.292
       8.264	  0.312
       8.268	  0.297
       8.272	  0.182
       8.276	  0.072
       8.280	 -0.045
       8.284	 -0.110
       8.288	 -0.168
       8.292	 -0.138
       8.296	 -0.125
       8.300	 -0.072
       8.304	 -0.060
       8.308	 -0.065
       8.312	  0.007
       8.316	  0.028
       8.320	  0.028
       8.324	  0.028
       8.328	  0.050
       8.332	  0.060
       8.336	  0.077
       8.340	  0.090
       8.344	  0.072
       8.348	  0.060
       8.352	  0.130
       8.356	  0.203
       8.360	  0.245
       8.364	  0.280
       8.368	  0.297
       8.372	  0.223
       8.376	  0.125
       8.380	  0.018
       8.384	 -0.077
       8.388	 -0.090
       8.392	 -0.102
       8.396	 -0.135
       8.400	 -0.142
       8.404	 -0.090
       8.408	 -0.052
       8.412	  0.005
       8.416	  0.020
       8.420	 -0.025
       8.424	  0.007
       8.428	  0.060
       8.432	  0.050
       8.436	  0.065
       8.440	  0.142
       8.444	  0.320
       8.448	  0.492
       8.452	  0.540
       8.456	  0.480
       8.460	  0.395
       8.464	  0.305
       8.468	  0.195
       8.472	  0.168
       8.476	  0.125
       8.480	  0.098
       8.484	  0.125
       8.488	  0.122
       8.492	  0.060
       8.496	 -0.045
       8.500	 -0.130
       8.504	 -0.135
       8.508	 -0.085
       8.512	 -0.045
       8.516	 -0.052
       8.520	  0.033
       8.524	  0.037
       8.528	  0.060
       8.532	  0.072
       8.536	  0.058
       8.540	  0.028
       8.544	  0.060
       8.548	  0.102
       8.552	  0.092
       8.556	  0.060
       8.560	  0.000
       8.564	 -0.098
       8.568	 -0.105
       8.572	 -0.070
       8.576	 -0.050
       8.580	 -0.058
       8.584	  0.005
       8.588	 -0.020
       8.592	 -0.045
       8.596	  0.000
       8.600	 -0.050
       8.604	 -0.060
       8.608	 -0.060
       8.612	 -0.028
       8.616	 -0.037
       8.620	 -0.142
       8.624	 -0.268
       8.628	 -0.422
       8.632	 -0.635
       8.636	 -0.830
       8.640	 -0.993
       8.644	 -1.052
       8.648	 -1.040
       8.652	 -0.675
       8.656	 -0.090
       8.660	  0.482
       8.664	  1.067
       8.668	  1.458
       8.672	  1.643
       8.676	  1.795
       8.680	  1.827
       8.684	  1.677
       8.688	  1.312
       8.692	  0.870
       8.696	  0.512
       8.700	  0.278
       8.704	  0.102
       8.708	  0.102
       8.712	  0.188
       8.716	  0.297
       8.720	  0.410
       8.724	  0.450
       8.728	  0.415
       8.732	  0.297
       8.736	  0.168
       8.740	  0.040
       8.744	  0.005
       8.748	 -0.037
       8.752	  0.000
       8.756	  0.050
       8.760	  0.083
       8.764	  0.065
       8.768	  0.115
       8.772	  0.278
       8.776	  0.357
       8.780	  0.375
       8.784	  0.338
       8.788	  0.297
       8.792	  0.255
       8.796	  0.240
       8.800	  0.180
       8.804	  0.175
       8.808	  0.220
       8.812	  0.365
       8.816	  0.507
       8.820	  0.613
       8.824	  0.580
       8.828	  0.455
       8.832	  0.310
       8.836	  0.223
       8.840	  0.115
       8.844	  0.052
       8.848	  0.033
       8.852	  0.072
       8.856	  0.122
       8.860	  0.147
       8.864	  0.170
       8.868	  0.190
       8.872	  0.188
       8.876	  0.180
       8.880	  0.180
       8.884	  0.142
       8.888	  0.125
       8.892	  0.155
       8.896	  0.168
       8.900	  0.170
       8.904	  0.182
       8.908	  0.240
       8.912	  0.292
       8.916	  0.300
       8.920	  0.297
       8.924	  0.253
       8.928	  0.200
       8.932	  0.155
       8.936	  0.110
       8.940	  0.060
       8.944	  0.090
       8.948	  0.125
       8.952	  0.147
       8.956	  0.125
       8.960	  0.102
       8.964	  0.070
       8.968	  0.025
       8.972	 -0.072
       8.976	 -0.077
       8.980	  0.007
       8.984	  0.070
       8.988	  0.105
       8.992	  0.070
       8.996	 -0.040
       9.000	 -0.098
       9.004	 -0.025
       9.008	  0.028
       9.012	  0.013
       9.016	 -0.040
       9.020	  0.005
       9.024	  0.072
       9.028	  0.175
       9.032	  0.195
       9.036	  0.130
       9.040	  0.052
       9.044	  0.028
       9.048	 -0.040
       9.052	 -0.072
       9.056	 -0.052
       9.060	 -0.050
       9.064	  0.013
       9.068	  0.060
       9.072	  0.092
       9.076	  0.085
       9.080	  0.085
       9.084	  0.077
       9.088	  0.037
       9.092	 -0.050
       9.096	 -0.098
       9.100	 -0.200
       9.104	 -0.215
       9.108	 -0.170
       9.112	 -0.105
       9.116	 -0.058
       9.120	  0.040
       9.124	  0.045
       9.128	  0.090
       9.132	  0.125
       9.136	  0.110
       9.140	  0.033
       9.144	  0.018
       9.148	  0.005
       9.152	  0.025
       9.156	  0.058
       9.160	  0.125
       9.164	  0.190
       9.168	  0.255
       9.172	  0.318
       9.176	  0.333
       9.180	  0.240
       9.184	  0.170
       9.188	  0.207
       9.192	  0.247
       9.196	  0.285
       9.200	  0.255
       9.204	  0.228
       9.208	  0.203
       9.212	  0.200
       9.216	  0.188
       9.220	  0.207
       9.224	  0.212
       9.228	  0.228
       9.232	  0.233
       9.236	  0.220
       9.240	  0.150
       9.244	  0.228
       9.248	  0.338
       9.252	  0.415
       9.256	  0.415
       9.260	  0.357
       9.264	  0.255
       9.268	  0.147
       9.272	  0.058
       9.276	  0.020
       9.280	  0.050
       9.284	  0.125
       9.288	  0.175
       9.292	  0.200
       9.296	  0.190
       9.300	  0.212
       9.304	  0.245
       9.308	  0.240
       9.312	  0.190
       9.316	  0.110
       9.320	  0.050
       9.324	  0.025
       9.328	  0.060
       9.332	  0.090
       9.336	  0.115
       9.340	  0.110
       9.344	  0.138
       9.348	  0.203
       9.352	  0.287
       9.356	  0.320
       9.360	  0.375
       9.364	  0.448
       9.368	  0.480
       9.372	  0.448
       9.376	  0.357
       9.380	  0.228
       9.384	  0.122
       9.388	  0.060
       9.392	  0.060
       9.396	  0.060
       9.400	  0.060
       9.404	  0.090
       9.408	  0.130
       9.412	  0.155
       9.416	  0.092
       9.420	  0.040
       9.424	  0.025
       9.428	  0.037
       9.432	  0.070
       9.436	  0.175
       9.440	  0.255
       9.444	  0.300
       9.448	  0.280
       9.452	  0.220
       9.456	  0.203
       9.460	  0.228
       9.464	  0.212
       9.468	  0.182
       9.472	  0.182
       9.476	  0.182
       9.480	  0.203
       9.484	  0.207
       9.488	  0.200
       9.492	  0.200
       9.496	  0.215
       9.500	  0.253
       9.504	  0.260
       9.508	  0.215
       9.512	  0.195
       9.516	  0.170
       9.520	  0.182
       9.524	  0.207
       9.528	  0.297
       9.532	  0.343
       9.536	  0.350
       9.540	  0.292
       9.544	  0.223
       9.548	  0.170
       9.552	  0.180
       9.556	  0.180
       9.560	  0.190
       9.564	  0.207
       9.568	  0.212
       9.572	  0.203
       9.576	  0.188
       9.580	  0.182
       9.584	  0.200
       9.588	  0.207
       9.592	  0.190
       9.596	  0.182
       9.600	  0.223
       9.604	  0.255
       9.608	  0.287
       9.612	  0.320
       9.616	  0.260
       9.620	  0.240
       9.624	  0.278
       9.628	  0.305
       9.632	  0.273
       9.636	  0.190
       9.640	  0.065
       9.644	  0.000
       9.648	 -0.090
       9.652	 -0.117
       9.656	 -0.105
       9.660	 -0.083
       9.664	 -0.065
       9.668	 -0.040
       9.672	 -0.025
       9.676	 -0.050
       9.680	 -0.060
       9.684	 -0.058
       9.688	 -0.033
       9.692	  0.020
       9.696	  0.125
       9.700	  0.273
       9.704	  0.343
       9.708	  0.338
       9.712	  0.253
       9.716	  0.060
       9.720	 -0.098
       9.724	 -0.188
       9.728	 -0.203
       9.732	 -0.207
       9.736	 -0.190
       9.740	 -0.147
       9.744	 -0.083
       9.748	 -0.045
       9.752	 -0.033
       9.756	 -0.037
       9.760	 -0.033
       9.764	 -0.040
       9.768	  0.000
       9.772	  0.007
       9.776	  0.007
       9.780	  0.018
       9.784	  0.037
       9.788	  0.033
       9.792	  0.060
       9.796	  0.142
       9.800	  0.285
       9.804	  0.410
       9.808	  0.435
       9.812	  0.448
       9.816	  0.455
       9.820	  0.403
       9.824	  0.273
       9.828	  0.138
       9.832	 -0.033
       9.836	 -0.130
       9.840	 -0.155
       9.844	 -0.170
       9.848	 -0.203
       9.852	 -0.235
       9.856	 -0.253
       9.860	 -0.212
       9.864	 -0.158
       9.868	 -0.102
       9.872	 -0.060
       9.876	 -0.033
       9.880	  0.000
       9.884	  0.005
       9.888	 -0.037
       9.892	 -0.110
       9.896	 -0.115
       9.900	 -0.117
       9.904	 -0.130
       9.908	 -0.105
       9.912	 -0.077
       9.916	 -0.105
       9.920	 -0.110
       9.924	 -0.092
       9.928	 -0.085
       9.932	 -0.077
       9.936	 -0.070
       9.940	 -0.060
       9.944	  0.018
       9.948	  0.083
       9.952	  0.158
       9.956	  0.190
       9.960	  0.207
       9.964	  0.190
       9.968	  0.122
       9.972	  0.000
       9.976	 -0.098
       9.980	 -0.155
       9.984	 -0.220
       9.988	 -0.268
       9.992	 -0.370
       9.996	 -0.532
