Elapsed_time	ECG
       0.000	 -0.215
       0.004	 -0.200
       0.008	 -0.180
       0.012	 -0.180
       0.016	 -0.195
       0.020	 -0.195
       0.024	 -0.185
       0.028	 -0.190
       0.032	 -0.190
       0.036	 -0.190
       0.040	 -0.175
       0.044	 -0.180
       0.048	 -0.180
       0.052	 -0.185
       0.056	 -0.170
       0.060	 -0.180
       0.064	 -0.180
       0.068	 -0.180
       0.072	 -0.170
       0.076	 -0.170
       0.080	 -0.175
       0.084	 -0.185
       0.088	 -0.185
       0.092	 -0.185
       0.096	 -0.180
       0.100	 -0.185
       0.104	 -0.180
       0.108	 -0.170
       0.112	 -0.160
       0.116	 -0.160
       0.120	 -0.165
       0.124	 -0.180
       0.128	 -0.190
       0.132	 -0.190
       0.136	 -0.200
       0.140	 -0.195
       0.144	 -0.205
       0.148	 -0.205
       0.152	 -0.220
       0.156	 -0.215
       0.160	 -0.225
       0.164	 -0.215
       0.168	 -0.230
       0.172	 -0.230
       0.176	 -0.245
       0.180	 -0.250
       0.184	 -0.255
       0.188	 -0.250
       0.192	 -0.255
       0.196	 -0.250
       0.200	 -0.260
       0.204	 -0.260
       0.208	 -0.260
       0.212	 -0.250
       0.216	 -0.240
       0.220	 -0.235
       0.224	 -0.230
       0.228	 -0.215
       0.232	 -0.195
       0.236	 -0.180
       0.240	 -0.160
       0.244	 -0.150
       0.248	 -0.125
       0.252	 -0.110
       0.256	 -0.075
       0.260	 -0.055
       0.264	  0.005
       0.268	  0.030
       0.272	  0.070
       0.276	  0.090
       0.280	  0.125
       0.284	  0.150
       0.288	  0.175
       0.292	  0.190
       0.296	  0.215
       0.300	  0.220
       0.304	  0.230
       0.308	  0.235
       0.312	  0.235
       0.316	  0.235
       0.320	  0.235
       0.324	  0.225
       0.328	  0.220
       0.332	  0.220
       0.336	  0.210
       0.340	  0.215
       0.344	  0.200
       0.348	  0.195
       0.352	  0.180
       0.356	  0.180
       0.360	  0.170
       0.364	  0.175
       0.368	  0.170
       0.372	  0.165
       0.376	  0.150
       0.380	  0.150
       0.384	  0.140
       0.388	  0.140
       0.392	  0.125
       0.396	  0.130
       0.400	  0.135
       0.404	  0.145
       0.408	  0.145
       0.412	  0.150
       0.416	  0.155
       0.420	  0.150
       0.424	  0.155
       0.428	  0.155
       0.432	  0.165
       0.436	  0.155
       0.440	  0.160
       0.444	  0.160
       0.448	  0.175
       0.452	  0.175
       0.456	  0.180
       0.460	  0.175
       0.464	  0.180
       0.468	  0.165
       0.472	  0.170
       0.476	  0.165
       0.480	  0.160
       0.484	  0.155
       0.488	  0.160
       0.492	  0.155
       0.496	  0.165
       0.500	  0.170
       0.504	  0.170
       0.508	  0.160
       0.512	  0.160
       0.516	  0.165
       0.520	  0.160
       0.524	  0.155
       0.528	  0.150
       0.532	  0.160
       0.536	  0.155
       0.540	  0.160
       0.544	  0.150
       0.548	  0.150
       0.552	  0.145
       0.556	  0.150
       0.560	  0.150
       0.564	  0.155
       0.568	  0.155
       0.572	  0.160
       0.576	  0.165
       0.580	  0.190
       0.584	  0.195
       0.588	  0.210
       0.592	  0.205
       0.596	  0.215
       0.600	  0.210
       0.604	  0.220
       0.608	  0.230
       0.612	  0.250
       0.616	  0.275
       0.620	  0.290
       0.624	  0.310
       0.628	  0.335
       0.632	  0.375
       0.636	  0.390
       0.640	  0.390
       0.644	  0.345
       0.648	  0.315
       0.652	  0.270
       0.656	  0.215
       0.660	  0.170
       0.664	  0.145
       0.668	  0.100
       0.672	  0.080
       0.676	  0.055
       0.680	  0.040
       0.684	  0.025
       0.688	  0.020
       0.692	  0.020
       0.696	  0.020
       0.700	  0.015
       0.704	  0.025
       0.708	  0.030
       0.712	  0.020
       0.716	  0.020
       0.720	  0.010
       0.724	  0.000
       0.728	 -0.035
       0.732	 -0.075
       0.736	 -0.155
       0.740	 -0.210
       0.744	 -0.225
       0.748	 -0.155
       0.752	  0.010
       0.756	  0.295
       0.760	  0.645
       0.764	  1.005
       0.768	  1.345
       0.772	  1.720
       0.776	  2.035
       0.780	  2.225
       0.784	  2.325
       0.788	  2.225
       0.792	  1.920
       0.796	  1.295
       0.800	  0.605
       0.804	  0.115
       0.808	 -0.195
       0.812	 -0.290
       0.816	 -0.275
       0.820	 -0.290
       0.824	 -0.330
       0.828	 -0.325
       0.832	 -0.265
       0.836	 -0.245
       0.840	 -0.270
       0.844	 -0.280
       0.848	 -0.250
       0.852	 -0.235
       0.856	 -0.245
       0.860	 -0.265
       0.864	 -0.250
       0.868	 -0.255
       0.872	 -0.260
       0.876	 -0.275
       0.880	 -0.260
       0.884	 -0.255
       0.888	 -0.250
       0.892	 -0.265
       0.896	 -0.260
       0.900	 -0.250
       0.904	 -0.250
       0.908	 -0.255
       0.912	 -0.255
       0.916	 -0.245
       0.920	 -0.245
       0.924	 -0.250
       0.928	 -0.245
       0.932	 -0.235
       0.936	 -0.245
       0.940	 -0.245
       0.944	 -0.250
       0.948	 -0.250
       0.952	 -0.255
       0.956	 -0.245
       0.960	 -0.260
       0.964	 -0.245
       0.968	 -0.260
       0.972	 -0.260
       0.976	 -0.280
       0.980	 -0.280
       0.984	 -0.280
       0.988	 -0.280
       0.992	 -0.280
       0.996	 -0.280
       1.000	 -0.280
       1.004	 -0.285
       1.008	 -0.300
       1.012	 -0.305
       1.016	 -0.310
       1.020	 -0.315
       1.024	 -0.320
       1.028	 -0.325
       1.032	 -0.325
       1.036	 -0.330
       1.040	 -0.325
       1.044	 -0.330
       1.048	 -0.325
       1.052	 -0.320
       1.056	 -0.305
       1.060	 -0.300
       1.064	 -0.290
       1.068	 -0.290
       1.072	 -0.275
       1.076	 -0.265
       1.080	 -0.240
       1.084	 -0.230
       1.088	 -0.205
       1.092	 -0.185
       1.096	 -0.155
       1.100	 -0.120
       1.104	 -0.095
       1.108	 -0.070
       1.112	 -0.040
       1.116	  0.025
       1.120	  0.050
       1.124	  0.070
       1.128	  0.095
       1.132	  0.125
       1.136	  0.135
       1.140	  0.150
       1.144	  0.155
       1.148	  0.165
       1.152	  0.160
       1.156	  0.180
       1.160	  0.170
       1.164	  0.170
       1.168	  0.155
       1.172	  0.155
       1.176	  0.150
       1.180	  0.150
       1.184	  0.145
       1.188	  0.130
       1.192	  0.120
       1.196	  0.120
       1.200	  0.120
       1.204	  0.115
       1.208	  0.105
       1.212	  0.100
       1.216	  0.095
       1.220	  0.090
       1.224	  0.080
       1.228	  0.080
       1.232	  0.080
       1.236	  0.075
       1.240	  0.080
       1.244	  0.080
       1.248	  0.090
       1.252	  0.090
       1.256	  0.105
       1.260	  0.100
       1.264	  0.115
       1.268	  0.110
       1.272	  0.115
       1.276	  0.110
       1.280	  0.115
       1.284	  0.110
       1.288	  0.120
       1.292	  0.115
       1.296	  0.115
       1.300	  0.115
       1.304	  0.115
       1.308	  0.115
       1.312	  0.115
       1.316	  0.125
       1.320	  0.120
       1.324	  0.115
       1.328	  0.115
       1.332	  0.130
       1.336	  0.120
       1.340	  0.130
       1.344	  0.130
       1.348	  0.140
       1.352	  0.130
       1.356	  0.140
       1.360	  0.125
       1.364	  0.130
       1.368	  0.125
       1.372	  0.135
       1.376	  0.130
       1.380	  0.135
       1.384	  0.125
       1.388	  0.120
       1.392	  0.110
       1.396	  0.115
       1.400	  0.115
       1.404	  0.120
       1.408	  0.120
       1.412	  0.125
       1.416	  0.125
       1.420	  0.145
       1.424	  0.170
       1.428	  0.185
       1.432	  0.195
       1.436	  0.185
       1.440	  0.195
       1.444	  0.190
       1.448	  0.200
       1.452	  0.210
       1.456	  0.235
       1.460	  0.245
       1.464	  0.270
       1.468	  0.285
       1.472	  0.315
       1.476	  0.340
       1.480	  0.375
       1.484	  0.375
       1.488	  0.345
       1.492	  0.310
       1.496	  0.290
       1.500	  0.240
       1.504	  0.195
       1.508	  0.145
       1.512	  0.110
       1.516	  0.085
       1.520	  0.065
       1.524	  0.050
       1.528	  0.035
       1.532	  0.040
       1.536	  0.035
       1.540	  0.035
       1.544	  0.025
       1.548	  0.035
       1.552	  0.035
       1.556	  0.055
       1.560	  0.035
       1.564	  0.035
       1.568	  0.030
       1.572	  0.030
       1.576	 -0.035
       1.580	 -0.095
       1.584	 -0.175
       1.588	 -0.210
       1.592	 -0.180
       1.596	 -0.055
       1.600	  0.200
       1.604	  0.530
       1.608	  0.890
       1.612	  1.240
       1.616	  1.600
       1.620	  1.945
       1.624	  2.170
       1.628	  2.300
       1.632	  2.280
       1.636	  2.045
       1.640	  1.555
       1.644	  0.850
       1.648	  0.275
       1.652	 -0.105
       1.656	 -0.245
       1.660	 -0.265
       1.664	 -0.250
       1.668	 -0.290
       1.672	 -0.305
       1.676	 -0.265
       1.680	 -0.215
       1.684	 -0.225
       1.688	 -0.245
       1.692	 -0.235
       1.696	 -0.200
       1.700	 -0.205
       1.704	 -0.220
       1.708	 -0.225
       1.712	 -0.220
       1.716	 -0.210
       1.720	 -0.220
       1.724	 -0.210
       1.728	 -0.200
       1.732	 -0.195
       1.736	 -0.210
       1.740	 -0.210
       1.744	 -0.210
       1.748	 -0.200
       1.752	 -0.205
       1.756	 -0.195
       1.760	 -0.200
       1.764	 -0.195
       1.768	 -0.195
       1.772	 -0.190
       1.776	 -0.180
       1.780	 -0.175
       1.784	 -0.185
       1.788	 -0.185
       1.792	 -0.185
       1.796	 -0.180
       1.800	 -0.180
       1.804	 -0.180
       1.808	 -0.185
       1.812	 -0.190
       1.816	 -0.195
       1.820	 -0.205
       1.824	 -0.200
       1.828	 -0.200
       1.832	 -0.200
       1.836	 -0.210
       1.840	 -0.210
       1.844	 -0.220
       1.848	 -0.210
       1.852	 -0.210
       1.856	 -0.205
       1.860	 -0.220
       1.864	 -0.230
       1.868	 -0.235
       1.872	 -0.230
       1.876	 -0.230
       1.880	 -0.230
       1.884	 -0.240
       1.888	 -0.245
       1.892	 -0.250
       1.896	 -0.240
       1.900	 -0.230
       1.904	 -0.220
       1.908	 -0.215
       1.912	 -0.210
       1.916	 -0.200
       1.920	 -0.200
       1.924	 -0.190
       1.928	 -0.170
       1.932	 -0.135
       1.936	 -0.115
       1.940	 -0.080
       1.944	 -0.060
       1.948	  0.000
       1.952	  0.015
       1.956	  0.045
       1.960	  0.070
       1.964	  0.100
       1.968	  0.125
       1.972	  0.155
       1.976	  0.170
       1.980	  0.205
       1.984	  0.230
       1.988	  0.245
       1.992	  0.250
       1.996	  0.255
       2.000	  0.250
       2.004	  0.255
       2.008	  0.245
       2.012	  0.235
       2.016	  0.235
       2.020	  0.220
       2.024	  0.215
       2.028	  0.215
       2.032	  0.220
       2.036	  0.200
       2.040	  0.195
       2.044	  0.185
       2.048	  0.180
       2.052	  0.170
       2.056	  0.180
       2.060	  0.170
       2.064	  0.165
       2.068	  0.155
       2.072	  0.160
       2.076	  0.155
       2.080	  0.165
       2.084	  0.160
       2.088	  0.155
       2.092	  0.150
       2.096	  0.150
       2.100	  0.155
       2.104	  0.165
       2.108	  0.165
       2.112	  0.165
       2.116	  0.175
       2.120	  0.175
       2.124	  0.180
       2.128	  0.180
       2.132	  0.185
       2.136	  0.175
       2.140	  0.180
       2.144	  0.165
       2.148	  0.170
       2.152	  0.175
       2.156	  0.190
       2.160	  0.180
       2.164	  0.190
       2.168	  0.180
       2.172	  0.175
       2.176	  0.175
       2.180	  0.180
       2.184	  0.175
       2.188	  0.175
       2.192	  0.175
       2.196	  0.180
       2.200	  0.175
       2.204	  0.170
       2.208	  0.175
       2.212	  0.180
       2.216	  0.185
       2.220	  0.170
       2.224	  0.155
       2.228	  0.155
       2.232	  0.175
       2.236	  0.170
       2.240	  0.175
       2.244	  0.170
       2.248	  0.175
       2.252	  0.170
       2.256	  0.185
       2.260	  0.195
       2.264	  0.220
       2.268	  0.220
       2.272	  0.225
       2.276	  0.225
       2.280	  0.235
       2.284	  0.235
       2.288	  0.250
       2.292	  0.255
       2.296	  0.280
       2.300	  0.305
       2.304	  0.325
       2.308	  0.345
       2.312	  0.360
       2.316	  0.400
       2.320	  0.420
       2.324	  0.405
       2.328	  0.375
       2.332	  0.355
       2.336	  0.305
       2.340	  0.265
       2.344	  0.220
       2.348	  0.175
       2.352	  0.135
       2.356	  0.120
       2.360	  0.090
       2.364	  0.075
       2.368	  0.060
       2.372	  0.075
       2.376	  0.075
       2.380	  0.075
       2.384	  0.065
       2.388	  0.055
       2.392	  0.060
       2.396	  0.075
       2.400	  0.090
       2.404	  0.090
       2.408	  0.075
       2.412	  0.045
       2.416	  0.000
       2.420	 -0.095
       2.424	 -0.150
       2.428	 -0.145
       2.432	 -0.055
       2.436	  0.155
       2.440	  0.475
       2.444	  0.825
       2.448	  1.170
       2.452	  1.520
       2.456	  1.910
       2.460	  2.210
       2.464	  2.385
       2.468	  2.445
       2.472	  2.300
       2.476	  1.920
       2.480	  1.255
       2.484	  0.575
       2.488	  0.140
       2.492	 -0.120
       2.496	 -0.180
       2.500	 -0.180
       2.504	 -0.215
       2.508	 -0.260
       2.512	 -0.225
       2.516	 -0.160
       2.520	 -0.160
       2.524	 -0.195
       2.528	 -0.200
       2.532	 -0.165
       2.536	 -0.160
       2.540	 -0.170
       2.544	 -0.180
       2.548	 -0.160
       2.552	 -0.160
       2.556	 -0.165
       2.560	 -0.175
       2.564	 -0.165
       2.568	 -0.160
       2.572	 -0.150
       2.576	 -0.160
       2.580	 -0.155
       2.584	 -0.150
       2.588	 -0.155
       2.592	 -0.165
       2.596	 -0.160
       2.600	 -0.145
       2.604	 -0.160
       2.608	 -0.180
       2.612	 -0.180
       2.616	 -0.165
       2.620	 -0.160
       2.624	 -0.150
       2.628	 -0.160
       2.632	 -0.160
       2.636	 -0.165
       2.640	 -0.165
       2.644	 -0.180
       2.648	 -0.170
       2.652	 -0.170
       2.656	 -0.160
       2.660	 -0.175
       2.664	 -0.185
       2.668	 -0.205
       2.672	 -0.210
       2.676	 -0.215
       2.680	 -0.215
       2.684	 -0.215
       2.688	 -0.210
       2.692	 -0.215
       2.696	 -0.230
       2.700	 -0.235
       2.704	 -0.245
       2.708	 -0.255
       2.712	 -0.260
       2.716	 -0.245
       2.720	 -0.245
       2.724	 -0.245
       2.728	 -0.245
       2.732	 -0.240
       2.736	 -0.245
       2.740	 -0.240
       2.744	 -0.245
       2.748	 -0.245
       2.752	 -0.245
       2.756	 -0.215
       2.760	 -0.205
       2.764	 -0.180
       2.768	 -0.175
       2.772	 -0.160
       2.776	 -0.140
       2.780	 -0.110
       2.784	 -0.085
       2.788	 -0.050
       2.792	  0.000
       2.796	  0.035
       2.800	  0.075
       2.804	  0.100
       2.808	  0.125
       2.812	  0.155
       2.816	  0.175
       2.820	  0.185
       2.824	  0.195
       2.828	  0.195
       2.832	  0.215
       2.836	  0.230
       2.840	  0.240
       2.844	  0.230
       2.848	  0.230
       2.852	  0.215
       2.856	  0.220
       2.860	  0.205
       2.864	  0.215
       2.868	  0.210
       2.872	  0.195
       2.876	  0.185
       2.880	  0.180
       2.884	  0.170
       2.888	  0.165
       2.892	  0.160
       2.896	  0.155
       2.900	  0.155
       2.904	  0.165
       2.908	  0.155
       2.912	  0.160
       2.916	  0.170
       2.920	  0.160
       2.924	  0.155
       2.928	  0.150
       2.932	  0.155
       2.936	  0.140
       2.940	  0.155
       2.944	  0.155
       2.948	  0.160
       2.952	  0.155
       2.956	  0.185
       2.960	  0.190
       2.964	  0.190
       2.968	  0.185
       2.972	  0.190
       2.976	  0.180
       2.980	  0.185
       2.984	  0.175
       2.988	  0.175
       2.992	  0.180
       2.996	  0.185
       3.000	  0.195
       3.004	  0.200
       3.008	  0.195
       3.012	  0.200
       3.016	  0.200
       3.020	  0.190
       3.024	  0.185
       3.028	  0.195
       3.032	  0.205
       3.036	  0.190
       3.040	  0.190
       3.044	  0.185
       3.048	  0.185
       3.052	  0.155
       3.056	  0.160
       3.060	  0.150
       3.064	  0.160
       3.068	  0.175
       3.072	  0.170
       3.076	  0.160
       3.080	  0.165
       3.084	  0.175
       3.088	  0.195
       3.092	  0.205
       3.096	  0.220
       3.100	  0.220
       3.104	  0.215
       3.108	  0.210
       3.112	  0.230
       3.116	  0.245
       3.120	  0.240
       3.124	  0.255
       3.128	  0.280
       3.132	  0.310
       3.136	  0.320
       3.140	  0.340
       3.144	  0.350
       3.148	  0.370
       3.152	  0.355
       3.156	  0.325
       3.160	  0.280
       3.164	  0.230
       3.168	  0.170
       3.172	  0.140
       3.176	  0.095
       3.180	  0.065
       3.184	  0.035
       3.188	  0.015
       3.192	 -0.025
       3.196	 -0.050
       3.200	 -0.045
       3.204	 -0.030
       3.208	 -0.035
       3.212	 -0.035
       3.216	 -0.040
       3.220	 -0.055
       3.224	 -0.055
       3.228	 -0.055
       3.232	 -0.045
       3.236	 -0.060
       3.240	 -0.090
       3.244	 -0.160
       3.248	 -0.230
       3.252	 -0.280
       3.256	 -0.250
       3.260	 -0.160
       3.264	  0.070
       3.268	  0.385
       3.272	  0.740
       3.276	  1.075
       3.280	  1.435
       3.284	  1.810
       3.288	  2.090
       3.292	  2.230
       3.296	  2.275
       3.300	  2.090
       3.304	  1.675
       3.308	  0.995
       3.312	  0.365
       3.316	 -0.060
       3.320	 -0.285
       3.324	 -0.335
       3.328	 -0.325
       3.332	 -0.355
       3.336	 -0.395
       3.340	 -0.345
       3.344	 -0.305
       3.348	 -0.315
       3.352	 -0.345
       3.356	 -0.340
       3.360	 -0.315
       3.364	 -0.300
       3.368	 -0.325
       3.372	 -0.330
       3.376	 -0.335
       3.380	 -0.325
       3.384	 -0.330
       3.388	 -0.335
       3.392	 -0.330
       3.396	 -0.315
       3.400	 -0.320
       3.404	 -0.325
       3.408	 -0.320
       3.412	 -0.315
       3.416	 -0.315
       3.420	 -0.320
       3.424	 -0.315
       3.428	 -0.310
       3.432	 -0.310
       3.436	 -0.320
       3.440	 -0.310
       3.444	 -0.315
       3.448	 -0.315
       3.452	 -0.315
       3.456	 -0.305
       3.460	 -0.305
       3.464	 -0.295
       3.468	 -0.300
       3.472	 -0.300
       3.476	 -0.310
       3.480	 -0.315
       3.484	 -0.320
       3.488	 -0.320
       3.492	 -0.325
       3.496	 -0.320
       3.500	 -0.330
       3.504	 -0.345
       3.508	 -0.345
       3.512	 -0.345
       3.516	 -0.335
       3.520	 -0.345
       3.524	 -0.345
       3.528	 -0.355
       3.532	 -0.355
       3.536	 -0.370
       3.540	 -0.365
       3.544	 -0.380
       3.548	 -0.385
       3.552	 -0.385
       3.556	 -0.370
       3.560	 -0.365
       3.564	 -0.350
       3.568	 -0.350
       3.572	 -0.345
       3.576	 -0.335
       3.580	 -0.320
       3.584	 -0.300
       3.588	 -0.280
       3.592	 -0.270
       3.596	 -0.260
       3.600	 -0.230
       3.604	 -0.210
       3.608	 -0.185
       3.612	 -0.160
       3.616	 -0.130
       3.620	 -0.100
       3.624	 -0.060
       3.628	 -0.040
       3.632	  0.020
       3.636	  0.040
       3.640	  0.075
       3.644	  0.085
       3.648	  0.110
       3.652	  0.120
       3.656	  0.140
       3.660	  0.140
       3.664	  0.145
       3.668	  0.145
       3.672	  0.145
       3.676	  0.140
       3.680	  0.150
       3.684	  0.145
       3.688	  0.135
       3.692	  0.130
       3.696	  0.135
       3.700	  0.130
       3.704	  0.120
       3.708	  0.105
       3.712	  0.110
       3.716	  0.115
       3.720	  0.115
       3.724	  0.120
       3.728	  0.110
       3.732	  0.105
       3.736	  0.095
       3.740	  0.105
       3.744	  0.100
       3.748	  0.105
       3.752	  0.105
       3.756	  0.110
       3.760	  0.100
       3.764	  0.120
       3.768	  0.120
       3.772	  0.120
       3.776	  0.120
       3.780	  0.120
       3.784	  0.120
       3.788	  0.125
       3.792	  0.130
       3.796	  0.130
       3.800	  0.140
       3.804	  0.140
       3.808	  0.150
       3.812	  0.155
       3.816	  0.155
       3.820	  0.155
       3.824	  0.155
       3.828	  0.155
       3.832	  0.155
       3.836	  0.150
       3.840	  0.160
       3.844	  0.160
       3.848	  0.155
       3.852	  0.150
       3.856	  0.155
       3.860	  0.155
       3.864	  0.160
       3.868	  0.160
       3.872	  0.165
       3.876	  0.160
       3.880	  0.155
       3.884	  0.160
       3.888	  0.160
       3.892	  0.150
       3.896	  0.155
       3.900	  0.160
       3.904	  0.165
       3.908	  0.180
       3.912	  0.200
       3.916	  0.225
       3.920	  0.225
       3.924	  0.230
       3.928	  0.230
       3.932	  0.240
       3.936	  0.235
       3.940	  0.250
       3.944	  0.265
       3.948	  0.295
       3.952	  0.310
       3.956	  0.330
       3.960	  0.355
       3.964	  0.390
       3.968	  0.410
       3.972	  0.430
       3.976	  0.395
       3.980	  0.375
       3.984	  0.360
       3.988	  0.315
       3.992	  0.260
       3.996	  0.220
       4.000	  0.185
       4.004	  0.160
       4.008	  0.145
       4.012	  0.135
       4.016	  0.125
       4.020	  0.100
       4.024	  0.115
       4.028	  0.110
       4.032	  0.115
       4.036	  0.110
       4.040	  0.115
       4.044	  0.115
       4.048	  0.115
       4.052	  0.110
       4.056	  0.110
       4.060	  0.090
       4.064	  0.060
       4.068	  0.000
       4.072	 -0.095
       4.076	 -0.140
       4.080	 -0.095
       4.084	  0.035
       4.088	  0.255
       4.092	  0.570
       4.096	  0.925
       4.100	  1.275
       4.104	  1.635
       4.108	  1.995
       4.112	  2.235
       4.116	  2.380
       4.120	  2.370
       4.124	  2.175
       4.128	  1.715
       4.132	  1.020
       4.136	  0.415
       4.140	  0.050
       4.144	 -0.160
       4.148	 -0.180
       4.152	 -0.180
       4.156	 -0.220
       4.160	 -0.255
       4.164	 -0.200
       4.168	 -0.155
       4.172	 -0.160
       4.176	 -0.195
       4.180	 -0.190
       4.184	 -0.175
       4.188	 -0.170
       4.192	 -0.195
       4.196	 -0.190
       4.200	 -0.170
       4.204	 -0.170
       4.208	 -0.180
       4.212	 -0.190
       4.216	 -0.175
       4.220	 -0.175
       4.224	 -0.180
       4.228	 -0.170
       4.232	 -0.160
       4.236	 -0.170
       4.240	 -0.170
       4.244	 -0.185
       4.248	 -0.180
       4.252	 -0.190
       4.256	 -0.180
       4.260	 -0.195
       4.264	 -0.180
       4.268	 -0.180
       4.272	 -0.175
       4.276	 -0.190
       4.280	 -0.190
       4.284	 -0.185
       4.288	 -0.185
       4.292	 -0.195
       4.296	 -0.210
       4.300	 -0.215
       4.304	 -0.230
       4.308	 -0.225
       4.312	 -0.225
       4.316	 -0.220
       4.320	 -0.240
       4.324	 -0.240
       4.328	 -0.250
       4.332	 -0.250
       4.336	 -0.270
       4.340	 -0.270
       4.344	 -0.285
       4.348	 -0.285
       4.352	 -0.280
       4.356	 -0.270
       4.360	 -0.285
       4.364	 -0.290
       4.368	 -0.305
       4.372	 -0.305
       4.376	 -0.305
       4.380	 -0.285
       4.384	 -0.280
       4.388	 -0.280
       4.392	 -0.275
       4.396	 -0.260
       4.400	 -0.245
       4.404	 -0.235
       4.408	 -0.230
       4.412	 -0.210
       4.416	 -0.180
       4.420	 -0.155
       4.424	 -0.135
       4.428	 -0.115
       4.432	 -0.090
       4.436	 -0.075
       4.440	 -0.040
       4.444	  0.020
       4.448	  0.065
       4.452	  0.090
       4.456	  0.130
       4.460	  0.145
       4.464	  0.175
       4.468	  0.190
       4.472	  0.200
       4.476	  0.205
       4.480	  0.225
       4.484	  0.235
       4.488	  0.230
       4.492	  0.230
       4.496	  0.230
       4.500	  0.230
       4.504	  0.225
       4.508	  0.215
       4.512	  0.205
       4.516	  0.200
       4.520	  0.190
       4.524	  0.195
       4.528	  0.180
       4.532	  0.180
       4.536	  0.165
       4.540	  0.175
       4.544	  0.170
       4.548	  0.165
       4.552	  0.155
       4.556	  0.160
       4.560	  0.150
       4.564	  0.155
       4.568	  0.145
       4.572	  0.140
       4.576	  0.135
       4.580	  0.145
       4.584	  0.145
       4.588	  0.145
       4.592	  0.145
       4.596	  0.145
       4.600	  0.155
       4.604	  0.145
       4.608	  0.140
       4.612	  0.135
       4.616	  0.140
       4.620	  0.140
       4.624	  0.140
       4.628	  0.140
       4.632	  0.150
       4.636	  0.145
       4.640	  0.155
       4.644	  0.140
       4.648	  0.145
       4.652	  0.140
       4.656	  0.145
       4.660	  0.140
       4.664	  0.140
       4.668	  0.140
       4.672	  0.135
       4.676	  0.130
       4.680	  0.135
       4.684	  0.140
       4.688	  0.135
       4.692	  0.130
       4.696	  0.130
       4.700	  0.130
       4.704	  0.125
       4.708	  0.125
       4.712	  0.135
       4.716	  0.140
       4.720	  0.145
       4.724	  0.165
       4.728	  0.175
       4.732	  0.190
       4.736	  0.190
       4.740	  0.200
       4.744	  0.190
       4.748	  0.205
       4.752	  0.205
       4.756	  0.230
       4.760	  0.240
       4.764	  0.270
       4.768	  0.285
       4.772	  0.315
       4.776	  0.335
       4.780	  0.365
       4.784	  0.365
       4.788	  0.330
       4.792	  0.305
       4.796	  0.275
       4.800	  0.225
       4.804	  0.175
       4.808	  0.135
       4.812	  0.105
       4.816	  0.085
       4.820	  0.055
       4.824	  0.035
       4.828	  0.000
       4.832	  0.000
       4.836	  0.010
       4.840	  0.020
       4.844	  0.005
       4.848	  0.000
       4.852	  0.000
       4.856	  0.015
       4.860	  0.015
       4.864	  0.025
       4.868	  0.015
       4.872	  0.000
       4.876	 -0.070
       4.880	 -0.135
       4.884	 -0.200
       4.888	 -0.205
       4.892	 -0.155
       4.896	  0.005
       4.900	  0.275
       4.904	  0.600
       4.908	  0.950
       4.912	  1.295
       4.916	  1.680
       4.920	  2.005
       4.924	  2.220
       4.928	  2.335
       4.932	  2.270
       4.936	  2.000
       4.940	  1.450
       4.944	  0.755
       4.948	  0.245
       4.952	 -0.085
       4.956	 -0.195
       4.960	 -0.205
       4.964	 -0.200
       4.968	 -0.245
       4.972	 -0.250
       4.976	 -0.200
       4.980	 -0.165
       4.984	 -0.185
       4.988	 -0.200
       4.992	 -0.185
       4.996	 -0.170
       5.000	 -0.180
       5.004	 -0.205
       5.008	 -0.200
       5.012	 -0.190
       5.016	 -0.195
       5.020	 -0.210
       5.024	 -0.200
       5.028	 -0.195
       5.032	 -0.195
       5.036	 -0.210
       5.040	 -0.205
       5.044	 -0.210
       5.048	 -0.210
       5.052	 -0.210
       5.056	 -0.210
       5.060	 -0.205
       5.064	 -0.200
       5.068	 -0.210
       5.072	 -0.210
       5.076	 -0.220
       5.080	 -0.215
       5.084	 -0.215
       5.088	 -0.225
       5.092	 -0.235
       5.096	 -0.225
       5.100	 -0.225
       5.104	 -0.235
       5.108	 -0.240
       5.112	 -0.250
       5.116	 -0.245
       5.120	 -0.265
       5.124	 -0.260
       5.128	 -0.270
       5.132	 -0.270
       5.136	 -0.280
       5.140	 -0.270
       5.144	 -0.285
       5.148	 -0.295
       5.152	 -0.305
       5.156	 -0.310
       5.160	 -0.320
       5.164	 -0.330
       5.168	 -0.335
       5.172	 -0.330
       5.176	 -0.340
       5.180	 -0.355
       5.184	 -0.360
       5.188	 -0.365
       5.192	 -0.365
       5.196	 -0.345
       5.200	 -0.340
       5.204	 -0.355
       5.208	 -0.355
       5.212	 -0.335
       5.216	 -0.320
       5.220	 -0.310
       5.224	 -0.285
       5.228	 -0.275
       5.232	 -0.260
       5.236	 -0.245
       5.240	 -0.210
       5.244	 -0.195
       5.248	 -0.155
       5.252	 -0.115
       5.256	 -0.085
       5.260	 -0.065
       5.264	 -0.025
       5.268	  0.025
       5.272	  0.045
       5.276	  0.060
       5.280	  0.080
       5.284	  0.095
       5.288	  0.100
       5.292	  0.110
       5.296	  0.115
       5.300	  0.120
       5.304	  0.115
       5.308	  0.115
       5.312	  0.115
       5.316	  0.110
       5.320	  0.100
       5.324	  0.110
       5.328	  0.090
       5.332	  0.085
       5.336	  0.075
       5.340	  0.075
       5.344	  0.065
       5.348	  0.070
       5.352	  0.070
       5.356	  0.060
       5.360	  0.050
       5.364	  0.050
       5.368	  0.045
       5.372	  0.045
       5.376	  0.045
       5.380	  0.055
       5.384	  0.055
       5.388	  0.060
       5.392	  0.050
       5.396	  0.050
       5.400	  0.060
       5.404	  0.065
       5.408	  0.070
       5.412	  0.075
       5.416	  0.080
       5.420	  0.075
       5.424	  0.080
       5.428	  0.075
       5.432	  0.085
       5.436	  0.080
       5.440	  0.100
       5.444	  0.100
       5.448	  0.100
       5.452	  0.095
       5.456	  0.095
       5.460	  0.095
       5.464	  0.110
       5.468	  0.115
       5.472	  0.110
       5.476	  0.105
       5.480	  0.110
       5.484	  0.110
       5.488	  0.115
       5.492	  0.115
       5.496	  0.120
       5.500	  0.110
       5.504	  0.105
       5.508	  0.105
       5.512	  0.110
       5.516	  0.115
       5.520	  0.120
       5.524	  0.140
       5.528	  0.150
       5.532	  0.175
       5.536	  0.185
       5.540	  0.195
       5.544	  0.190
       5.548	  0.190
       5.552	  0.195
       5.556	  0.210
       5.560	  0.235
       5.564	  0.260
       5.568	  0.275
       5.572	  0.300
       5.576	  0.315
       5.580	  0.350
       5.584	  0.370
       5.588	  0.370
       5.592	  0.340
       5.596	  0.320
       5.600	  0.285
       5.604	  0.220
       5.608	  0.165
       5.612	  0.130
       5.616	  0.120
       5.620	  0.095
       5.624	  0.080
       5.628	  0.050
       5.632	  0.045
       5.636	  0.045
       5.640	  0.055
       5.644	  0.035
       5.648	  0.030
       5.652	  0.020
       5.656	  0.030
       5.660	  0.030
       5.664	  0.035
       5.668	  0.030
       5.672	  0.020
       5.676	  0.000
       5.680	 -0.070
       5.684	 -0.130
       5.688	 -0.185
       5.692	 -0.190
       5.696	 -0.115
       5.700	  0.080
       5.704	  0.370
       5.708	  0.725
       5.712	  1.060
       5.716	  1.405
       5.720	  1.760
       5.724	  2.045
       5.728	  2.215
       5.732	  2.300
       5.736	  2.160
       5.740	  1.840
       5.744	  1.220
       5.748	  0.615
       5.752	  0.200
       5.756	 -0.070
       5.760	 -0.160
       5.764	 -0.175
       5.768	 -0.220
       5.772	 -0.255
       5.776	 -0.230
       5.780	 -0.180
       5.784	 -0.170
       5.788	 -0.195
       5.792	 -0.200
       5.796	 -0.170
       5.800	 -0.160
       5.804	 -0.180
       5.808	 -0.190
       5.812	 -0.175
       5.816	 -0.160
       5.820	 -0.175
       5.824	 -0.175
       5.828	 -0.175
       5.832	 -0.165
       5.836	 -0.180
       5.840	 -0.180
       5.844	 -0.180
       5.848	 -0.165
       5.852	 -0.175
       5.856	 -0.185
       5.860	 -0.195
       5.864	 -0.180
       5.868	 -0.180
       5.872	 -0.190
       5.876	 -0.200
       5.880	 -0.195
       5.884	 -0.185
       5.888	 -0.190
       5.892	 -0.200
       5.896	 -0.200
       5.900	 -0.195
       5.904	 -0.205
       5.908	 -0.210
       5.912	 -0.215
       5.916	 -0.210
       5.920	 -0.220
       5.924	 -0.225
       5.928	 -0.235
       5.932	 -0.240
       5.936	 -0.250
       5.940	 -0.245
       5.944	 -0.250
       5.948	 -0.265
       5.952	 -0.280
       5.956	 -0.280
       5.960	 -0.290
       5.964	 -0.285
       5.968	 -0.290
       5.972	 -0.290
       5.976	 -0.295
       5.980	 -0.295
       5.984	 -0.295
       5.988	 -0.300
       5.992	 -0.290
       5.996	 -0.280
       6.000	 -0.260
       6.004	 -0.265
       6.008	 -0.260
       6.012	 -0.255
       6.016	 -0.245
       6.020	 -0.235
       6.024	 -0.200
       6.028	 -0.180
       6.032	 -0.165
       6.036	 -0.150
       6.040	 -0.125
       6.044	 -0.100
       6.048	 -0.050
       6.052	  0.000
       6.056	  0.040
       6.060	  0.060
       6.064	  0.095
       6.068	  0.110
       6.072	  0.145
       6.076	  0.165
       6.080	  0.190
       6.084	  0.190
       6.088	  0.200
       6.092	  0.205
       6.096	  0.205
       6.100	  0.220
       6.104	  0.205
       6.108	  0.205
       6.112	  0.195
       6.116	  0.195
       6.120	  0.175
       6.124	  0.175
       6.128	  0.165
       6.132	  0.160
       6.136	  0.150
       6.140	  0.150
       6.144	  0.130
       6.148	  0.140
       6.152	  0.125
       6.156	  0.135
       6.160	  0.125
       6.164	  0.125
       6.168	  0.115
       6.172	  0.115
       6.176	  0.105
       6.180	  0.105
       6.184	  0.105
       6.188	  0.105
       6.192	  0.105
       6.196	  0.115
       6.200	  0.125
       6.204	  0.115
       6.208	  0.110
       6.212	  0.115
       6.216	  0.115
       6.220	  0.110
       6.224	  0.115
       6.228	  0.115
       6.232	  0.125
       6.236	  0.130
       6.240	  0.130
       6.244	  0.120
       6.248	  0.130
       6.252	  0.125
       6.256	  0.135
       6.260	  0.130
       6.264	  0.125
       6.268	  0.130
       6.272	  0.135
       6.276	  0.140
       6.280	  0.135
       6.284	  0.140
       6.288	  0.130
       6.292	  0.125
       6.296	  0.135
       6.300	  0.145
       6.304	  0.140
       6.308	  0.140
       6.312	  0.140
       6.316	  0.140
       6.320	  0.140
       6.324	  0.150
       6.328	  0.150
       6.332	  0.150
       6.336	  0.150
       6.340	  0.160
       6.344	  0.165
       6.348	  0.195
       6.352	  0.200
       6.356	  0.220
       6.360	  0.225
       6.364	  0.225
       6.368	  0.220
       6.372	  0.230
       6.376	  0.250
       6.380	  0.290
       6.384	  0.295
       6.388	  0.310
       6.392	  0.335
       6.396	  0.370
       6.400	  0.405
       6.404	  0.400
       6.408	  0.365
       6.412	  0.340
       6.416	  0.320
       6.420	  0.255
       6.424	  0.215
       6.428	  0.160
       6.432	  0.130
       6.436	  0.115
       6.440	  0.110
       6.444	  0.075
       6.448	  0.065
       6.452	  0.060
       6.456	  0.070
       6.460	  0.065
       6.464	  0.060
       6.468	  0.055
       6.472	  0.060
       6.476	  0.060
       6.480	  0.065
       6.484	  0.065
       6.488	  0.055
       6.492	  0.030
       6.496	 -0.035
       6.500	 -0.100
       6.504	 -0.165
       6.508	 -0.170
       6.512	 -0.100
       6.516	  0.095
       6.520	  0.365
       6.524	  0.725
       6.528	  1.075
       6.532	  1.425
       6.536	  1.780
       6.540	  2.095
       6.544	  2.255
       6.548	  2.335
       6.552	  2.190
       6.556	  1.870
       6.560	  1.245
       6.564	  0.610
       6.568	  0.175
       6.572	 -0.100
       6.576	 -0.190
       6.580	 -0.195
       6.584	 -0.220
       6.588	 -0.255
       6.592	 -0.235
       6.596	 -0.180
       6.600	 -0.160
       6.604	 -0.190
       6.608	 -0.200
       6.612	 -0.180
       6.616	 -0.165
       6.620	 -0.190
       6.624	 -0.190
       6.628	 -0.185
       6.632	 -0.170
       6.636	 -0.185
       6.640	 -0.185
       6.644	 -0.185
       6.648	 -0.175
       6.652	 -0.180
       6.656	 -0.180
       6.660	 -0.185
       6.664	 -0.175
       6.668	 -0.175
       6.672	 -0.185
       6.676	 -0.180
       6.680	 -0.170
       6.684	 -0.160
       6.688	 -0.165
       6.692	 -0.175
       6.696	 -0.175
       6.700	 -0.170
       6.704	 -0.175
       6.708	 -0.180
       6.712	 -0.175
       6.716	 -0.170
       6.720	 -0.180
       6.724	 -0.175
       6.728	 -0.185
       6.732	 -0.185
       6.736	 -0.200
       6.740	 -0.200
       6.744	 -0.215
       6.748	 -0.215
       6.752	 -0.225
       6.756	 -0.225
       6.760	 -0.235
       6.764	 -0.230
       6.768	 -0.240
       6.772	 -0.235
       6.776	 -0.250
       6.780	 -0.250
       6.784	 -0.255
       6.788	 -0.260
       6.792	 -0.265
       6.796	 -0.265
       6.800	 -0.265
       6.804	 -0.265
       6.808	 -0.260
       6.812	 -0.265
       6.816	 -0.250
       6.820	 -0.250
       6.824	 -0.235
       6.828	 -0.230
       6.832	 -0.205
       6.836	 -0.200
       6.840	 -0.180
       6.844	 -0.170
       6.848	 -0.145
       6.852	 -0.125
       6.856	 -0.105
       6.860	 -0.080
       6.864	 -0.045
       6.868	  0.000
       6.872	  0.040
       6.876	  0.070
       6.880	  0.105
       6.884	  0.140
       6.888	  0.160
       6.892	  0.175
       6.896	  0.200
       6.900	  0.220
       6.904	  0.225
       6.908	  0.230
       6.912	  0.235
       6.916	  0.240
       6.920	  0.230
       6.924	  0.240
       6.928	  0.225
       6.932	  0.220
       6.936	  0.210
       6.940	  0.215
       6.944	  0.195
       6.948	  0.195
       6.952	  0.185
       6.956	  0.180
       6.960	  0.165
       6.964	  0.165
       6.968	  0.160
       6.972	  0.155
       6.976	  0.150
       6.980	  0.150
       6.984	  0.145
       6.988	  0.145
       6.992	  0.140
       6.996	  0.140
       7.000	  0.155
       7.004	  0.150
       7.008	  0.150
       7.012	  0.150
       7.016	  0.155
       7.020	  0.155
       7.024	  0.170
       7.028	  0.165
       7.032	  0.170
       7.036	  0.165
       7.040	  0.175
       7.044	  0.175
       7.048	  0.175
       7.052	  0.170
       7.056	  0.175
       7.060	  0.160
       7.064	  0.170
       7.068	  0.175
       7.072	  0.180
       7.076	  0.180
       7.080	  0.185
       7.084	  0.190
       7.088	  0.180
       7.092	  0.175
       7.096	  0.175
       7.100	  0.185
       7.104	  0.175
       7.108	  0.180
       7.112	  0.175
       7.116	  0.185
       7.120	  0.175
       7.124	  0.175
       7.128	  0.170
       7.132	  0.170
       7.136	  0.160
       7.140	  0.170
       7.144	  0.165
       7.148	  0.175
       7.152	  0.165
       7.156	  0.165
       7.160	  0.180
       7.164	  0.205
       7.168	  0.210
       7.172	  0.225
       7.176	  0.225
       7.180	  0.235
       7.184	  0.240
       7.188	  0.235
       7.192	  0.235
       7.196	  0.255
       7.200	  0.285
       7.204	  0.300
       7.208	  0.325
       7.212	  0.350
       7.216	  0.390
       7.220	  0.410
       7.224	  0.420
       7.228	  0.380
       7.232	  0.340
       7.236	  0.305
       7.240	  0.265
       7.244	  0.220
       7.248	  0.185
       7.252	  0.140
       7.256	  0.125
       7.260	  0.095
       7.264	  0.090
       7.268	  0.070
       7.272	  0.065
       7.276	  0.060
       7.280	  0.065
       7.284	  0.060
       7.288	  0.060
       7.292	  0.065
       7.296	  0.070
       7.300	  0.070
       7.304	  0.060
       7.308	  0.055
       7.312	  0.035
       7.316	  0.005
       7.320	 -0.095
       7.324	 -0.160
       7.328	 -0.195
       7.332	 -0.140
       7.336	  0.015
       7.340	  0.270
       7.344	  0.590
       7.348	  0.945
       7.352	  1.275
       7.356	  1.630
       7.360	  1.950
       7.364	  2.140
       7.368	  2.240
       7.372	  2.160
       7.376	  1.880
       7.380	  1.335
       7.384	  0.675
       7.388	  0.185
       7.392	 -0.120
       7.396	 -0.220
       7.400	 -0.215
       7.404	 -0.230
       7.408	 -0.255
       7.412	 -0.260
       7.416	 -0.200
       7.420	 -0.170
       7.424	 -0.180
       7.428	 -0.200
       7.432	 -0.175
       7.436	 -0.170
       7.440	 -0.180
       7.444	 -0.200
       7.448	 -0.185
       7.452	 -0.180
       7.456	 -0.175
       7.460	 -0.185
       7.464	 -0.175
       7.468	 -0.165
       7.472	 -0.165
       7.476	 -0.175
       7.480	 -0.170
       7.484	 -0.165
       7.488	 -0.165
       7.492	 -0.170
       7.496	 -0.175
       7.500	 -0.165
       7.504	 -0.175
       7.508	 -0.180
       7.512	 -0.185
       7.516	 -0.175
       7.520	 -0.180
       7.524	 -0.170
       7.528	 -0.185
       7.532	 -0.170
       7.536	 -0.180
       7.540	 -0.175
       7.544	 -0.180
       7.548	 -0.180
       7.552	 -0.190
       7.556	 -0.190
       7.560	 -0.190
       7.564	 -0.195
       7.568	 -0.215
       7.572	 -0.220
       7.576	 -0.230
       7.580	 -0.225
       7.584	 -0.220
       7.588	 -0.230
       7.592	 -0.240
       7.596	 -0.240
       7.600	 -0.240
       7.604	 -0.245
       7.608	 -0.245
       7.612	 -0.260
       7.616	 -0.255
       7.620	 -0.255
       7.624	 -0.245
       7.628	 -0.250
       7.632	 -0.245
       7.636	 -0.245
       7.640	 -0.240
       7.644	 -0.240
       7.648	 -0.225
       7.652	 -0.220
       7.656	 -0.205
       7.660	 -0.190
       7.664	 -0.170
       7.668	 -0.150
       7.672	 -0.135
       7.676	 -0.115
       7.680	 -0.090
       7.684	 -0.050
       7.688	 -0.035
       7.692	  0.015
       7.696	  0.045
       7.700	  0.085
       7.704	  0.110
       7.708	  0.135
       7.712	  0.140
       7.716	  0.185
       7.720	  0.200
       7.724	  0.220
       7.728	  0.220
       7.732	  0.235
       7.736	  0.225
       7.740	  0.230
       7.744	  0.225
       7.748	  0.230
       7.752	  0.230
       7.756	  0.230
       7.760	  0.220
       7.764	  0.215
       7.768	  0.205
       7.772	  0.200
       7.776	  0.190
       7.780	  0.185
       7.784	  0.185
       7.788	  0.175
       7.792	  0.175
       7.796	  0.170
       7.800	  0.175
       7.804	  0.170
       7.808	  0.180
       7.812	  0.175
       7.816	  0.175
       7.820	  0.170
       7.824	  0.180
       7.828	  0.180
       7.832	  0.180
       7.836	  0.180
       7.840	  0.185
       7.844	  0.180
       7.848	  0.195
       7.852	  0.185
       7.856	  0.185
       7.860	  0.185
       7.864	  0.190
       7.868	  0.185
       7.872	  0.180
       7.876	  0.180
       7.880	  0.175
       7.884	  0.180
       7.888	  0.180
       7.892	  0.180
       7.896	  0.180
       7.900	  0.190
       7.904	  0.180
       7.908	  0.180
       7.912	  0.175
       7.916	  0.175
       7.920	  0.170
       7.924	  0.180
       7.928	  0.170
       7.932	  0.170
       7.936	  0.155
       7.940	  0.155
       7.944	  0.145
       7.948	  0.155
       7.952	  0.150
       7.956	  0.155
       7.960	  0.155
       7.964	  0.155
       7.968	  0.150
       7.972	  0.145
       7.976	  0.150
       7.980	  0.165
       7.984	  0.190
       7.988	  0.205
       7.992	  0.210
       7.996	  0.220
       8.000	  0.225
       8.004	  0.215
       8.008	  0.215
       8.012	  0.225
       8.016	  0.250
       8.020	  0.265
       8.024	  0.305
       8.028	  0.325
       8.032	  0.360
       8.036	  0.395
       8.040	  0.420
       8.044	  0.405
       8.048	  0.370
       8.052	  0.325
       8.056	  0.295
       8.060	  0.235
       8.064	  0.195
       8.068	  0.160
       8.072	  0.120
       8.076	  0.090
       8.080	  0.075
       8.084	  0.060
       8.088	  0.045
       8.092	  0.035
       8.096	  0.040
       8.100	  0.045
       8.104	  0.030
       8.108	  0.035
       8.112	  0.035
       8.116	  0.040
       8.120	  0.025
       8.124	  0.030
       8.128	  0.020
       8.132	  0.005
       8.136	 -0.060
       8.140	 -0.125
       8.144	 -0.200
       8.148	 -0.210
       8.152	 -0.140
       8.156	  0.035
       8.160	  0.290
       8.164	  0.640
       8.168	  0.985
       8.172	  1.315
       8.176	  1.675
       8.180	  1.980
       8.184	  2.150
       8.188	  2.240
       8.192	  2.130
       8.196	  1.810
       8.200	  1.225
       8.204	  0.545
       8.208	  0.080
       8.212	 -0.200
       8.216	 -0.275
       8.220	 -0.265
       8.224	 -0.265
       8.228	 -0.315
       8.232	 -0.290
       8.236	 -0.235
       8.240	 -0.200
       8.244	 -0.225
       8.248	 -0.235
       8.252	 -0.220
       8.256	 -0.200
       8.260	 -0.215
       8.264	 -0.225
       8.268	 -0.210
       8.272	 -0.200
       8.276	 -0.205
       8.280	 -0.215
       8.284	 -0.205
       8.288	 -0.200
       8.292	 -0.205
       8.296	 -0.200
       8.300	 -0.185
       8.304	 -0.180
       8.308	 -0.170
       8.312	 -0.180
       8.316	 -0.180
       8.320	 -0.180
       8.324	 -0.170
       8.328	 -0.175
       8.332	 -0.180
       8.336	 -0.185
       8.340	 -0.180
       8.344	 -0.190
       8.348	 -0.190
       8.352	 -0.185
       8.356	 -0.180
       8.360	 -0.185
       8.364	 -0.185
       8.368	 -0.190
       8.372	 -0.195
       8.376	 -0.200
       8.380	 -0.200
       8.384	 -0.205
       8.388	 -0.215
       8.392	 -0.225
       8.396	 -0.230
       8.400	 -0.225
       8.404	 -0.230
       8.408	 -0.230
       8.412	 -0.245
       8.416	 -0.240
       8.420	 -0.260
       8.424	 -0.260
       8.428	 -0.270
       8.432	 -0.265
       8.436	 -0.270
       8.440	 -0.275
       8.444	 -0.285
       8.448	 -0.285
       8.452	 -0.285
       8.456	 -0.270
       8.460	 -0.265
       8.464	 -0.260
       8.468	 -0.245
       8.472	 -0.230
       8.476	 -0.225
       8.480	 -0.210
       8.484	 -0.190
       8.488	 -0.180
       8.492	 -0.155
       8.496	 -0.130
       8.500	 -0.105
       8.504	 -0.095
       8.508	 -0.060
       8.512	 -0.035
       8.516	  0.030
       8.520	  0.050
       8.524	  0.085
       8.528	  0.105
       8.532	  0.130
       8.536	  0.150
       8.540	  0.165
       8.544	  0.170
       8.548	  0.185
       8.552	  0.195
       8.556	  0.200
       8.560	  0.195
       8.564	  0.195
       8.568	  0.190
       8.572	  0.190
       8.576	  0.175
       8.580	  0.170
       8.584	  0.170
       8.588	  0.165
       8.592	  0.160
       8.596	  0.155
       8.600	  0.150
       8.604	  0.140
       8.608	  0.140
       8.612	  0.125
       8.616	  0.130
       8.620	  0.125
       8.624	  0.135
       8.628	  0.130
       8.632	  0.140
       8.636	  0.130
       8.640	  0.135
       8.644	  0.125
       8.648	  0.135
       8.652	  0.125
       8.656	  0.135
       8.660	  0.140
       8.664	  0.155
       8.668	  0.150
       8.672	  0.140
       8.676	  0.130
       8.680	  0.135
       8.684	  0.140
       8.688	  0.145
       8.692	  0.145
       8.696	  0.140
       8.700	  0.150
       8.704	  0.145
       8.708	  0.155
       8.712	  0.150
       8.716	  0.155
       8.720	  0.140
       8.724	  0.145
       8.728	  0.140
       8.732	  0.145
       8.736	  0.135
       8.740	  0.140
       8.744	  0.125
       8.748	  0.130
       8.752	  0.130
       8.756	  0.130
       8.760	  0.125
       8.764	  0.125
       8.768	  0.125
       8.772	  0.120
       8.776	  0.120
       8.780	  0.125
       8.784	  0.125
       8.788	  0.120
       8.792	  0.125
       8.796	  0.125
       8.800	  0.140
       8.804	  0.140
       8.808	  0.165
       8.812	  0.175
       8.816	  0.190
       8.820	  0.185
       8.824	  0.195
       8.828	  0.185
       8.832	  0.190
       8.836	  0.195
       8.840	  0.215
       8.844	  0.235
       8.848	  0.260
       8.852	  0.290
       8.856	  0.335
       8.860	  0.365
       8.864	  0.400
       8.868	  0.405
       8.872	  0.375
       8.876	  0.325
       8.880	  0.300
       8.884	  0.265
       8.888	  0.205
       8.892	  0.155
       8.896	  0.110
       8.900	  0.095
       8.904	  0.070
       8.908	  0.060
       8.912	  0.035
       8.916	  0.035
       8.920	  0.040
       8.924	  0.055
       8.928	  0.050
       8.932	  0.045
       8.936	  0.040
       8.940	  0.040
       8.944	  0.035
       8.948	  0.035
       8.952	  0.035
       8.956	  0.030
       8.960	 -0.035
       8.964	 -0.090
       8.968	 -0.165
       8.972	 -0.200
       8.976	 -0.165
       8.980	 -0.050
       8.984	  0.195
       8.988	  0.510
       8.992	  0.870
       8.996	  1.210
       9.000	  1.575
       9.004	  1.935
       9.008	  2.180
       9.012	  2.310
       9.016	  2.300
       9.020	  2.065
       9.024	  1.570
       9.028	  0.865
       9.032	  0.285
       9.036	 -0.090
       9.040	 -0.245
       9.044	 -0.260
       9.048	 -0.240
       9.052	 -0.270
       9.056	 -0.285
       9.060	 -0.240
       9.064	 -0.190
       9.068	 -0.195
       9.072	 -0.220
       9.076	 -0.225
       9.080	 -0.205
       9.084	 -0.205
       9.088	 -0.230
       9.092	 -0.235
       9.096	 -0.220
       9.100	 -0.215
       9.104	 -0.230
       9.108	 -0.205
       9.112	 -0.195
       9.116	 -0.185
       9.120	 -0.205
       9.124	 -0.205
       9.128	 -0.210
       9.132	 -0.210
       9.136	 -0.210
       9.140	 -0.205
       9.144	 -0.200
       9.148	 -0.205
       9.152	 -0.215
       9.156	 -0.210
       9.160	 -0.220
       9.164	 -0.210
       9.168	 -0.210
       9.172	 -0.205
       9.176	 -0.210
       9.180	 -0.200
       9.184	 -0.200
       9.188	 -0.210
       9.192	 -0.215
       9.196	 -0.215
       9.200	 -0.220
       9.204	 -0.230
       9.208	 -0.225
       9.212	 -0.235
       9.216	 -0.235
       9.220	 -0.245
       9.224	 -0.240
       9.228	 -0.250
       9.232	 -0.255
       9.236	 -0.275
       9.240	 -0.280
       9.244	 -0.290
       9.248	 -0.285
       9.252	 -0.285
       9.256	 -0.280
       9.260	 -0.285
       9.264	 -0.280
       9.268	 -0.270
       9.272	 -0.275
       9.276	 -0.280
       9.280	 -0.275
       9.284	 -0.270
       9.288	 -0.270
       9.292	 -0.250
       9.296	 -0.240
       9.300	 -0.215
       9.304	 -0.200
       9.308	 -0.180
       9.312	 -0.175
       9.316	 -0.155
       9.320	 -0.140
       9.324	 -0.115
       9.328	 -0.090
       9.332	 -0.050
       9.336	  0.000
       9.340	  0.025
       9.344	  0.040
       9.348	  0.075
       9.352	  0.105
       9.356	  0.140
       9.360	  0.155
       9.364	  0.175
       9.368	  0.185
       9.372	  0.195
       9.376	  0.200
       9.380	  0.220
       9.384	  0.230
       9.388	  0.220
       9.392	  0.225
       9.396	  0.220
       9.400	  0.220
       9.404	  0.210
       9.408	  0.205
       9.412	  0.200
       9.416	  0.195
       9.420	  0.185
       9.424	  0.185
       9.428	  0.175
       9.432	  0.175
       9.436	  0.170
       9.440	  0.185
       9.444	  0.180
       9.448	  0.185
       9.452	  0.175
       9.456	  0.175
       9.460	  0.175
       9.464	  0.180
       9.468	  0.185
       9.472	  0.185
       9.476	  0.180
       9.480	  0.190
       9.484	  0.200
       9.488	  0.205
       9.492	  0.210
       9.496	  0.205
       9.500	  0.205
       9.504	  0.195
       9.508	  0.210
       9.512	  0.210
       9.516	  0.220
       9.520	  0.210
       9.524	  0.215
       9.528	  0.200
       9.532	  0.205
       9.536	  0.210
       9.540	  0.220
       9.544	  0.210
       9.548	  0.210
       9.552	  0.200
       9.556	  0.210
       9.560	  0.210
       9.564	  0.220
       9.568	  0.215
       9.572	  0.205
       9.576	  0.190
       9.580	  0.195
       9.584	  0.215
       9.588	  0.215
       9.592	  0.220
       9.596	  0.215
       9.600	  0.215
       9.604	  0.205
       9.608	  0.210
       9.612	  0.200
       9.616	  0.205
       9.620	  0.195
       9.624	  0.210
       9.628	  0.205
       9.632	  0.215
       9.636	  0.225
       9.640	  0.245
       9.644	  0.260
       9.648	  0.275
       9.652	  0.275
       9.656	  0.275
       9.660	  0.275
       9.664	  0.280
       9.668	  0.290
       9.672	  0.310
       9.676	  0.330
       9.680	  0.355
       9.684	  0.395
       9.688	  0.420
       9.692	  0.460
       9.696	  0.475
       9.700	  0.465
       9.704	  0.415
       9.708	  0.385
       9.712	  0.345
       9.716	  0.310
       9.720	  0.255
       9.724	  0.205
       9.728	  0.155
       9.732	  0.145
       9.736	  0.130
       9.740	  0.120
       9.744	  0.100
       9.748	  0.100
       9.752	  0.100
       9.756	  0.100
       9.760	  0.100
       9.764	  0.100
       9.768	  0.100
       9.772	  0.090
       9.776	  0.080
       9.780	  0.085
       9.784	  0.090
       9.788	  0.070
       9.792	  0.015
       9.796	 -0.090
       9.800	 -0.145
       9.804	 -0.150
       9.808	 -0.060
       9.812	  0.125
       9.816	  0.430
       9.820	  0.785
       9.824	  1.135
       9.828	  1.480
       9.832	  1.860
       9.836	  2.160
       9.840	  2.335
       9.844	  2.410
       9.848	  2.275
       9.852	  1.895
       9.856	  1.235
       9.860	  0.545
       9.864	  0.090
       9.868	 -0.185
       9.872	 -0.255
       9.876	 -0.245
       9.880	 -0.270
       9.884	 -0.300
       9.888	 -0.285
       9.892	 -0.230
       9.896	 -0.220
       9.900	 -0.245
       9.904	 -0.255
       9.908	 -0.220
       9.912	 -0.230
       9.916	 -0.245
       9.920	 -0.250
       9.924	 -0.220
       9.928	 -0.215
       9.932	 -0.220
       9.936	 -0.235
       9.940	 -0.225
       9.944	 -0.225
       9.948	 -0.225
       9.952	 -0.225
       9.956	 -0.215
       9.960	 -0.215
       9.964	 -0.215
       9.968	 -0.220
       9.972	 -0.230
       9.976	 -0.230
       9.980	 -0.230
       9.984	 -0.220
       9.988	 -0.230
       9.992	 -0.235
       9.996	 -0.240
