Elapsed_time	ECG
       0.000	  0.385
       0.004	  0.367
       0.008	  0.345
       0.012	  0.310
       0.016	  0.273
       0.020	  0.245
       0.024	  0.230
       0.028	  0.223
       0.032	  0.217
       0.036	  0.210
       0.040	  0.207
       0.044	  0.207
       0.048	  0.210
       0.052	  0.217
       0.056	  0.217
       0.060	  0.220
       0.064	  0.220
       0.068	  0.220
       0.072	  0.223
       0.076	  0.220
       0.080	  0.217
       0.084	  0.203
       0.088	  0.190
       0.092	  0.168
       0.096	  0.180
       0.100	  0.217
       0.104	  0.273
       0.108	  0.345
       0.112	  0.470
       0.116	  0.667
       0.120	  0.925
       0.124	  1.218
       0.128	  1.455
       0.132	  1.613
       0.136	  1.760
       0.140	  1.972
       0.144	  2.183
       0.148	  2.280
       0.152	  2.143
       0.156	  1.760
       0.160	  1.230
       0.164	  0.695
       0.168	  0.263
       0.172	 -0.035
       0.176	 -0.180
       0.180	 -0.230
       0.184	 -0.228
       0.188	 -0.207
       0.192	 -0.193
       0.196	 -0.175
       0.200	 -0.165
       0.204	 -0.158
       0.208	 -0.163
       0.212	 -0.165
       0.216	 -0.163
       0.220	 -0.155
       0.224	 -0.147
       0.228	 -0.140
       0.232	 -0.130
       0.236	 -0.120
       0.240	 -0.113
       0.244	 -0.110
       0.248	 -0.102
       0.252	 -0.100
       0.256	 -0.102
       0.260	 -0.102
       0.264	 -0.102
       0.268	 -0.102
       0.272	 -0.102
       0.276	 -0.100
       0.280	 -0.098
       0.284	 -0.098
       0.288	 -0.098
       0.292	 -0.092
       0.296	 -0.090
       0.300	 -0.083
       0.304	 -0.075
       0.308	 -0.070
       0.312	 -0.058
       0.316	 -0.048
       0.320	 -0.037
       0.324	 -0.030
       0.328	 -0.020
       0.332	  0.003
       0.336	  0.018
       0.340	  0.030
       0.344	  0.043
       0.348	  0.055
       0.352	  0.070
       0.356	  0.083
       0.360	  0.098
       0.364	  0.117
       0.368	  0.135
       0.372	  0.152
       0.376	  0.165
       0.380	  0.180
       0.384	  0.185
       0.388	  0.200
       0.392	  0.207
       0.396	  0.217
       0.400	  0.223
       0.404	  0.230
       0.408	  0.240
       0.412	  0.247
       0.416	  0.250
       0.420	  0.250
       0.424	  0.258
       0.428	  0.258
       0.432	  0.265
       0.436	  0.268
       0.440	  0.268
       0.444	  0.268
       0.448	  0.263
       0.452	  0.258
       0.456	  0.258
       0.460	  0.250
       0.464	  0.247
       0.468	  0.247
       0.472	  0.245
       0.476	  0.240
       0.480	  0.240
       0.484	  0.240
       0.488	  0.240
       0.492	  0.240
       0.496	  0.240
       0.500	  0.237
       0.504	  0.237
       0.508	  0.237
       0.512	  0.240
       0.516	  0.240
       0.520	  0.245
       0.524	  0.250
       0.528	  0.258
       0.532	  0.273
       0.536	  0.290
       0.540	  0.310
       0.544	  0.330
       0.548	  0.355
       0.552	  0.372
       0.556	  0.383
       0.560	  0.388
       0.564	  0.395
       0.568	  0.405
       0.572	  0.412
       0.576	  0.440
       0.580	  0.475
       0.584	  0.510
       0.588	  0.532
       0.592	  0.542
       0.596	  0.542
       0.600	  0.537
       0.604	  0.520
       0.608	  0.492
       0.612	  0.470
       0.616	  0.458
       0.620	  0.440
       0.624	  0.410
       0.628	  0.357
       0.632	  0.302
       0.636	  0.263
       0.640	  0.237
       0.644	  0.228
       0.648	  0.220
       0.652	  0.217
       0.656	  0.217
       0.660	  0.217
       0.664	  0.217
       0.668	  0.212
       0.672	  0.212
       0.676	  0.223
       0.680	  0.237
       0.684	  0.245
       0.688	  0.245
       0.692	  0.237
       0.696	  0.228
       0.700	  0.200
       0.704	  0.168
       0.708	  0.135
       0.712	  0.128
       0.716	  0.165
       0.720	  0.220
       0.724	  0.290
       0.728	  0.410
       0.732	  0.605
       0.736	  0.868
       0.740	  1.163
       0.744	  1.417
       0.748	  1.587
       0.752	  1.725
       0.756	  1.907
       0.760	  2.118
       0.764	  2.225
       0.768	  2.110
       0.772	  1.760
       0.776	  1.235
       0.780	  0.708
       0.784	  0.258
       0.788	 -0.052
       0.792	 -0.212
       0.796	 -0.273
       0.800	 -0.265
       0.804	 -0.245
       0.808	 -0.220
       0.812	 -0.207
       0.816	 -0.195
       0.820	 -0.185
       0.824	 -0.190
       0.828	 -0.190
       0.832	 -0.182
       0.836	 -0.180
       0.840	 -0.172
       0.844	 -0.168
       0.848	 -0.163
       0.852	 -0.155
       0.856	 -0.152
       0.860	 -0.155
       0.864	 -0.147
       0.868	 -0.145
       0.872	 -0.138
       0.876	 -0.135
       0.880	 -0.130
       0.884	 -0.130
       0.888	 -0.130
       0.892	 -0.128
       0.896	 -0.125
       0.900	 -0.120
       0.904	 -0.110
       0.908	 -0.107
       0.912	 -0.100
       0.916	 -0.090
       0.920	 -0.083
       0.924	 -0.075
       0.928	 -0.072
       0.932	 -0.062
       0.936	 -0.055
       0.940	 -0.048
       0.944	 -0.035
       0.948	 -0.025
       0.952	  0.000
       0.956	  0.020
       0.960	  0.035
       0.964	  0.052
       0.968	  0.065
       0.972	  0.083
       0.976	  0.098
       0.980	  0.113
       0.984	  0.130
       0.988	  0.147
       0.992	  0.165
       0.996	  0.185
       1.000	  0.193
       1.004	  0.207
       1.008	  0.220
       1.012	  0.230
       1.016	  0.237
       1.020	  0.245
       1.024	  0.247
       1.028	  0.255
       1.032	  0.265
       1.036	  0.273
       1.040	  0.273
       1.044	  0.273
       1.048	  0.273
       1.052	  0.275
       1.056	  0.275
       1.060	  0.278
       1.064	  0.282
       1.068	  0.282
       1.072	  0.278
       1.076	  0.275
       1.080	  0.273
       1.084	  0.268
       1.088	  0.265
       1.092	  0.263
       1.096	  0.263
       1.100	  0.258
       1.104	  0.258
       1.108	  0.255
       1.112	  0.258
       1.116	  0.258
       1.120	  0.258
       1.124	  0.258
       1.128	  0.263
       1.132	  0.263
       1.136	  0.268
       1.140	  0.268
       1.144	  0.273
       1.148	  0.278
       1.152	  0.295
       1.156	  0.320
       1.160	  0.347
       1.164	  0.372
       1.168	  0.385
       1.172	  0.400
       1.176	  0.405
       1.180	  0.422
       1.184	  0.427
       1.188	  0.443
       1.192	  0.465
       1.196	  0.497
       1.200	  0.532
       1.204	  0.552
       1.208	  0.560
       1.212	  0.547
       1.216	  0.525
       1.220	  0.492
       1.224	  0.455
       1.228	  0.422
       1.232	  0.410
       1.236	  0.395
       1.240	  0.372
       1.244	  0.330
       1.248	  0.290
       1.252	  0.255
       1.256	  0.237
       1.260	  0.230
       1.264	  0.230
       1.268	  0.230
       1.272	  0.230
       1.276	  0.230
       1.280	  0.230
       1.284	  0.223
       1.288	  0.228
       1.292	  0.228
       1.296	  0.235
       1.300	  0.230
       1.304	  0.230
       1.308	  0.228
       1.312	  0.223
       1.316	  0.217
       1.320	  0.207
       1.324	  0.190
       1.328	  0.185
       1.332	  0.223
       1.336	  0.268
       1.340	  0.330
       1.344	  0.443
       1.348	  0.615
       1.352	  0.850
       1.356	  1.135
       1.360	  1.393
       1.364	  1.565
       1.368	  1.715
       1.372	  1.907
       1.376	  2.125
       1.380	  2.255
       1.384	  2.172
       1.388	  1.845
       1.392	  1.350
       1.396	  0.812
       1.400	  0.347
       1.404	  0.035
       1.408	 -0.147
       1.412	 -0.212
       1.416	 -0.210
       1.420	 -0.185
       1.424	 -0.165
       1.428	 -0.152
       1.432	 -0.138
       1.436	 -0.135
       1.440	 -0.138
       1.444	 -0.138
       1.448	 -0.138
       1.452	 -0.128
       1.456	 -0.125
       1.460	 -0.125
       1.464	 -0.117
       1.468	 -0.113
       1.472	 -0.110
       1.476	 -0.113
       1.480	 -0.110
       1.484	 -0.102
       1.488	 -0.098
       1.492	 -0.092
       1.496	 -0.092
       1.500	 -0.092
       1.504	 -0.090
       1.508	 -0.090
       1.512	 -0.085
       1.516	 -0.085
       1.520	 -0.083
       1.524	 -0.075
       1.528	 -0.072
       1.532	 -0.065
       1.536	 -0.058
       1.540	 -0.052
       1.544	 -0.043
       1.548	 -0.028
       1.552	 -0.020
       1.556	  0.000
       1.560	  0.010
       1.564	  0.028
       1.568	  0.037
       1.572	  0.052
       1.576	  0.070
       1.580	  0.083
       1.584	  0.100
       1.588	  0.113
       1.592	  0.130
       1.596	  0.147
       1.600	  0.165
       1.604	  0.182
       1.608	  0.195
       1.612	  0.207
       1.616	  0.217
       1.620	  0.228
       1.624	  0.235
       1.628	  0.240
       1.632	  0.247
       1.636	  0.250
       1.640	  0.258
       1.644	  0.263
       1.648	  0.265
       1.652	  0.268
       1.656	  0.268
       1.660	  0.265
       1.664	  0.273
       1.668	  0.273
       1.672	  0.273
       1.676	  0.273
       1.680	  0.268
       1.684	  0.263
       1.688	  0.255
       1.692	  0.255
       1.696	  0.250
       1.700	  0.247
       1.704	  0.245
       1.708	  0.240
       1.712	  0.237
       1.716	  0.235
       1.720	  0.230
       1.724	  0.235
       1.728	  0.230
       1.732	  0.235
       1.736	  0.237
       1.740	  0.240
       1.744	  0.240
       1.748	  0.245
       1.752	  0.245
       1.756	  0.250
       1.760	  0.258
       1.764	  0.275
       1.768	  0.295
       1.772	  0.318
       1.776	  0.340
       1.780	  0.357
       1.784	  0.367
       1.788	  0.378
       1.792	  0.388
       1.796	  0.395
       1.800	  0.403
       1.804	  0.420
       1.808	  0.448
       1.812	  0.482
       1.816	  0.510
       1.820	  0.525
       1.824	  0.522
       1.828	  0.505
       1.832	  0.482
       1.836	  0.450
       1.840	  0.410
       1.844	  0.385
       1.848	  0.372
       1.852	  0.350
       1.856	  0.318
       1.860	  0.273
       1.864	  0.230
       1.868	  0.200
       1.872	  0.190
       1.876	  0.185
       1.880	  0.185
       1.884	  0.185
       1.888	  0.190
       1.892	  0.190
       1.896	  0.190
       1.900	  0.185
       1.904	  0.185
       1.908	  0.182
       1.912	  0.180
       1.916	  0.175
       1.920	  0.180
       1.924	  0.180
       1.928	  0.172
       1.932	  0.163
       1.936	  0.138
       1.940	  0.120
       1.944	  0.125
       1.948	  0.158
       1.952	  0.200
       1.956	  0.268
       1.960	  0.393
       1.964	  0.580
       1.968	  0.825
       1.972	  1.100
       1.976	  1.320
       1.980	  1.475
       1.984	  1.637
       1.988	  1.845
       1.992	  2.042
       1.996	  2.100
       2.000	  1.927
       2.004	  1.532
       2.008	  0.960
       2.012	  0.477
       2.016	  0.110
       2.020	 -0.140
       2.024	 -0.255
       2.028	 -0.285
       2.032	 -0.268
       2.036	 -0.247
       2.040	 -0.237
       2.044	 -0.235
       2.048	 -0.230
       2.052	 -0.228
       2.056	 -0.230
       2.060	 -0.230
       2.064	 -0.220
       2.068	 -0.220
       2.072	 -0.217
       2.076	 -0.223
       2.080	 -0.220
       2.084	 -0.220
       2.088	 -0.223
       2.092	 -0.230
       2.096	 -0.237
       2.100	 -0.247
       2.104	 -0.255
       2.108	 -0.263
       2.112	 -0.268
       2.116	 -0.275
       2.120	 -0.275
       2.124	 -0.275
       2.128	 -0.275
       2.132	 -0.268
       2.136	 -0.265
       2.140	 -0.255
       2.144	 -0.245
       2.148	 -0.235
       2.152	 -0.220
       2.156	 -0.210
       2.160	 -0.200
       2.164	 -0.190
       2.168	 -0.175
       2.172	 -0.158
       2.176	 -0.147
       2.180	 -0.130
       2.184	 -0.113
       2.188	 -0.098
       2.192	 -0.080
       2.196	 -0.058
       2.200	 -0.037
       2.204	 -0.018
       2.208	  0.007
       2.212	  0.018
       2.216	  0.030
       2.220	  0.048
       2.224	  0.062
       2.228	  0.075
       2.232	  0.085
       2.236	  0.098
       2.240	  0.100
       2.244	  0.102
       2.248	  0.110
       2.252	  0.120
       2.256	  0.130
       2.260	  0.135
       2.264	  0.145
       2.268	  0.147
       2.272	  0.152
       2.276	  0.155
       2.280	  0.158
       2.284	  0.158
       2.288	  0.165
       2.292	  0.165
       2.296	  0.172
       2.300	  0.168
       2.304	  0.163
       2.308	  0.155
       2.312	  0.145
       2.316	  0.140
       2.320	  0.140
       2.324	  0.140
       2.328	  0.147
       2.332	  0.152
       2.336	  0.152
       2.340	  0.155
       2.344	  0.158
       2.348	  0.165
       2.352	  0.172
       2.356	  0.175
       2.360	  0.175
       2.364	  0.175
       2.368	  0.180
       2.372	  0.190
       2.376	  0.207
       2.380	  0.235
       2.384	  0.263
       2.388	  0.290
       2.392	  0.305
       2.396	  0.312
       2.400	  0.312
       2.404	  0.318
       2.408	  0.320
       2.412	  0.328
       2.416	  0.347
       2.420	  0.383
       2.424	  0.420
       2.428	  0.455
       2.432	  0.470
       2.436	  0.477
       2.440	  0.475
       2.444	  0.458
       2.448	  0.443
       2.452	  0.443
       2.456	  0.450
       2.460	  0.455
       2.464	  0.440
       2.468	  0.403
       2.472	  0.357
       2.476	  0.320
       2.480	  0.302
       2.484	  0.300
       2.488	  0.310
       2.492	  0.330
       2.496	  0.355
       2.500	  0.367
       2.504	  0.378
       2.508	  0.378
       2.512	  0.383
       2.516	  0.385
       2.520	  0.388
       2.524	  0.393
       2.528	  0.395
       2.532	  0.403
       2.536	  0.400
       2.540	  0.383
       2.544	  0.355
       2.548	  0.323
       2.552	  0.312
       2.556	  0.338
       2.560	  0.372
       2.564	  0.412
       2.568	  0.495
       2.572	  0.650
       2.576	  0.868
       2.580	  1.143
       2.584	  1.403
       2.588	  1.595
       2.592	  1.742
       2.596	  1.925
       2.600	  2.155
       2.604	  2.328
       2.608	  2.308
       2.612	  2.027
       2.616	  1.548
       2.620	  0.990
       2.624	  0.505
       2.628	  0.155
       2.632	 -0.052
       2.636	 -0.138
       2.640	 -0.152
       2.644	 -0.135
       2.648	 -0.113
       2.652	 -0.110
       2.656	 -0.102
       2.660	 -0.098
       2.664	 -0.085
       2.668	 -0.085
       2.672	 -0.080
       2.676	 -0.075
       2.680	 -0.075
       2.684	 -0.083
       2.688	 -0.090
       2.692	 -0.100
       2.696	 -0.102
       2.700	 -0.110
       2.704	 -0.107
       2.708	 -0.102
       2.712	 -0.090
       2.716	 -0.080
       2.720	 -0.070
       2.724	 -0.062
       2.728	 -0.072
       2.732	 -0.085
       2.736	 -0.098
       2.740	 -0.098
       2.744	 -0.090
       2.748	 -0.075
       2.752	 -0.070
       2.756	 -0.065
       2.760	 -0.070
       2.764	 -0.070
       2.768	 -0.072
       2.772	 -0.070
       2.776	 -0.062
       2.780	 -0.037
       2.784	 -0.020
       2.788	  0.003
       2.792	  0.015
       2.796	  0.015
       2.800	  0.010
       2.804	  0.007
       2.808	  0.010
       2.812	  0.025
       2.816	  0.035
       2.820	  0.052
       2.824	  0.065
       2.828	  0.072
       2.832	  0.083
       2.836	  0.102
       2.840	  0.125
       2.844	  0.138
       2.848	  0.145
       2.852	  0.147
       2.856	  0.147
       2.860	  0.147
       2.864	  0.152
       2.868	  0.158
       2.872	  0.168
       2.876	  0.175
       2.880	  0.182
       2.884	  0.180
       2.888	  0.175
       2.892	  0.172
       2.896	  0.168
       2.900	  0.165
       2.904	  0.165
       2.908	  0.165
       2.912	  0.165
       2.916	  0.165
       2.920	  0.165
       2.924	  0.165
       2.928	  0.165
       2.932	  0.165
       2.936	  0.165
       2.940	  0.165
       2.944	  0.165
       2.948	  0.165
       2.952	  0.172
       2.956	  0.172
       2.960	  0.172
       2.964	  0.175
       2.968	  0.180
       2.972	  0.185
       2.976	  0.190
       2.980	  0.193
       2.984	  0.200
       2.988	  0.212
       2.992	  0.235
       2.996	  0.263
       3.000	  0.292
       3.004	  0.318
       3.008	  0.338
       3.012	  0.350
       3.016	  0.365
       3.020	  0.378
       3.024	  0.388
       3.028	  0.405
       3.032	  0.440
       3.036	  0.482
       3.040	  0.515
       3.044	  0.540
       3.048	  0.547
       3.052	  0.540
       3.056	  0.520
       3.060	  0.485
       3.064	  0.455
       3.068	  0.430
       3.072	  0.422
       3.076	  0.412
       3.080	  0.395
       3.084	  0.357
       3.088	  0.318
       3.092	  0.290
       3.096	  0.278
       3.100	  0.273
       3.104	  0.275
       3.108	  0.278
       3.112	  0.282
       3.116	  0.290
       3.120	  0.290
       3.124	  0.292
       3.128	  0.295
       3.132	  0.300
       3.136	  0.300
       3.140	  0.300
       3.144	  0.295
       3.148	  0.295
       3.152	  0.292
       3.156	  0.282
       3.160	  0.258
       3.164	  0.245
       3.168	  0.255
       3.172	  0.302
       3.176	  0.367
       3.180	  0.465
       3.184	  0.615
       3.188	  0.828
       3.192	  1.090
       3.196	  1.367
       3.200	  1.575
       3.204	  1.722
       3.208	  1.885
       3.212	  2.098
       3.216	  2.280
       3.220	  2.292
       3.224	  2.060
       3.228	  1.613
       3.232	  1.062
       3.236	  0.557
       3.240	  0.180
       3.244	 -0.052
       3.248	 -0.145
       3.252	 -0.158
       3.256	 -0.128
       3.260	 -0.102
       3.264	 -0.085
       3.268	 -0.080
       3.272	 -0.072
       3.276	 -0.072
       3.280	 -0.075
       3.284	 -0.075
       3.288	 -0.075
       3.292	 -0.072
       3.296	 -0.070
       3.300	 -0.062
       3.304	 -0.058
       3.308	 -0.058
       3.312	 -0.058
       3.316	 -0.058
       3.320	 -0.058
       3.324	 -0.058
       3.328	 -0.055
       3.332	 -0.055
       3.336	 -0.052
       3.340	 -0.048
       3.344	 -0.052
       3.348	 -0.045
       3.352	 -0.045
       3.356	 -0.043
       3.360	 -0.043
       3.364	 -0.037
       3.368	 -0.035
       3.372	 -0.035
       3.376	 -0.028
       3.380	 -0.020
       3.384	 -0.015
       3.388	  0.007
       3.392	  0.018
       3.396	  0.025
       3.400	  0.035
       3.404	  0.048
       3.408	  0.062
       3.412	  0.072
       3.416	  0.090
       3.420	  0.107
       3.424	  0.120
       3.428	  0.135
       3.432	  0.155
       3.436	  0.175
       3.440	  0.193
       3.444	  0.210
       3.448	  0.223
       3.452	  0.245
       3.456	  0.258
       3.460	  0.268
       3.464	  0.275
       3.468	  0.278
       3.472	  0.285
       3.476	  0.285
       3.480	  0.290
       3.484	  0.290
       3.488	  0.292
       3.492	  0.290
       3.496	  0.295
       3.500	  0.292
       3.504	  0.295
       3.508	  0.302
       3.512	  0.305
       3.516	  0.305
       3.520	  0.302
       3.524	  0.300
       3.528	  0.285
       3.532	  0.278
       3.536	  0.268
       3.540	  0.263
       3.544	  0.258
       3.548	  0.258
       3.552	  0.263
       3.556	  0.265
       3.560	  0.263
       3.564	  0.268
       3.568	  0.268
       3.572	  0.273
       3.576	  0.273
       3.580	  0.275
       3.584	  0.273
       3.588	  0.273
       3.592	  0.273
       3.596	  0.275
       3.600	  0.282
       3.604	  0.295
       3.608	  0.320
       3.612	  0.340
       3.616	  0.365
       3.620	  0.383
       3.624	  0.400
       3.628	  0.412
       3.632	  0.420
       3.636	  0.432
       3.640	  0.440
       3.644	  0.450
       3.648	  0.482
       3.652	  0.512
       3.656	  0.540
       3.660	  0.547
       3.664	  0.540
       3.668	  0.515
       3.672	  0.485
       3.676	  0.440
       3.680	  0.410
       3.684	  0.393
       3.688	  0.378
       3.692	  0.360
       3.696	  0.330
       3.700	  0.285
       3.704	  0.247
       3.708	  0.228
       3.712	  0.217
       3.716	  0.217
       3.720	  0.217
       3.724	  0.220
       3.728	  0.220
       3.732	  0.223
       3.736	  0.223
       3.740	  0.223
       3.744	  0.223
       3.748	  0.228
       3.752	  0.230
       3.756	  0.230
       3.760	  0.230
       3.764	  0.228
       3.768	  0.220
       3.772	  0.210
       3.776	  0.190
       3.780	  0.185
       3.784	  0.210
       3.788	  0.263
       3.792	  0.328
       3.796	  0.448
       3.800	  0.620
       3.804	  0.850
       3.808	  1.143
       3.812	  1.413
       3.816	  1.597
       3.820	  1.768
       3.824	  1.960
       3.828	  2.147
       3.832	  2.290
       3.836	  2.225
       3.840	  1.907
       3.844	  1.340
       3.848	  0.818
       3.852	  0.395
       3.856	  0.072
       3.860	 -0.125
       3.864	 -0.193
       3.868	 -0.193
       3.872	 -0.168
       3.876	 -0.147
       3.880	 -0.138
       3.884	 -0.125
       3.888	 -0.117
       3.892	 -0.125
       3.896	 -0.128
       3.900	 -0.130
       3.904	 -0.125
       3.908	 -0.120
       3.912	 -0.117
       3.916	 -0.110
       3.920	 -0.102
       3.924	 -0.098
       3.928	 -0.098
       3.932	 -0.085
       3.936	 -0.080
       3.940	 -0.072
       3.944	 -0.072
       3.948	 -0.072
       3.952	 -0.075
       3.956	 -0.075
       3.960	 -0.075
       3.964	 -0.072
       3.968	 -0.070
       3.972	 -0.070
       3.976	 -0.062
       3.980	 -0.058
       3.984	 -0.055
       3.988	 -0.048
       3.992	 -0.043
       3.996	 -0.030
       4.000	 -0.025
       4.004	 -0.018
       4.008	  0.007
       4.012	  0.018
       4.016	  0.030
       4.020	  0.037
       4.024	  0.048
       4.028	  0.058
       4.032	  0.075
       4.036	  0.090
       4.040	  0.102
       4.044	  0.120
       4.048	  0.135
       4.052	  0.152
       4.056	  0.165
       4.060	  0.175
       4.064	  0.193
       4.068	  0.203
       4.072	  0.217
       4.076	  0.220
       4.080	  0.235
       4.084	  0.240
       4.088	  0.247
       4.092	  0.258
       4.096	  0.265
       4.100	  0.268
       4.104	  0.273
       4.108	  0.275
       4.112	  0.278
       4.116	  0.285
       4.120	  0.285
       4.124	  0.282
       4.128	  0.282
       4.132	  0.278
       4.136	  0.278
       4.140	  0.278
       4.144	  0.278
       4.148	  0.278
       4.152	  0.275
       4.156	  0.275
       4.160	  0.273
       4.164	  0.273
       4.168	  0.268
       4.172	  0.265
       4.176	  0.265
       4.180	  0.265
       4.184	  0.268
       4.188	  0.273
       4.192	  0.278
       4.196	  0.285
       4.200	  0.290
       4.204	  0.290
       4.208	  0.285
       4.212	  0.282
       4.216	  0.290
       4.220	  0.300
       4.224	  0.323
       4.228	  0.347
       4.232	  0.372
       4.236	  0.385
       4.240	  0.400
       4.244	  0.405
       4.248	  0.415
       4.252	  0.422
       4.256	  0.432
       4.260	  0.460
       4.264	  0.495
       4.268	  0.525
       4.272	  0.547
       4.276	  0.542
       4.280	  0.525
       4.284	  0.502
       4.288	  0.465
       4.292	  0.427
       4.296	  0.400
       4.300	  0.383
       4.304	  0.367
       4.308	  0.345
       4.312	  0.310
       4.316	  0.268
       4.320	  0.240
       4.324	  0.228
       4.328	  0.220
       4.332	  0.220
       4.336	  0.228
       4.340	  0.230
       4.344	  0.235
       4.348	  0.235
       4.352	  0.230
       4.356	  0.223
       4.360	  0.220
       4.364	  0.223
       4.368	  0.220
       4.372	  0.223
       4.376	  0.220
       4.380	  0.220
       4.384	  0.212
       4.388	  0.193
       4.392	  0.175
       4.396	  0.185
       4.400	  0.223
       4.404	  0.282
       4.408	  0.357
       4.412	  0.502
       4.416	  0.708
       4.420	  0.983
       4.424	  1.280
       4.428	  1.512
       4.432	  1.667
       4.436	  1.830
       4.440	  2.045
       4.444	  2.243
       4.448	  2.285
       4.452	  2.087
       4.456	  1.665
       4.460	  1.117
       4.464	  0.595
       4.468	  0.182
       4.472	 -0.083
       4.476	 -0.210
       4.480	 -0.237
       4.484	 -0.220
       4.488	 -0.193
       4.492	 -0.172
       4.496	 -0.158
       4.500	 -0.147
       4.504	 -0.140
       4.508	 -0.145
       4.512	 -0.145
       4.516	 -0.138
       4.520	 -0.135
       4.524	 -0.130
       4.528	 -0.130
       4.532	 -0.120
       4.536	 -0.113
       4.540	 -0.110
       4.544	 -0.107
       4.548	 -0.102
       4.552	 -0.098
       4.556	 -0.092
       4.560	 -0.092
       4.564	 -0.083
       4.568	 -0.085
       4.572	 -0.085
       4.576	 -0.083
       4.580	 -0.083
       4.584	 -0.080
       4.588	 -0.072
       4.592	 -0.070
       4.596	 -0.062
       4.600	 -0.058
       4.604	 -0.048
       4.608	 -0.043
       4.612	 -0.030
       4.616	 -0.020
       4.620	  0.000
       4.624	  0.015
       4.628	  0.025
       4.632	  0.037
       4.636	  0.052
       4.640	  0.065
       4.644	  0.080
       4.648	  0.098
       4.652	  0.110
       4.656	  0.130
       4.660	  0.145
       4.664	  0.165
       4.668	  0.182
       4.672	  0.195
       4.676	  0.207
       4.680	  0.220
       4.684	  0.230
       4.688	  0.237
       4.692	  0.245
       4.696	  0.247
       4.700	  0.247
       4.704	  0.247
       4.708	  0.250
       4.712	  0.258
       4.716	  0.265
       4.720	  0.273
       4.724	  0.278
       4.728	  0.278
       4.732	  0.282
       4.736	  0.285
       4.740	  0.285
       4.744	  0.290
       4.748	  0.290
       4.752	  0.290
       4.756	  0.285
       4.760	  0.278
       4.764	  0.278
       4.768	  0.273
       4.772	  0.268
       4.776	  0.263
       4.780	  0.263
       4.784	  0.263
       4.788	  0.265
       4.792	  0.268
       4.796	  0.268
       4.800	  0.268
       4.804	  0.268
       4.808	  0.273
       4.812	  0.275
       4.816	  0.282
       4.820	  0.285
       4.824	  0.292
       4.828	  0.300
       4.832	  0.312
       4.836	  0.333
       4.840	  0.357
       4.844	  0.375
       4.848	  0.393
       4.852	  0.400
       4.856	  0.412
       4.860	  0.420
       4.864	  0.430
       4.868	  0.443
       4.872	  0.468
       4.876	  0.497
       4.880	  0.537
       4.884	  0.560
       4.888	  0.565
       4.892	  0.552
       4.896	  0.530
       4.900	  0.495
       4.904	  0.458
       4.908	  0.427
       4.912	  0.410
       4.916	  0.395
       4.920	  0.375
       4.924	  0.345
       4.928	  0.295
       4.932	  0.263
       4.936	  0.245
       4.940	  0.245
       4.944	  0.245
       4.948	  0.247
       4.952	  0.250
       4.956	  0.250
       4.960	  0.247
       4.964	  0.247
       4.968	  0.250
       4.972	  0.250
       4.976	  0.255
       4.980	  0.255
       4.984	  0.250
       4.988	  0.247
       4.992	  0.245
       4.996	  0.237
       5.000	  0.223
       5.004	  0.200
       5.008	  0.193
       5.012	  0.228
       5.016	  0.275
       5.020	  0.338
       5.024	  0.455
       5.028	  0.630
       5.032	  0.873
       5.036	  1.163
       5.040	  1.423
       5.044	  1.603
       5.048	  1.758
       5.052	  1.950
       5.056	  2.160
       5.060	  2.272
       5.064	  2.170
       5.068	  1.817
       5.072	  1.310
       5.076	  0.767
       5.080	  0.320
       5.084	  0.015
       5.088	 -0.158
       5.092	 -0.217
       5.096	 -0.207
       5.100	 -0.180
       5.104	 -0.155
       5.108	 -0.140
       5.112	 -0.130
       5.116	 -0.125
       5.120	 -0.128
       5.124	 -0.130
       5.128	 -0.125
       5.132	 -0.117
       5.136	 -0.113
       5.140	 -0.110
       5.144	 -0.110
       5.148	 -0.100
       5.152	 -0.098
       5.156	 -0.098
       5.160	 -0.090
       5.164	 -0.083
       5.168	 -0.083
       5.172	 -0.083
       5.176	 -0.083
       5.180	 -0.083
       5.184	 -0.083
       5.188	 -0.072
       5.192	 -0.075
       5.196	 -0.070
       5.200	 -0.065
       5.204	 -0.058
       5.208	 -0.055
       5.212	 -0.048
       5.216	 -0.037
       5.220	 -0.030
       5.224	 -0.025
       5.228	 -0.015
       5.232	  0.003
       5.236	  0.018
       5.240	  0.028
       5.244	  0.043
       5.248	  0.052
       5.252	  0.065
       5.256	  0.080
       5.260	  0.090
       5.264	  0.110
       5.268	  0.125
       5.272	  0.140
       5.276	  0.163
       5.280	  0.180
       5.284	  0.193
       5.288	  0.207
       5.292	  0.212
       5.296	  0.217
       5.300	  0.217
       5.304	  0.220
       5.308	  0.228
       5.312	  0.235
       5.316	  0.240
       5.320	  0.247
       5.324	  0.255
       5.328	  0.258
       5.332	  0.268
       5.336	  0.268
       5.340	  0.268
       5.344	  0.268
       5.348	  0.268
       5.352	  0.268
       5.356	  0.268
       5.360	  0.263
       5.364	  0.265
       5.368	  0.263
       5.372	  0.263
       5.376	  0.258
       5.380	  0.255
       5.384	  0.250
       5.388	  0.255
       5.392	  0.250
       5.396	  0.255
       5.400	  0.250
       5.404	  0.255
       5.408	  0.255
       5.412	  0.258
       5.416	  0.268
       5.420	  0.268
       5.424	  0.273
       5.428	  0.273
       5.432	  0.275
       5.436	  0.275
       5.440	  0.282
       5.444	  0.292
       5.448	  0.302
       5.452	  0.323
       5.456	  0.340
       5.460	  0.357
       5.464	  0.372
       5.468	  0.375
       5.472	  0.383
       5.476	  0.385
       5.480	  0.395
       5.484	  0.412
       5.488	  0.443
       5.492	  0.477
       5.496	  0.515
       5.500	  0.540
       5.504	  0.542
       5.508	  0.532
       5.512	  0.512
       5.516	  0.475
       5.520	  0.432
       5.524	  0.410
       5.528	  0.393
       5.532	  0.375
       5.536	  0.345
       5.540	  0.302
       5.544	  0.263
       5.548	  0.235
       5.552	  0.223
       5.556	  0.220
       5.560	  0.220
       5.564	  0.223
       5.568	  0.223
       5.572	  0.228
       5.576	  0.228
       5.580	  0.228
       5.584	  0.228
       5.588	  0.230
       5.592	  0.228
       5.596	  0.228
       5.600	  0.228
       5.604	  0.223
       5.608	  0.220
       5.612	  0.207
       5.616	  0.190
       5.620	  0.165
       5.624	  0.172
       5.628	  0.210
       5.632	  0.263
       5.636	  0.338
       5.640	  0.470
       5.644	  0.667
       5.648	  0.935
       5.652	  1.230
       5.656	  1.460
       5.660	  1.620
       5.664	  1.780
       5.668	  1.990
       5.672	  2.180
       5.676	  2.228
       5.680	  2.038
       5.684	  1.625
       5.688	  1.093
       5.692	  0.580
       5.696	  0.180
       5.700	 -0.083
       5.704	 -0.200
       5.708	 -0.223
       5.712	 -0.200
       5.716	 -0.175
       5.720	 -0.155
       5.724	 -0.145
       5.728	 -0.138
       5.732	 -0.138
       5.736	 -0.138
       5.740	 -0.138
       5.744	 -0.135
       5.748	 -0.125
       5.752	 -0.120
       5.756	 -0.117
       5.760	 -0.113
       5.764	 -0.107
       5.768	 -0.110
       5.772	 -0.107
       5.776	 -0.102
       5.780	 -0.098
       5.784	 -0.098
       5.788	 -0.092
       5.792	 -0.090
       5.796	 -0.085
       5.800	 -0.083
       5.804	 -0.075
       5.808	 -0.072
       5.812	 -0.072
       5.816	 -0.070
       5.820	 -0.062
       5.824	 -0.055
       5.828	 -0.048
       5.832	 -0.043
       5.836	 -0.030
       5.840	 -0.025
       5.844	 -0.015
       5.848	  0.007
       5.852	  0.015
       5.856	  0.025
       5.860	  0.035
       5.864	  0.048
       5.868	  0.058
       5.872	  0.075
       5.876	  0.085
       5.880	  0.102
       5.884	  0.113
       5.888	  0.128
       5.892	  0.145
       5.896	  0.158
       5.900	  0.172
       5.904	  0.185
       5.908	  0.200
       5.912	  0.210
       5.916	  0.220
       5.920	  0.228
       5.924	  0.235
       5.928	  0.237
       5.932	  0.245
       5.936	  0.247
       5.940	  0.258
       5.944	  0.263
       5.948	  0.268
       5.952	  0.268
       5.956	  0.268
       5.960	  0.265
       5.964	  0.268
       5.968	  0.265
       5.972	  0.263
       5.976	  0.263
       5.980	  0.263
       5.984	  0.255
       5.988	  0.247
       5.992	  0.240
       5.996	  0.237
       6.000	  0.235
       6.004	  0.230
       6.008	  0.230
       6.012	  0.235
       6.016	  0.235
       6.020	  0.235
       6.024	  0.235
       6.028	  0.235
       6.032	  0.240
       6.036	  0.245
       6.040	  0.247
       6.044	  0.250
       6.048	  0.255
       6.052	  0.263
       6.056	  0.268
       6.060	  0.275
       6.064	  0.295
       6.068	  0.312
       6.072	  0.333
       6.076	  0.355
       6.080	  0.367
       6.084	  0.378
       6.088	  0.388
       6.092	  0.395
       6.096	  0.400
       6.100	  0.412
       6.104	  0.443
       6.108	  0.482
       6.112	  0.515
       6.116	  0.537
       6.120	  0.532
       6.124	  0.515
       6.128	  0.487
       6.132	  0.450
       6.136	  0.412
       6.140	  0.388
       6.144	  0.372
       6.148	  0.355
       6.152	  0.320
       6.156	  0.275
       6.160	  0.235
       6.164	  0.212
       6.168	  0.200
       6.172	  0.200
       6.176	  0.200
       6.180	  0.203
       6.184	  0.203
       6.188	  0.207
       6.192	  0.207
       6.196	  0.200
       6.200	  0.203
       6.204	  0.203
       6.208	  0.203
       6.212	  0.200
       6.216	  0.203
       6.220	  0.200
       6.224	  0.195
       6.228	  0.185
       6.232	  0.163
       6.236	  0.140
       6.240	  0.155
       6.244	  0.193
       6.248	  0.245
       6.252	  0.323
       6.256	  0.465
       6.260	  0.675
       6.264	  0.953
       6.268	  1.248
       6.272	  1.472
       6.276	  1.633
       6.280	  1.802
       6.284	  2.018
       6.288	  2.200
       6.292	  2.210
       6.296	  1.978
       6.300	  1.538
       6.304	  0.990
       6.308	  0.492
       6.312	  0.113
       6.316	 -0.117
       6.320	 -0.223
       6.324	 -0.240
       6.328	 -0.220
       6.332	 -0.195
       6.336	 -0.180
       6.340	 -0.165
       6.344	 -0.158
       6.348	 -0.152
       6.352	 -0.158
       6.356	 -0.158
       6.360	 -0.155
       6.364	 -0.147
       6.368	 -0.147
       6.372	 -0.145
       6.376	 -0.138
       6.380	 -0.130
       6.384	 -0.128
       6.388	 -0.125
       6.392	 -0.117
       6.396	 -0.113
       6.400	 -0.110
       6.404	 -0.110
       6.408	 -0.110
       6.412	 -0.102
       6.416	 -0.100
       6.420	 -0.092
       6.424	 -0.085
       6.428	 -0.083
       6.432	 -0.075
       6.436	 -0.070
       6.440	 -0.065
       6.444	 -0.058
       6.448	 -0.048
       6.452	 -0.045
       6.456	 -0.035
       6.460	 -0.025
       6.464	 -0.015
       6.468	  0.007
       6.472	  0.020
       6.476	  0.028
       6.480	  0.043
       6.484	  0.052
       6.488	  0.065
       6.492	  0.075
       6.496	  0.085
       6.500	  0.100
       6.504	  0.110
       6.508	  0.120
       6.512	  0.128
       6.516	  0.135
       6.520	  0.147
       6.524	  0.165
       6.528	  0.180
       6.532	  0.203
       6.536	  0.210
       6.540	  0.220
       6.544	  0.228
       6.548	  0.235
       6.552	  0.237
       6.556	  0.240
       6.560	  0.245
       6.564	  0.247
       6.568	  0.245
       6.572	  0.245
       6.576	  0.245
       6.580	  0.245
       6.584	  0.245
       6.588	  0.240
       6.592	  0.240
       6.596	  0.230
       6.600	  0.223
       6.604	  0.217
       6.608	  0.212
       6.612	  0.195
       6.616	  0.180
       6.620	  0.163
       6.624	  0.152
       6.628	  0.140
       6.632	  0.140
       6.636	  0.140
       6.640	  0.135
       6.644	  0.135
       6.648	  0.135
       6.652	  0.135
       6.656	  0.138
       6.660	  0.135
       6.664	  0.135
       6.668	  0.130
       6.672	  0.135
       6.676	  0.140
       6.680	  0.147
       6.684	  0.147
       6.688	  0.140
       6.692	  0.128
       6.696	  0.113
       6.700	  0.110
       6.704	  0.113
       6.708	  0.107
       6.712	  0.107
       6.716	  0.102
       6.720	  0.102
       6.724	  0.113
       6.728	  0.125
       6.732	  0.130
       6.736	  0.138
       6.740	  0.138
       6.744	  0.125
       6.748	  0.102
       6.752	  0.080
       6.756	  0.062
       6.760	  0.058
       6.764	  0.065
       6.768	  0.070
       6.772	  0.075
       6.776	  0.080
       6.780	  0.085
       6.784	  0.092
       6.788	  0.090
       6.792	  0.098
       6.796	  0.100
       6.800	  0.107
       6.804	  0.102
       6.808	  0.100
       6.812	  0.092
       6.816	  0.080
       6.820	  0.058
       6.824	  0.045
       6.828	  0.058
       6.832	  0.107
       6.836	  0.163
       6.840	  0.235
       6.844	  0.375
       6.848	  0.580
       6.852	  0.860
       6.856	  1.153
       6.860	  1.383
       6.864	  1.540
       6.868	  1.712
       6.872	  1.927
       6.876	  2.115
       6.880	  2.143
       6.884	  1.923
       6.888	  1.485
       6.892	  0.953
       6.896	  0.443
       6.900	  0.058
       6.904	 -0.185
       6.908	 -0.292
       6.912	 -0.310
       6.916	 -0.290
       6.920	 -0.268
       6.924	 -0.250
       6.928	 -0.237
       6.932	 -0.220
       6.936	 -0.220
       6.940	 -0.220
       6.944	 -0.223
       6.948	 -0.212
       6.952	 -0.210
       6.956	 -0.207
       6.960	 -0.200
       6.964	 -0.193
       6.968	 -0.190
       6.972	 -0.185
       6.976	 -0.185
       6.980	 -0.180
       6.984	 -0.180
       6.988	 -0.172
       6.992	 -0.172
       6.996	 -0.168
       7.000	 -0.168
       7.004	 -0.168
       7.008	 -0.165
       7.012	 -0.163
       7.016	 -0.158
       7.020	 -0.155
       7.024	 -0.145
       7.028	 -0.140
       7.032	 -0.135
       7.036	 -0.125
       7.040	 -0.113
       7.044	 -0.102
       7.048	 -0.098
       7.052	 -0.083
       7.056	 -0.070
       7.060	 -0.058
       7.064	 -0.045
       7.068	 -0.035
       7.072	 -0.020
       7.076	  0.000
       7.080	  0.018
       7.084	  0.030
       7.088	  0.048
       7.092	  0.058
       7.096	  0.072
       7.100	  0.090
       7.104	  0.102
       7.108	  0.117
       7.112	  0.130
       7.116	  0.140
       7.120	  0.152
       7.124	  0.163
       7.128	  0.168
       7.132	  0.175
       7.136	  0.182
       7.140	  0.190
       7.144	  0.193
       7.148	  0.200
       7.152	  0.200
       7.156	  0.200
       7.160	  0.195
       7.164	  0.200
       7.168	  0.200
       7.172	  0.203
       7.176	  0.203
       7.180	  0.203
       7.184	  0.193
       7.188	  0.195
       7.192	  0.193
       7.196	  0.190
       7.200	  0.190
       7.204	  0.193
       7.208	  0.193
       7.212	  0.190
       7.216	  0.193
       7.220	  0.193
       7.224	  0.195
       7.228	  0.195
       7.232	  0.200
       7.236	  0.200
       7.240	  0.203
       7.244	  0.207
       7.248	  0.210
       7.252	  0.217
       7.256	  0.217
       7.260	  0.220
       7.264	  0.228
       7.268	  0.230
       7.272	  0.235
       7.276	  0.237
       7.280	  0.240
       7.284	  0.245
       7.288	  0.247
       7.292	  0.258
       7.296	  0.265
       7.300	  0.282
       7.304	  0.302
       7.308	  0.323
       7.312	  0.340
       7.316	  0.350
       7.320	  0.357
       7.324	  0.367
       7.328	  0.378
       7.332	  0.385
       7.336	  0.400
       7.340	  0.430
       7.344	  0.468
       7.348	  0.510
       7.352	  0.530
       7.356	  0.525
       7.360	  0.505
       7.364	  0.477
       7.368	  0.440
       7.372	  0.403
       7.376	  0.378
       7.380	  0.360
       7.384	  0.340
       7.388	  0.302
       7.392	  0.263
       7.396	  0.217
       7.400	  0.185
       7.404	  0.175
       7.408	  0.172
       7.412	  0.172
       7.416	  0.175
       7.420	  0.180
       7.424	  0.182
       7.428	  0.180
       7.432	  0.180
       7.436	  0.180
       7.440	  0.180
       7.444	  0.175
       7.448	  0.180
       7.452	  0.175
       7.456	  0.175
       7.460	  0.140
       7.464	  0.145
       7.468	  0.120
       7.472	  0.107
       7.476	  0.135
       7.480	  0.180
       7.484	  0.240
       7.488	  0.357
       7.492	  0.547
       7.496	  0.805
       7.500	  1.100
       7.504	  1.357
       7.508	  1.532
       7.512	  1.692
       7.516	  1.895
       7.520	  2.098
       7.524	  2.188
       7.528	  2.053
       7.532	  1.685
       7.536	  1.165
       7.540	  0.642
       7.544	  0.212
       7.548	 -0.072
       7.552	 -0.220
       7.556	 -0.263
       7.560	 -0.250
       7.564	 -0.223
       7.568	 -0.210
       7.572	 -0.200
       7.576	 -0.190
       7.580	 -0.185
       7.584	 -0.185
       7.588	 -0.190
       7.592	 -0.182
       7.596	 -0.175
       7.600	 -0.175
       7.604	 -0.175
       7.608	 -0.168
       7.612	 -0.165
       7.616	 -0.155
       7.620	 -0.145
       7.624	 -0.138
       7.628	 -0.130
       7.632	 -0.128
       7.636	 -0.125
       7.640	 -0.120
       7.644	 -0.120
       7.648	 -0.113
       7.652	 -0.110
       7.656	 -0.107
       7.660	 -0.098
       7.664	 -0.090
       7.668	 -0.085
       7.672	 -0.083
       7.676	 -0.072
       7.680	 -0.062
       7.684	 -0.055
       7.688	 -0.043
       7.692	 -0.030
       7.696	 -0.020
       7.700	  0.000
       7.704	  0.003
       7.708	  0.018
       7.712	  0.030
       7.716	  0.048
       7.720	  0.058
       7.724	  0.072
       7.728	  0.083
       7.732	  0.092
       7.736	  0.107
       7.740	  0.125
       7.744	  0.130
       7.748	  0.145
       7.752	  0.152
       7.756	  0.165
       7.760	  0.180
       7.764	  0.185
       7.768	  0.190
       7.772	  0.200
       7.776	  0.207
       7.780	  0.217
       7.784	  0.223
       7.788	  0.230
       7.792	  0.240
       7.796	  0.245
       7.800	  0.250
       7.804	  0.250
       7.808	  0.258
       7.812	  0.255
       7.816	  0.255
       7.820	  0.255
       7.824	  0.250
       7.828	  0.250
       7.832	  0.250
       7.836	  0.247
       7.840	  0.245
       7.844	  0.245
       7.848	  0.245
       7.852	  0.240
       7.856	  0.240
       7.860	  0.240
       7.864	  0.245
       7.868	  0.245
       7.872	  0.245
       7.876	  0.250
       7.880	  0.250
       7.884	  0.250
       7.888	  0.250
       7.892	  0.258
       7.896	  0.258
       7.900	  0.265
       7.904	  0.265
       7.908	  0.275
       7.912	  0.290
       7.916	  0.305
       7.920	  0.333
       7.924	  0.360
       7.928	  0.378
       7.932	  0.395
       7.936	  0.405
       7.940	  0.415
       7.944	  0.427
       7.948	  0.448
       7.952	  0.465
       7.956	  0.502
       7.960	  0.537
       7.964	  0.578
       7.968	  0.598
       7.972	  0.593
       7.976	  0.568
       7.980	  0.530
       7.984	  0.477
       7.988	  0.432
       7.992	  0.403
       7.996	  0.383
       8.000	  0.360
       8.004	  0.330
       8.008	  0.292
       8.012	  0.263
       8.016	  0.245
       8.020	  0.240
       8.024	  0.240
       8.028	  0.237
       8.032	  0.240
       8.036	  0.245
       8.040	  0.245
       8.044	  0.235
       8.048	  0.228
       8.052	  0.217
       8.056	  0.212
       8.060	  0.200
       8.064	  0.193
       8.068	  0.182
       8.072	  0.172
       8.076	  0.158
       8.080	  0.145
       8.084	  0.125
       8.088	  0.107
       8.092	  0.125
       8.096	  0.158
       8.100	  0.210
       8.104	  0.295
       8.108	  0.460
       8.112	  0.695
       8.116	  0.998
       8.120	  1.308
       8.124	  1.540
       8.128	  1.698
       8.132	  1.870
       8.136	  2.098
       8.140	  2.290
       8.144	  2.312
       8.148	  2.092
       8.152	  1.653
       8.156	  1.097
       8.160	  0.575
       8.164	  0.165
       8.168	 -0.035
       8.172	 -0.107
       8.176	 -0.090
       8.180	 -0.043
       8.184	  0.003
       8.188	  0.025
       8.192	  0.035
       8.196	  0.035
       8.200	  0.025
       8.204	  0.007
       8.208	 -0.015
       8.212	 -0.028
       8.216	 -0.035
       8.220	 -0.048
       8.224	 -0.045
       8.228	 -0.035
       8.232	 -0.020
       8.236	  0.000
       8.240	  0.000
       8.244	  0.000
       8.248	  0.000
       8.252	 -0.018
       8.256	 -0.020
       8.260	 -0.028
       8.264	 -0.028
       8.268	 -0.028
       8.272	 -0.020
       8.276	 -0.015
       8.280	  0.010
       8.284	  0.025
       8.288	  0.028
       8.292	  0.025
       8.296	  0.010
       8.300	 -0.018
       8.304	 -0.030
       8.308	 -0.037
       8.312	 -0.037
       8.316	 -0.028
       8.320	  0.000
       8.324	  0.010
       8.328	  0.020
       8.332	  0.025
       8.336	  0.035
       8.340	  0.048
       8.344	  0.055
       8.348	  0.075
       8.352	  0.083
       8.356	  0.092
       8.360	  0.100
       8.364	  0.110
       8.368	  0.120
       8.372	  0.130
       8.376	  0.145
       8.380	  0.152
       8.384	  0.158
       8.388	  0.165
       8.392	  0.172
       8.396	  0.175
       8.400	  0.182
       8.404	  0.190
       8.408	  0.195
       8.412	  0.203
       8.416	  0.207
       8.420	  0.210
       8.424	  0.212
       8.428	  0.212
       8.432	  0.217
       8.436	  0.212
       8.440	  0.212
       8.444	  0.210
       8.448	  0.207
       8.452	  0.207
       8.456	  0.203
       8.460	  0.203
       8.464	  0.207
       8.468	  0.203
       8.472	  0.203
       8.476	  0.203
       8.480	  0.207
       8.484	  0.212
       8.488	  0.217
       8.492	  0.220
       8.496	  0.223
       8.500	  0.230
       8.504	  0.237
       8.508	  0.245
       8.512	  0.250
       8.516	  0.263
       8.520	  0.273
       8.524	  0.285
       8.528	  0.300
       8.532	  0.320
       8.536	  0.345
       8.540	  0.372
       8.544	  0.393
       8.548	  0.410
       8.552	  0.420
       8.556	  0.438
       8.560	  0.448
       8.564	  0.460
       8.568	  0.482
       8.572	  0.512
       8.576	  0.550
       8.580	  0.588
       8.584	  0.608
       8.588	  0.605
       8.592	  0.588
       8.596	  0.560
       8.600	  0.522
       8.604	  0.487
       8.608	  0.475
       8.612	  0.465
       8.616	  0.450
       8.620	  0.420
       8.624	  0.378
       8.628	  0.338
       8.632	  0.318
       8.636	  0.305
       8.640	  0.305
       8.644	  0.300
       8.648	  0.305
       8.652	  0.310
       8.656	  0.312
       8.660	  0.310
       8.664	  0.305
       8.668	  0.310
       8.672	  0.310
       8.676	  0.312
       8.680	  0.310
       8.684	  0.310
       8.688	  0.302
       8.692	  0.295
       8.696	  0.273
       8.700	  0.250
       8.704	  0.247
       8.708	  0.285
       8.712	  0.340
       8.716	  0.422
       8.720	  0.565
       8.724	  0.772
       8.728	  1.038
       8.732	  1.335
       8.736	  1.575
       8.740	  1.750
       8.744	  1.915
       8.748	  2.135
       8.752	  2.337
       8.756	  2.400
       8.760	  2.210
       8.764	  1.788
       8.768	  1.235
       8.772	  0.688
       8.776	  0.258
       8.780	 -0.025
       8.784	 -0.152
       8.788	 -0.180
       8.792	 -0.158
       8.796	 -0.128
       8.800	 -0.110
       8.804	 -0.092
       8.808	 -0.080
       8.812	 -0.080
       8.816	 -0.083
       8.820	 -0.085
       8.824	 -0.080
       8.828	 -0.075
       8.832	 -0.072
       8.836	 -0.070
       8.840	 -0.065
       8.844	 -0.058
       8.848	 -0.055
       8.852	 -0.058
       8.856	 -0.058
       8.860	 -0.055
       8.864	 -0.048
       8.868	 -0.045
       8.872	 -0.043
       8.876	 -0.043
       8.880	 -0.043
       8.884	 -0.045
       8.888	 -0.048
       8.892	 -0.048
       8.896	 -0.048
       8.900	 -0.045
       8.904	 -0.045
       8.908	 -0.045
       8.912	 -0.043
       8.916	 -0.037
       8.920	 -0.030
       8.924	 -0.025
       8.928	 -0.015
       8.932	  0.003
       8.936	  0.010
       8.940	  0.020
       8.944	  0.030
       8.948	  0.048
       8.952	  0.062
       8.956	  0.080
       8.960	  0.090
       8.964	  0.102
       8.968	  0.113
       8.972	  0.135
       8.976	  0.152
       8.980	  0.172
       8.984	  0.190
       8.988	  0.207
       8.992	  0.220
       8.996	  0.230
       9.000	  0.245
       9.004	  0.255
       9.008	  0.268
       9.012	  0.268
       9.016	  0.273
       9.020	  0.275
       9.024	  0.278
       9.028	  0.285
       9.032	  0.292
       9.036	  0.295
       9.040	  0.292
       9.044	  0.290
       9.048	  0.292
       9.052	  0.295
       9.056	  0.295
       9.060	  0.292
       9.064	  0.290
       9.068	  0.282
       9.072	  0.278
       9.076	  0.275
       9.080	  0.268
       9.084	  0.268
       9.088	  0.268
       9.092	  0.273
       9.096	  0.278
       9.100	  0.282
       9.104	  0.282
       9.108	  0.282
       9.112	  0.282
       9.116	  0.285
       9.120	  0.285
       9.124	  0.295
       9.128	  0.300
       9.132	  0.305
       9.136	  0.312
       9.140	  0.320
       9.144	  0.330
       9.148	  0.350
       9.152	  0.367
       9.156	  0.385
       9.160	  0.400
       9.164	  0.410
       9.168	  0.415
       9.172	  0.427
       9.176	  0.438
       9.180	  0.443
       9.184	  0.455
       9.188	  0.487
       9.192	  0.525
       9.196	  0.557
       9.200	  0.568
       9.204	  0.560
       9.208	  0.540
       9.212	  0.502
       9.216	  0.465
       9.220	  0.432
       9.224	  0.415
       9.228	  0.403
       9.232	  0.383
       9.236	  0.340
       9.240	  0.302
       9.244	  0.268
       9.248	  0.250
       9.252	  0.245
       9.256	  0.240
       9.260	  0.237
       9.264	  0.245
       9.268	  0.245
       9.272	  0.245
       9.276	  0.240
       9.280	  0.235
       9.284	  0.235
       9.288	  0.235
       9.292	  0.235
       9.296	  0.230
       9.300	  0.230
       9.304	  0.228
       9.308	  0.223
       9.312	  0.203
       9.316	  0.182
       9.320	  0.180
       9.324	  0.217
       9.328	  0.268
       9.332	  0.345
       9.336	  0.477
       9.340	  0.677
       9.344	  0.943
       9.348	  1.252
       9.352	  1.495
       9.356	  1.665
       9.360	  1.817
       9.364	  2.033
       9.368	  2.230
       9.372	  2.300
       9.376	  2.132
       9.380	  1.735
       9.384	  1.198
       9.388	  0.662
       9.392	  0.240
       9.396	 -0.045
       9.400	 -0.185
       9.404	 -0.220
       9.408	 -0.207
       9.412	 -0.182
       9.416	 -0.165
       9.420	 -0.152
       9.424	 -0.140
       9.428	 -0.140
       9.432	 -0.140
       9.436	 -0.145
       9.440	 -0.138
       9.444	 -0.128
       9.448	 -0.120
       9.452	 -0.120
       9.456	 -0.117
       9.460	 -0.113
       9.464	 -0.110
       9.468	 -0.110
       9.472	 -0.107
       9.476	 -0.100
       9.480	 -0.098
       9.484	 -0.098
       9.488	 -0.098
       9.492	 -0.092
       9.496	 -0.092
       9.500	 -0.090
       9.504	 -0.085
       9.508	 -0.083
       9.512	 -0.080
       9.516	 -0.070
       9.520	 -0.062
       9.524	 -0.055
       9.528	 -0.045
       9.532	 -0.037
       9.536	 -0.030
       9.540	 -0.028
       9.544	 -0.015
       9.548	  0.010
       9.552	  0.020
       9.556	  0.035
       9.560	  0.048
       9.564	  0.062
       9.568	  0.075
       9.572	  0.085
       9.576	  0.102
       9.580	  0.120
       9.584	  0.135
       9.588	  0.152
       9.592	  0.165
       9.596	  0.175
       9.600	  0.190
       9.604	  0.207
       9.608	  0.217
       9.612	  0.228
       9.616	  0.237
       9.620	  0.245
       9.624	  0.250
       9.628	  0.255
       9.632	  0.263
       9.636	  0.273
       9.640	  0.275
       9.644	  0.275
       9.648	  0.278
       9.652	  0.278
       9.656	  0.278
       9.660	  0.273
       9.664	  0.273
       9.668	  0.265
       9.672	  0.265
       9.676	  0.263
       9.680	  0.263
       9.684	  0.263
       9.688	  0.263
       9.692	  0.258
       9.696	  0.255
       9.700	  0.250
       9.704	  0.250
       9.708	  0.258
       9.712	  0.263
       9.716	  0.263
       9.720	  0.265
       9.724	  0.268
       9.728	  0.268
       9.732	  0.273
       9.736	  0.275
       9.740	  0.275
       9.744	  0.275
       9.748	  0.282
       9.752	  0.290
       9.756	  0.300
       9.760	  0.318
       9.764	  0.338
       9.768	  0.360
       9.772	  0.383
       9.776	  0.400
       9.780	  0.420
       9.784	  0.432
       9.788	  0.443
       9.792	  0.458
       9.796	  0.470
       9.800	  0.502
       9.804	  0.537
       9.808	  0.568
       9.812	  0.578
       9.816	  0.570
       9.820	  0.542
       9.824	  0.505
       9.828	  0.458
       9.832	  0.415
       9.836	  0.388
       9.840	  0.372
       9.844	  0.350
       9.848	  0.323
       9.852	  0.282
       9.856	  0.245
       9.860	  0.228
       9.864	  0.217
       9.868	  0.217
       9.872	  0.217
       9.876	  0.223
       9.880	  0.230
       9.884	  0.230
       9.888	  0.230
       9.892	  0.230
       9.896	  0.230
       9.900	  0.235
       9.904	  0.237
       9.908	  0.240
       9.912	  0.240
       9.916	  0.235
       9.920	  0.230
       9.924	  0.212
       9.928	  0.190
       9.932	  0.180
       9.936	  0.200
       9.940	  0.245
       9.944	  0.300
       9.948	  0.403
       9.952	  0.568
       9.956	  0.800
       9.960	  1.090
       9.964	  1.373
       9.968	  1.567
       9.972	  1.732
       9.976	  1.935
       9.980	  2.118
       9.984	  2.263
       9.988	  2.217
       9.992	  1.917
       9.996	  1.350
