Elapsed_time	ECG
       0.000	  0.690
       0.004	  0.770
       0.008	  0.917
       0.012	  1.125
       0.016	  1.345
       0.020	  1.570
       0.024	  1.802
       0.028	  2.025
       0.032	  2.172
       0.036	  2.217
       0.040	  2.172
       0.044	  2.110
       0.048	  2.007
       0.052	  1.785
       0.056	  1.427
       0.060	  0.983
       0.064	  0.585
       0.068	  0.285
       0.072	  0.092
       0.076	 -0.052
       0.080	 -0.138
       0.084	 -0.172
       0.088	 -0.180
       0.092	 -0.193
       0.096	 -0.207
       0.100	 -0.220
       0.104	 -0.207
       0.108	 -0.200
       0.112	 -0.220
       0.116	 -0.237
       0.120	 -0.235
       0.124	 -0.237
       0.128	 -0.240
       0.132	 -0.240
       0.136	 -0.230
       0.140	 -0.230
       0.144	 -0.235
       0.148	 -0.245
       0.152	 -0.245
       0.156	 -0.250
       0.160	 -0.258
       0.164	 -0.265
       0.168	 -0.273
       0.172	 -0.278
       0.176	 -0.273
       0.180	 -0.268
       0.184	 -0.273
       0.188	 -0.275
       0.192	 -0.268
       0.196	 -0.263
       0.200	 -0.247
       0.204	 -0.228
       0.208	 -0.210
       0.212	 -0.193
       0.216	 -0.180
       0.220	 -0.158
       0.224	 -0.138
       0.228	 -0.117
       0.232	 -0.098
       0.236	 -0.072
       0.240	 -0.055
       0.244	 -0.035
       0.248	  0.000
       0.252	  0.030
       0.256	  0.058
       0.260	  0.072
       0.264	  0.083
       0.268	  0.090
       0.272	  0.090
       0.276	  0.100
       0.280	  0.107
       0.284	  0.102
       0.288	  0.098
       0.292	  0.092
       0.296	  0.098
       0.300	  0.100
       0.304	  0.110
       0.308	  0.120
       0.312	  0.120
       0.316	  0.107
       0.320	  0.098
       0.324	  0.092
       0.328	  0.092
       0.332	  0.092
       0.336	  0.092
       0.340	  0.083
       0.344	  0.083
       0.348	  0.080
       0.352	  0.075
       0.356	  0.075
       0.360	  0.085
       0.364	  0.102
       0.368	  0.130
       0.372	  0.158
       0.376	  0.168
       0.380	  0.182
       0.384	  0.200
       0.388	  0.217
       0.392	  0.245
       0.396	  0.258
       0.400	  0.247
       0.404	  0.240
       0.408	  0.220
       0.412	  0.203
       0.416	  0.180
       0.420	  0.165
       0.424	  0.163
       0.428	  0.175
       0.432	  0.212
       0.436	  0.250
       0.440	  0.273
       0.444	  0.275
       0.448	  0.258
       0.452	  0.245
       0.456	  0.223
       0.460	  0.210
       0.464	  0.175
       0.468	  0.135
       0.472	  0.083
       0.476	  0.043
       0.480	  0.003
       0.484	 -0.028
       0.488	 -0.043
       0.492	 -0.037
       0.496	 -0.052
       0.500	 -0.065
       0.504	 -0.072
       0.508	 -0.080
       0.512	 -0.075
       0.516	 -0.080
       0.520	 -0.072
       0.524	 -0.075
       0.528	 -0.075
       0.532	 -0.085
       0.536	 -0.092
       0.540	 -0.100
       0.544	 -0.102
       0.548	 -0.102
       0.552	 -0.107
       0.556	 -0.110
       0.560	 -0.113
       0.564	 -0.120
       0.568	 -0.113
       0.572	 -0.107
       0.576	 -0.100
       0.580	 -0.075
       0.584	 -0.072
       0.588	 -0.070
       0.592	 -0.045
       0.596	  0.018
       0.600	  0.100
       0.604	  0.190
       0.608	  0.265
       0.612	  0.338
       0.616	  0.400
       0.620	  0.465
       0.624	  0.575
       0.628	  0.743
       0.632	  0.932
       0.636	  1.145
       0.640	  1.373
       0.644	  1.610
       0.648	  1.802
       0.652	  1.897
       0.656	  1.895
       0.660	  1.845
       0.664	  1.788
       0.668	  1.692
       0.672	  1.448
       0.676	  1.062
       0.680	  0.632
       0.684	  0.263
       0.688	  0.000
       0.692	 -0.172
       0.696	 -0.278
       0.700	 -0.338
       0.704	 -0.350
       0.708	 -0.347
       0.712	 -0.355
       0.716	 -0.372
       0.720	 -0.372
       0.724	 -0.360
       0.728	 -0.357
       0.732	 -0.360
       0.736	 -0.355
       0.740	 -0.340
       0.744	 -0.333
       0.748	 -0.330
       0.752	 -0.328
       0.756	 -0.323
       0.760	 -0.310
       0.764	 -0.310
       0.768	 -0.305
       0.772	 -0.302
       0.776	 -0.302
       0.780	 -0.300
       0.784	 -0.300
       0.788	 -0.305
       0.792	 -0.312
       0.796	 -0.318
       0.800	 -0.320
       0.804	 -0.318
       0.808	 -0.305
       0.812	 -0.292
       0.816	 -0.295
       0.820	 -0.292
       0.824	 -0.282
       0.828	 -0.268
       0.832	 -0.247
       0.836	 -0.220
       0.840	 -0.193
       0.844	 -0.168
       0.848	 -0.107
       0.852	 -0.110
       0.856	 -0.085
       0.860	 -0.062
       0.864	 -0.037
       0.868	 -0.015
       0.872	  0.028
       0.876	  0.062
       0.880	  0.090
       0.884	  0.098
       0.888	  0.100
       0.892	  0.100
       0.896	  0.107
       0.900	  0.113
       0.904	  0.125
       0.908	  0.128
       0.912	  0.130
       0.916	  0.130
       0.920	  0.135
       0.924	  0.138
       0.928	  0.140
       0.932	  0.140
       0.936	  0.140
       0.940	  0.138
       0.944	  0.140
       0.948	  0.135
       0.952	  0.130
       0.956	  0.120
       0.960	  0.110
       0.964	  0.107
       0.968	  0.102
       0.972	  0.102
       0.976	  0.107
       0.980	  0.130
       0.984	  0.163
       0.988	  0.182
       0.992	  0.200
       0.996	  0.223
       1.000	  0.247
       1.004	  0.275
       1.008	  0.290
       1.012	  0.292
       1.016	  0.273
       1.020	  0.247
       1.024	  0.217
       1.028	  0.190
       1.032	  0.158
       1.036	  0.135
       1.040	  0.125
       1.044	  0.128
       1.048	  0.145
       1.052	  0.175
       1.056	  0.203
       1.060	  0.220
       1.064	  0.212
       1.068	  0.185
       1.072	  0.158
       1.076	  0.135
       1.080	  0.113
       1.084	  0.083
       1.088	  0.052
       1.092	  0.020
       1.096	  0.010
       1.100	  0.007
       1.104	  0.003
       1.108	  0.000
       1.112	  0.000
       1.116	  0.000
       1.120	  0.007
       1.124	  0.007
       1.128	  0.015
       1.132	  0.020
       1.136	  0.025
       1.140	  0.025
       1.144	  0.025
       1.148	  0.028
       1.152	  0.025
       1.156	  0.020
       1.160	  0.020
       1.164	  0.020
       1.168	  0.025
       1.172	  0.028
       1.176	  0.028
       1.180	  0.037
       1.184	  0.037
       1.188	  0.035
       1.192	  0.030
       1.196	  0.035
       1.200	  0.048
       1.204	  0.085
       1.208	  0.145
       1.212	  0.217
       1.216	  0.290
       1.220	  0.365
       1.224	  0.430
       1.228	  0.487
       1.232	  0.550
       1.236	  0.660
       1.240	  0.825
       1.244	  1.020
       1.248	  1.228
       1.252	  1.455
       1.256	  1.692
       1.260	  1.885
       1.264	  1.990
       1.268	  1.990
       1.272	  1.935
       1.276	  1.863
       1.280	  1.740
       1.284	  1.478
       1.288	  1.093
       1.292	  0.670
       1.296	  0.305
       1.300	  0.052
       1.304	 -0.117
       1.308	 -0.220
       1.312	 -0.285
       1.316	 -0.310
       1.320	 -0.312
       1.324	 -0.330
       1.328	 -0.350
       1.332	 -0.355
       1.336	 -0.345
       1.340	 -0.355
       1.344	 -0.365
       1.348	 -0.375
       1.352	 -0.378
       1.356	 -0.385
       1.360	 -0.393
       1.364	 -0.395
       1.368	 -0.400
       1.372	 -0.405
       1.376	 -0.420
       1.380	 -0.422
       1.384	 -0.427
       1.388	 -0.427
       1.392	 -0.430
       1.396	 -0.440
       1.400	 -0.448
       1.404	 -0.450
       1.408	 -0.448
       1.412	 -0.455
       1.416	 -0.460
       1.420	 -0.460
       1.424	 -0.455
       1.428	 -0.440
       1.432	 -0.422
       1.436	 -0.400
       1.440	 -0.372
       1.444	 -0.350
       1.448	 -0.323
       1.452	 -0.302
       1.456	 -0.278
       1.460	 -0.247
       1.464	 -0.228
       1.468	 -0.180
       1.472	 -0.152
       1.476	 -0.120
       1.480	 -0.100
       1.484	 -0.083
       1.488	 -0.062
       1.492	 -0.043
       1.496	 -0.018
       1.500	  0.010
       1.504	  0.025
       1.508	  0.035
       1.512	  0.052
       1.516	  0.072
       1.520	  0.083
       1.524	  0.075
       1.528	  0.065
       1.532	  0.062
       1.536	  0.072
       1.540	  0.083
       1.544	  0.098
       1.548	  0.107
       1.552	  0.102
       1.556	  0.098
       1.560	  0.090
       1.564	  0.090
       1.568	  0.092
       1.572	  0.092
       1.576	  0.085
       1.580	  0.083
       1.584	  0.083
       1.588	  0.090
       1.592	  0.100
       1.596	  0.117
       1.600	  0.130
       1.604	  0.163
       1.608	  0.190
       1.612	  0.212
       1.616	  0.223
       1.620	  0.230
       1.624	  0.228
       1.628	  0.217
       1.632	  0.195
       1.636	  0.175
       1.640	  0.147
       1.644	  0.135
       1.648	  0.120
       1.652	  0.117
       1.656	  0.120
       1.660	  0.138
       1.664	  0.158
       1.668	  0.165
       1.672	  0.165
       1.676	  0.158
       1.680	  0.145
       1.684	  0.135
       1.688	  0.113
       1.692	  0.080
       1.696	  0.035
       1.700	 -0.025
       1.704	 -0.048
       1.708	 -0.052
       1.712	 -0.043
       1.716	 -0.028
       1.720	 -0.015
       1.724	 -0.018
       1.728	 -0.018
       1.732	 -0.028
       1.736	 -0.028
       1.740	 -0.028
       1.744	 -0.020
       1.748	 -0.015
       1.752	  0.000
       1.756	  0.007
       1.760	  0.015
       1.764	  0.010
       1.768	  0.000
       1.772	 -0.018
       1.776	 -0.025
       1.780	  0.000
       1.784	  0.010
       1.788	  0.015
       1.792	  0.007
       1.796	  0.003
       1.800	  0.000
       1.804	  0.007
       1.808	  0.025
       1.812	  0.065
       1.816	  0.128
       1.820	  0.212
       1.824	  0.295
       1.828	  0.378
       1.832	  0.443
       1.836	  0.495
       1.840	  0.565
       1.844	  0.703
       1.848	  0.880
       1.852	  1.073
       1.856	  1.280
       1.860	  1.515
       1.864	  1.750
       1.868	  1.913
       1.872	  1.970
       1.876	  1.940
       1.880	  1.877
       1.884	  1.785
       1.888	  1.595
       1.892	  1.268
       1.896	  0.853
       1.900	  0.458
       1.904	  0.158
       1.908	 -0.052
       1.912	 -0.185
       1.916	 -0.278
       1.920	 -0.318
       1.924	 -0.330
       1.928	 -0.338
       1.932	 -0.355
       1.936	 -0.357
       1.940	 -0.350
       1.944	 -0.345
       1.948	 -0.350
       1.952	 -0.357
       1.956	 -0.360
       1.960	 -0.360
       1.964	 -0.367
       1.968	 -0.375
       1.972	 -0.378
       1.976	 -0.378
       1.980	 -0.383
       1.984	 -0.393
       1.988	 -0.400
       1.992	 -0.405
       1.996	 -0.400
       2.000	 -0.400
       2.004	 -0.395
       2.008	 -0.400
       2.012	 -0.405
       2.016	 -0.420
       2.020	 -0.432
       2.024	 -0.438
       2.028	 -0.432
       2.032	 -0.427
       2.036	 -0.403
       2.040	 -0.378
       2.044	 -0.350
       2.048	 -0.323
       2.052	 -0.295
       2.056	 -0.263
       2.060	 -0.235
       2.064	 -0.212
       2.068	 -0.182
       2.072	 -0.152
       2.076	 -0.120
       2.080	 -0.092
       2.084	 -0.070
       2.088	 -0.045
       2.092	 -0.028
       2.096	  0.007
       2.100	  0.020
       2.104	  0.030
       2.108	  0.043
       2.112	  0.052
       2.116	  0.058
       2.120	  0.070
       2.124	  0.075
       2.128	  0.080
       2.132	  0.083
       2.136	  0.090
       2.140	  0.090
       2.144	  0.098
       2.148	  0.107
       2.152	  0.110
       2.156	  0.107
       2.160	  0.110
       2.164	  0.117
       2.168	  0.128
       2.172	  0.135
       2.176	  0.138
       2.180	  0.140
       2.184	  0.145
       2.188	  0.145
       2.192	  0.145
       2.196	  0.155
       2.200	  0.165
       2.204	  0.175
       2.208	  0.190
       2.212	  0.200
       2.216	  0.207
       2.220	  0.212
       2.224	  0.217
       2.228	  0.217
       2.232	  0.217
       2.236	  0.207
       2.240	  0.180
       2.244	  0.155
       2.248	  0.138
       2.252	  0.130
       2.256	  0.125
       2.260	  0.135
       2.264	  0.152
       2.268	  0.158
       2.272	  0.163
       2.276	  0.165
       2.280	  0.158
       2.284	  0.152
       2.288	  0.145
       2.292	  0.130
       2.296	  0.100
       2.300	  0.048
       2.304	  0.010
       2.308	 -0.025
       2.312	 -0.030
       2.316	 -0.035
       2.320	 -0.035
       2.324	 -0.043
       2.328	 -0.037
       2.332	 -0.043
       2.336	 -0.035
       2.340	 -0.025
       2.344	  0.000
       2.348	 -0.015
       2.352	 -0.018
       2.356	 -0.030
       2.360	 -0.043
       2.364	 -0.045
       2.368	 -0.045
       2.372	 -0.035
       2.376	 -0.028
       2.380	 -0.020
       2.384	 -0.018
       2.388	  0.000
       2.392	  0.000
       2.396	  0.010
       2.400	  0.010
       2.404	  0.015
       2.408	  0.020
       2.412	  0.037
       2.416	  0.080
       2.420	  0.152
       2.424	  0.240
       2.428	  0.330
       2.432	  0.405
       2.436	  0.468
       2.440	  0.522
       2.444	  0.623
       2.448	  0.785
       2.452	  0.983
       2.456	  1.192
       2.460	  1.417
       2.464	  1.653
       2.468	  1.863
       2.472	  1.988
       2.476	  2.005
       2.480	  1.952
       2.484	  1.880
       2.488	  1.760
       2.492	  1.532
       2.496	  1.170
       2.500	  0.730
       2.504	  0.340
       2.508	  0.045
       2.512	 -0.158
       2.516	 -0.278
       2.520	 -0.345
       2.524	 -0.367
       2.528	 -0.367
       2.532	 -0.375
       2.536	 -0.393
       2.540	 -0.405
       2.544	 -0.400
       2.548	 -0.393
       2.552	 -0.395
       2.556	 -0.400
       2.560	 -0.395
       2.564	 -0.388
       2.568	 -0.395
       2.572	 -0.405
       2.576	 -0.410
       2.580	 -0.415
       2.584	 -0.427
       2.588	 -0.440
       2.592	 -0.440
       2.596	 -0.438
       2.600	 -0.440
       2.604	 -0.440
       2.608	 -0.455
       2.612	 -0.455
       2.616	 -0.455
       2.620	 -0.443
       2.624	 -0.430
       2.628	 -0.420
       2.632	 -0.415
       2.636	 -0.403
       2.640	 -0.400
       2.644	 -0.393
       2.648	 -0.383
       2.652	 -0.360
       2.656	 -0.338
       2.660	 -0.300
       2.664	 -0.263
       2.668	 -0.235
       2.672	 -0.217
       2.676	 -0.195
       2.680	 -0.172
       2.684	 -0.145
       2.688	 -0.113
       2.692	 -0.090
       2.696	 -0.062
       2.700	 -0.037
       2.704	 -0.015
       2.708	  0.015
       2.712	  0.030
       2.716	  0.030
       2.720	  0.043
       2.724	  0.045
       2.728	  0.048
       2.732	  0.052
       2.736	  0.062
       2.740	  0.065
       2.744	  0.075
       2.748	  0.080
       2.752	  0.080
       2.756	  0.070
       2.760	  0.065
       2.764	  0.062
       2.768	  0.070
       2.772	  0.070
       2.776	  0.072
       2.780	  0.080
       2.784	  0.083
       2.788	  0.083
       2.792	  0.072
       2.796	  0.065
       2.800	  0.070
       2.804	  0.085
       2.808	  0.098
       2.812	  0.110
       2.816	  0.125
       2.820	  0.138
       2.824	  0.147
       2.828	  0.158
       2.832	  0.158
       2.836	  0.145
       2.840	  0.125
       2.844	  0.107
       2.848	  0.092
       2.852	  0.085
       2.856	  0.090
       2.860	  0.098
       2.864	  0.107
       2.868	  0.120
       2.872	  0.128
       2.876	  0.125
       2.880	  0.117
       2.884	  0.107
       2.888	  0.098
       2.892	  0.083
       2.896	  0.062
       2.900	  0.028
       2.904	 -0.018
       2.908	 -0.045
       2.912	 -0.048
       2.916	 -0.045
       2.920	 -0.043
       2.924	 -0.043
       2.928	 -0.037
       2.932	 -0.035
       2.936	 -0.028
       2.940	 -0.028
       2.944	 -0.020
       2.948	 -0.018
       2.952	  0.000
       2.956	 -0.015
       2.960	 -0.018
       2.964	 -0.025
       2.968	 -0.020
       2.972	 -0.015
       2.976	  0.007
       2.980	  0.010
       2.984	  0.000
       2.988	 -0.020
       2.992	 -0.028
       2.996	 -0.020
       3.000	  0.000
       3.004	  0.015
       3.008	  0.025
       3.012	  0.043
       3.016	  0.075
       3.020	  0.138
       3.024	  0.217
       3.028	  0.302
       3.032	  0.385
       3.036	  0.460
       3.040	  0.522
       3.044	  0.613
       3.048	  0.762
       3.052	  0.963
       3.056	  1.183
       3.060	  1.417
       3.064	  1.653
       3.068	  1.860
       3.072	  1.990
       3.076	  2.010
       3.080	  1.968
       3.084	  1.900
       3.088	  1.808
       3.092	  1.595
       3.096	  1.240
       3.100	  0.807
       3.104	  0.405
       3.108	  0.107
       3.112	 -0.100
       3.116	 -0.235
       3.120	 -0.320
       3.124	 -0.360
       3.128	 -0.372
       3.132	 -0.383
       3.136	 -0.393
       3.140	 -0.400
       3.144	 -0.388
       3.148	 -0.388
       3.152	 -0.400
       3.156	 -0.412
       3.160	 -0.415
       3.164	 -0.412
       3.168	 -0.412
       3.172	 -0.427
       3.176	 -0.430
       3.180	 -0.430
       3.184	 -0.432
       3.188	 -0.432
       3.192	 -0.440
       3.196	 -0.440
       3.200	 -0.450
       3.204	 -0.455
       3.208	 -0.460
       3.212	 -0.460
       3.216	 -0.460
       3.220	 -0.460
       3.224	 -0.450
       3.228	 -0.438
       3.232	 -0.430
       3.236	 -0.432
       3.240	 -0.430
       3.244	 -0.422
       3.248	 -0.400
       3.252	 -0.367
       3.256	 -0.333
       3.260	 -0.305
       3.264	 -0.275
       3.268	 -0.250
       3.272	 -0.220
       3.276	 -0.193
       3.280	 -0.158
       3.284	 -0.120
       3.288	 -0.090
       3.292	 -0.062
       3.296	 -0.043
       3.300	 -0.025
       3.304	  0.007
       3.308	  0.025
       3.312	  0.045
       3.316	  0.052
       3.320	  0.055
       3.324	  0.055
       3.328	  0.055
       3.332	  0.055
       3.336	  0.058
       3.340	  0.065
       3.344	  0.072
       3.348	  0.080
       3.352	  0.085
       3.356	  0.085
       3.360	  0.085
       3.364	  0.090
       3.368	  0.085
       3.372	  0.083
       3.376	  0.083
       3.380	  0.085
       3.384	  0.085
       3.388	  0.085
       3.392	  0.083
       3.396	  0.090
       3.400	  0.092
       3.404	  0.102
       3.408	  0.113
       3.412	  0.125
       3.416	  0.135
       3.420	  0.152
       3.424	  0.163
       3.428	  0.165
       3.432	  0.163
       3.436	  0.152
       3.440	  0.140
       3.444	  0.128
       3.448	  0.120
       3.452	  0.120
       3.456	  0.113
       3.460	  0.113
       3.464	  0.117
       3.468	  0.128
       3.472	  0.130
       3.476	  0.130
       3.480	  0.135
       3.484	  0.125
       3.488	  0.110
       3.492	  0.085
       3.496	  0.058
       3.500	  0.028
       3.504	  0.007
       3.508	  0.003
       3.512	  0.000
       3.516	 -0.015
       3.520	 -0.018
       3.524	 -0.020
       3.528	 -0.018
       3.532	 -0.020
       3.536	 -0.015
       3.540	  0.000
       3.544	  0.000
       3.548	  0.007
       3.552	  0.010
       3.556	  0.010
       3.560	  0.003
       3.564	  0.007
       3.568	  0.003
       3.572	  0.003
       3.576	  0.007
       3.580	  0.010
       3.584	  0.007
       3.588	  0.007
       3.592	  0.010
       3.596	  0.020
       3.600	  0.028
       3.604	  0.043
       3.608	  0.058
       3.612	  0.090
       3.616	  0.138
       3.620	  0.203
       3.624	  0.275
       3.628	  0.345
       3.632	  0.405
       3.636	  0.465
       3.640	  0.530
       3.644	  0.642
       3.648	  0.818
       3.652	  1.018
       3.656	  1.225
       3.660	  1.450
       3.664	  1.692
       3.668	  1.895
       3.672	  2.007
       3.676	  2.010
       3.680	  1.955
       3.684	  1.890
       3.688	  1.770
       3.692	  1.522
       3.696	  1.120
       3.700	  0.698
       3.704	  0.312
       3.708	  0.043
       3.712	 -0.138
       3.716	 -0.247
       3.720	 -0.312
       3.724	 -0.333
       3.728	 -0.338
       3.732	 -0.350
       3.736	 -0.367
       3.740	 -0.375
       3.744	 -0.365
       3.748	 -0.375
       3.752	 -0.385
       3.756	 -0.385
       3.760	 -0.375
       3.764	 -0.378
       3.768	 -0.388
       3.772	 -0.395
       3.776	 -0.400
       3.780	 -0.393
       3.784	 -0.403
       3.788	 -0.410
       3.792	 -0.422
       3.796	 -0.430
       3.800	 -0.440
       3.804	 -0.440
       3.808	 -0.440
       3.812	 -0.438
       3.816	 -0.440
       3.820	 -0.432
       3.824	 -0.430
       3.828	 -0.420
       3.832	 -0.415
       3.836	 -0.403
       3.840	 -0.393
       3.844	 -0.375
       3.848	 -0.355
       3.852	 -0.323
       3.856	 -0.295
       3.860	 -0.265
       3.864	 -0.228
       3.868	 -0.193
       3.872	 -0.163
       3.876	 -0.135
       3.880	 -0.102
       3.884	 -0.072
       3.888	 -0.048
       3.892	 -0.028
       3.896	  0.003
       3.900	  0.025
       3.904	  0.052
       3.908	  0.072
       3.912	  0.080
       3.916	  0.080
       3.920	  0.080
       3.924	  0.080
       3.928	  0.083
       3.932	  0.085
       3.936	  0.092
       3.940	  0.092
       3.944	  0.100
       3.948	  0.107
       3.952	  0.107
       3.956	  0.102
       3.960	  0.098
       3.964	  0.098
       3.968	  0.100
       3.972	  0.107
       3.976	  0.107
       3.980	  0.113
       3.984	  0.128
       3.988	  0.140
       3.992	  0.152
       3.996	  0.165
       4.000	  0.165
       4.004	  0.168
       4.008	  0.175
       4.012	  0.195
       4.016	  0.212
       4.020	  0.220
       4.024	  0.220
       4.028	  0.207
       4.032	  0.185
       4.036	  0.168
       4.040	  0.155
       4.044	  0.152
       4.048	  0.155
       4.052	  0.168
       4.056	  0.182
       4.060	  0.185
       4.064	  0.180
       4.068	  0.165
       4.072	  0.163
       4.076	  0.163
       4.080	  0.158
       4.084	  0.135
       4.088	  0.102
       4.092	  0.070
       4.096	  0.048
       4.100	  0.028
       4.104	  0.025
       4.108	  0.025
       4.112	  0.025
       4.116	  0.020
       4.120	  0.028
       4.124	  0.025
       4.128	  0.020
       4.132	  0.015
       4.136	  0.020
       4.140	  0.025
       4.144	  0.028
       4.148	  0.035
       4.152	  0.035
       4.156	  0.030
       4.160	  0.030
       4.164	  0.030
       4.168	  0.035
       4.172	  0.035
       4.176	  0.035
       4.180	  0.035
       4.184	  0.043
       4.188	  0.052
       4.192	  0.055
       4.196	  0.062
       4.200	  0.065
       4.204	  0.080
       4.208	  0.107
       4.212	  0.163
       4.216	  0.235
       4.220	  0.320
       4.224	  0.403
       4.228	  0.482
       4.232	  0.547
       4.236	  0.632
       4.240	  0.760
       4.244	  0.925
       4.248	  1.100
       4.252	  1.292
       4.256	  1.512
       4.260	  1.748
       4.264	  1.923
       4.268	  1.995
       4.272	  1.980
       4.276	  1.925
       4.280	  1.850
       4.284	  1.667
       4.288	  1.337
       4.292	  0.910
       4.296	  0.502
       4.300	  0.182
       4.304	 -0.035
       4.308	 -0.165
       4.312	 -0.247
       4.316	 -0.295
       4.320	 -0.305
       4.324	 -0.318
       4.328	 -0.333
       4.332	 -0.345
       4.336	 -0.338
       4.340	 -0.330
       4.344	 -0.328
       4.348	 -0.338
       4.352	 -0.338
       4.356	 -0.340
       4.360	 -0.347
       4.364	 -0.355
       4.368	 -0.355
       4.372	 -0.357
       4.376	 -0.357
       4.380	 -0.360
       4.384	 -0.372
       4.388	 -0.383
       4.392	 -0.400
       4.396	 -0.412
       4.400	 -0.420
       4.404	 -0.415
       4.408	 -0.415
       4.412	 -0.412
       4.416	 -0.415
       4.420	 -0.405
       4.424	 -0.395
       4.428	 -0.388
       4.432	 -0.375
       4.436	 -0.355
       4.440	 -0.333
       4.444	 -0.305
       4.448	 -0.282
       4.452	 -0.250
       4.456	 -0.220
       4.460	 -0.190
       4.464	 -0.155
       4.468	 -0.128
       4.472	 -0.098
       4.476	 -0.070
       4.480	 -0.043
       4.484	 -0.020
       4.488	  0.010
       4.492	  0.028
       4.496	  0.052
       4.500	  0.070
       4.504	  0.092
       4.508	  0.110
       4.512	  0.125
       4.516	  0.130
       4.520	  0.138
       4.524	  0.140
       4.528	  0.140
       4.532	  0.135
       4.536	  0.138
       4.540	  0.130
       4.544	  0.130
       4.548	  0.135
       4.552	  0.138
       4.556	  0.138
       4.560	  0.130
       4.564	  0.130
       4.568	  0.135
       4.572	  0.145
       4.576	  0.158
       4.580	  0.175
       4.584	  0.193
       4.588	  0.203
       4.592	  0.210
       4.596	  0.212
       4.600	  0.210
       4.604	  0.207
       4.608	  0.195
       4.612	  0.190
       4.616	  0.168
       4.620	  0.155
       4.624	  0.140
       4.628	  0.135
       4.632	  0.130
       4.636	  0.138
       4.640	  0.145
       4.644	  0.155
       4.648	  0.158
       4.652	  0.158
       4.656	  0.163
       4.660	  0.163
       4.664	  0.155
       4.668	  0.135
       4.672	  0.107
       4.676	  0.075
       4.680	  0.043
       4.684	  0.025
       4.688	  0.010
       4.692	  0.007
       4.696	  0.007
       4.700	  0.003
       4.704	  0.010
       4.708	  0.015
       4.712	  0.025
       4.716	  0.020
       4.720	  0.018
       4.724	  0.010
       4.728	  0.015
       4.732	  0.020
       4.736	  0.030
       4.740	  0.030
       4.744	  0.028
       4.748	  0.028
       4.752	  0.037
       4.756	  0.043
       4.760	  0.045
       4.764	  0.043
       4.768	  0.037
       4.772	  0.043
       4.776	  0.045
       4.780	  0.043
       4.784	  0.043
       4.788	  0.052
       4.792	  0.090
       4.796	  0.152
       4.800	  0.235
       4.804	  0.323
       4.808	  0.400
       4.812	  0.477
       4.816	  0.547
       4.820	  0.623
       4.824	  0.735
       4.828	  0.887
       4.832	  1.060
       4.836	  1.252
       4.840	  1.460
       4.844	  1.705
       4.848	  1.907
       4.852	  2.022
       4.856	  2.027
       4.860	  2.005
       4.864	  1.913
       4.868	  1.768
       4.872	  1.482
       4.876	  1.080
       4.880	  0.660
       4.884	  0.302
       4.888	  0.055
       4.892	 -0.110
       4.896	 -0.212
       4.900	 -0.275
       4.904	 -0.292
       4.908	 -0.302
       4.912	 -0.310
       4.916	 -0.330
       4.920	 -0.330
       4.924	 -0.328
       4.928	 -0.338
       4.932	 -0.357
       4.936	 -0.360
       4.940	 -0.360
       4.944	 -0.365
       4.948	 -0.378
       4.952	 -0.385
       4.956	 -0.388
       4.960	 -0.393
       4.964	 -0.395
       4.968	 -0.400
       4.972	 -0.393
       4.976	 -0.393
       4.980	 -0.395
       4.984	 -0.412
       4.988	 -0.415
       4.992	 -0.422
       4.996	 -0.422
       5.000	 -0.427
       5.004	 -0.420
       5.008	 -0.415
       5.012	 -0.410
       5.016	 -0.393
       5.020	 -0.372
       5.024	 -0.350
       5.028	 -0.330
       5.032	 -0.305
       5.036	 -0.278
       5.040	 -0.255
       5.044	 -0.223
       5.048	 -0.195
       5.052	 -0.163
       5.056	 -0.120
       5.060	 -0.083
       5.064	 -0.055
       5.068	 -0.035
       5.072	 -0.018
       5.076	  0.010
       5.080	  0.028
       5.084	  0.043
       5.088	  0.058
       5.092	  0.070
       5.096	  0.080
       5.100	  0.098
       5.104	  0.107
       5.108	  0.107
       5.112	  0.107
       5.116	  0.107
       5.120	  0.110
       5.124	  0.107
       5.128	  0.107
       5.132	  0.107
       5.136	  0.110
       5.140	  0.117
       5.144	  0.130
       5.148	  0.152
       5.152	  0.172
       5.156	  0.190
       5.160	  0.203
       5.164	  0.220
       5.168	  0.230
       5.172	  0.237
       5.176	  0.240
       5.180	  0.230
       5.184	  0.217
       5.188	  0.190
       5.192	  0.163
       5.196	  0.147
       5.200	  0.138
       5.204	  0.147
       5.208	  0.163
       5.212	  0.180
       5.216	  0.185
       5.220	  0.190
       5.224	  0.185
       5.228	  0.180
       5.232	  0.165
       5.236	  0.152
       5.240	  0.130
       5.244	  0.107
       5.248	  0.080
       5.252	  0.055
       5.256	  0.043
       5.260	  0.043
       5.264	  0.045
       5.268	  0.043
       5.272	  0.045
       5.276	  0.045
       5.280	  0.048
       5.284	  0.048
       5.288	  0.048
       5.292	  0.045
       5.296	  0.048
       5.300	  0.052
       5.304	  0.062
       5.308	  0.062
       5.312	  0.058
       5.316	  0.045
       5.320	  0.035
       5.324	  0.028
       5.328	  0.030
       5.332	  0.030
       5.336	  0.045
       5.340	  0.052
       5.344	  0.052
       5.348	  0.058
       5.352	  0.065
       5.356	  0.070
       5.360	  0.080
       5.364	  0.113
       5.368	  0.175
       5.372	  0.250
       5.376	  0.333
       5.380	  0.415
       5.384	  0.487
       5.388	  0.552
       5.392	  0.635
       5.396	  0.762
       5.400	  0.927
       5.404	  1.115
       5.408	  1.320
       5.412	  1.555
       5.416	  1.788
       5.420	  1.978
       5.424	  2.055
       5.428	  2.038
       5.432	  1.978
       5.436	  1.900
       5.440	  1.722
       5.444	  1.395
       5.448	  0.970
       5.452	  0.542
       5.456	  0.207
       5.460	 -0.028
       5.464	 -0.175
       5.468	 -0.275
       5.472	 -0.323
       5.476	 -0.333
       5.480	 -0.330
       5.484	 -0.350
       5.488	 -0.372
       5.492	 -0.383
       5.496	 -0.383
       5.500	 -0.388
       5.504	 -0.400
       5.508	 -0.395
       5.512	 -0.388
       5.516	 -0.400
       5.520	 -0.410
       5.524	 -0.415
       5.528	 -0.415
       5.532	 -0.420
       5.536	 -0.422
       5.540	 -0.432
       5.544	 -0.440
       5.548	 -0.440
       5.552	 -0.440
       5.556	 -0.443
       5.560	 -0.438
       5.564	 -0.432
       5.568	 -0.432
       5.572	 -0.432
       5.576	 -0.430
       5.580	 -0.420
       5.584	 -0.410
       5.588	 -0.395
       5.592	 -0.375
       5.596	 -0.350
       5.600	 -0.323
       5.604	 -0.290
       5.608	 -0.265
       5.612	 -0.245
       5.616	 -0.220
       5.620	 -0.185
       5.624	 -0.152
       5.628	 -0.110
       5.632	 -0.072
       5.636	 -0.043
       5.640	 -0.025
       5.644	  0.007
       5.648	  0.035
       5.652	  0.055
       5.656	  0.072
       5.660	  0.083
       5.664	  0.085
       5.668	  0.085
       5.672	  0.090
       5.676	  0.100
       5.680	  0.110
       5.684	  0.107
       5.688	  0.107
       5.692	  0.107
       5.696	  0.117
       5.700	  0.120
       5.704	  0.125
       5.708	  0.125
       5.712	  0.125
       5.716	  0.125
       5.720	  0.128
       5.724	  0.130
       5.728	  0.135
       5.732	  0.147
       5.736	  0.163
       5.740	  0.172
       5.744	  0.190
       5.748	  0.210
       5.752	  0.235
       5.756	  0.258
       5.760	  0.278
       5.764	  0.275
       5.768	  0.250
       5.772	  0.217
       5.776	  0.182
       5.780	  0.145
       5.784	  0.110
       5.788	  0.092
       5.792	  0.092
       5.796	  0.107
       5.800	  0.125
       5.804	  0.140
       5.808	  0.155
       5.812	  0.172
       5.816	  0.172
       5.820	  0.175
       5.824	  0.182
       5.828	  0.180
       5.832	  0.158
       5.836	  0.135
       5.840	  0.102
       5.844	  0.070
       5.848	  0.037
       5.852	  0.025
       5.856	  0.015
       5.860	  0.010
       5.864	  0.007
       5.868	  0.007
       5.872	  0.000
       5.876	 -0.018
       5.880	 -0.018
       5.884	 -0.018
       5.888	  0.000
       5.892	  0.003
       5.896	  0.007
       5.900	  0.003
       5.904	  0.003
       5.908	  0.000
       5.912	  0.000
       5.916	  0.000
       5.920	  0.015
       5.924	  0.020
       5.928	  0.025
       5.932	  0.025
       5.936	  0.028
       5.940	  0.028
       5.944	  0.037
       5.948	  0.045
       5.952	  0.048
       5.956	  0.055
       5.960	  0.090
       5.964	  0.147
       5.968	  0.228
       5.972	  0.312
       5.976	  0.400
       5.980	  0.492
       5.984	  0.568
       5.988	  0.650
       5.992	  0.767
       5.996	  0.927
       6.000	  1.110
       6.004	  1.320
       6.008	  1.550
       6.012	  1.785
       6.016	  1.962
       6.020	  2.050
       6.024	  2.038
       6.028	  1.990
       6.032	  1.923
       6.036	  1.760
       6.040	  1.450
       6.044	  1.028
       6.048	  0.605
       6.052	  0.258
       6.056	  0.018
       6.060	 -0.145
       6.064	 -0.255
       6.068	 -0.318
       6.072	 -0.333
       6.076	 -0.345
       6.080	 -0.360
       6.084	 -0.383
       6.088	 -0.383
       6.092	 -0.375
       6.096	 -0.383
       6.100	 -0.395
       6.104	 -0.395
       6.108	 -0.395
       6.112	 -0.400
       6.116	 -0.410
       6.120	 -0.405
       6.124	 -0.400
       6.128	 -0.393
       6.132	 -0.405
       6.136	 -0.415
       6.140	 -0.427
       6.144	 -0.430
       6.148	 -0.432
       6.152	 -0.427
       6.156	 -0.422
       6.160	 -0.420
       6.164	 -0.422
       6.168	 -0.427
       6.172	 -0.430
       6.176	 -0.427
       6.180	 -0.415
       6.184	 -0.405
       6.188	 -0.385
       6.192	 -0.360
       6.196	 -0.338
       6.200	 -0.323
       6.204	 -0.295
       6.208	 -0.265
       6.212	 -0.228
       6.216	 -0.200
       6.220	 -0.168
       6.224	 -0.138
       6.228	 -0.100
       6.232	 -0.065
       6.236	 -0.028
       6.240	  0.003
       6.244	  0.018
       6.248	  0.030
       6.252	  0.055
       6.256	  0.075
       6.260	  0.092
       6.264	  0.107
       6.268	  0.120
       6.272	  0.138
       6.276	  0.152
       6.280	  0.175
       6.284	  0.193
       6.288	  0.207
       6.292	  0.228
       6.296	  0.255
       6.300	  0.278
       6.304	  0.300
       6.308	  0.300
       6.312	  0.282
       6.316	  0.247
       6.320	  0.212
       6.324	  0.175
       6.328	  0.147
       6.332	  0.128
       6.336	  0.125
       6.340	  0.120
       6.344	  0.130
       6.348	  0.145
       6.352	  0.158
       6.356	  0.165
       6.360	  0.168
       6.364	  0.168
       6.368	  0.165
       6.372	  0.155
       6.376	  0.145
       6.380	  0.125
       6.384	  0.085
       6.388	  0.052
       6.392	  0.015
       6.396	 -0.018
       6.400	 -0.030
       6.404	 -0.043
       6.408	 -0.045
       6.412	 -0.045
       6.416	 -0.043
       6.420	 -0.035
       6.424	 -0.028
       6.428	 -0.020
       6.432	 -0.028
       6.436	 -0.035
       6.440	 -0.043
       6.444	 -0.043
       6.448	 -0.037
       6.452	 -0.035
       6.456	 -0.035
       6.460	 -0.037
       6.464	 -0.035
       6.468	 -0.030
       6.472	 -0.028
       6.476	 -0.020
       6.480	  0.000
       6.484	  0.000
       6.488	 -0.020
       6.492	 -0.028
       6.496	 -0.020
       6.500	  0.003
       6.504	  0.028
       6.508	  0.048
       6.512	  0.080
       6.516	  0.120
       6.520	  0.172
       6.524	  0.228
       6.528	  0.295
       6.532	  0.375
       6.536	  0.482
       6.540	  0.623
       6.544	  0.815
       6.548	  1.048
       6.552	  1.300
       6.556	  1.532
       6.560	  1.748
       6.564	  1.923
       6.568	  2.015
       6.572	  2.007
       6.576	  1.935
       6.580	  1.867
       6.584	  1.790
       6.588	  1.630
       6.592	  1.317
       6.596	  0.900
       6.600	  0.482
       6.604	  0.152
       6.608	 -0.083
       6.612	 -0.223
       6.616	 -0.323
       6.620	 -0.367
       6.624	 -0.378
       6.628	 -0.378
       6.632	 -0.395
       6.636	 -0.410
       6.640	 -0.415
       6.644	 -0.412
       6.648	 -0.420
       6.652	 -0.432
       6.656	 -0.438
       6.660	 -0.430
       6.664	 -0.427
       6.668	 -0.432
       6.672	 -0.432
       6.676	 -0.432
       6.680	 -0.440
       6.684	 -0.458
       6.688	 -0.465
       6.692	 -0.468
       6.696	 -0.468
       6.700	 -0.482
       6.704	 -0.487
       6.708	 -0.497
       6.712	 -0.497
       6.716	 -0.497
       6.720	 -0.495
       6.724	 -0.485
       6.728	 -0.470
       6.732	 -0.458
       6.736	 -0.440
       6.740	 -0.427
       6.744	 -0.403
       6.748	 -0.378
       6.752	 -0.350
       6.756	 -0.330
       6.760	 -0.305
       6.764	 -0.275
       6.768	 -0.240
       6.772	 -0.203
       6.776	 -0.165
       6.780	 -0.128
       6.784	 -0.098
       6.788	 -0.065
       6.792	 -0.037
       6.796	  0.000
       6.800	  0.028
       6.804	  0.062
       6.808	  0.092
       6.812	  0.107
       6.816	  0.125
       6.820	  0.145
       6.824	  0.172
       6.828	  0.207
       6.832	  0.235
       6.836	  0.255
       6.840	  0.255
       6.844	  0.245
       6.848	  0.217
       6.852	  0.175
       6.856	  0.135
       6.860	  0.092
       6.864	  0.070
       6.868	  0.055
       6.872	  0.055
       6.876	  0.058
       6.880	  0.072
       6.884	  0.098
       6.888	  0.125
       6.892	  0.135
       6.896	  0.138
       6.900	  0.135
       6.904	  0.130
       6.908	  0.120
       6.912	  0.100
       6.916	  0.070
       6.920	  0.030
       6.924	  0.000
       6.928	 -0.035
       6.932	 -0.048
       6.936	 -0.055
       6.940	 -0.062
       6.944	 -0.065
       6.948	 -0.065
       6.952	 -0.062
       6.956	 -0.058
       6.960	 -0.055
       6.964	 -0.055
       6.968	 -0.055
       6.972	 -0.052
       6.976	 -0.048
       6.980	 -0.043
       6.984	 -0.043
       6.988	 -0.037
       6.992	 -0.035
       6.996	 -0.035
       7.000	 -0.043
       7.004	 -0.048
       7.008	 -0.045
       7.012	 -0.045
       7.016	 -0.045
       7.020	 -0.043
       7.024	 -0.043
       7.028	 -0.037
       7.032	 -0.035
       7.036	 -0.030
       7.040	 -0.028
       7.044	  0.000
       7.048	  0.043
       7.052	  0.113
       7.056	  0.195
       7.060	  0.275
       7.064	  0.350
       7.068	  0.420
       7.072	  0.497
       7.076	  0.603
       7.080	  0.752
       7.084	  0.927
       7.088	  1.125
       7.092	  1.340
       7.096	  1.570
       7.100	  1.795
       7.104	  1.955
       7.108	  2.018
       7.112	  1.998
       7.116	  1.942
       7.120	  1.857
       7.124	  1.650
       7.128	  1.292
       7.132	  0.853
       7.136	  0.430
       7.140	  0.110
       7.144	 -0.107
       7.148	 -0.240
       7.152	 -0.323
       7.156	 -0.365
       7.160	 -0.375
       7.164	 -0.385
       7.168	 -0.400
       7.172	 -0.410
       7.176	 -0.403
       7.180	 -0.400
       7.184	 -0.410
       7.188	 -0.430
       7.192	 -0.438
       7.196	 -0.430
       7.200	 -0.432
       7.204	 -0.440
       7.208	 -0.440
       7.212	 -0.438
       7.216	 -0.440
       7.220	 -0.448
       7.224	 -0.460
       7.228	 -0.468
       7.232	 -0.475
       7.236	 -0.482
       7.240	 -0.485
       7.244	 -0.485
       7.248	 -0.485
       7.252	 -0.485
       7.256	 -0.485
       7.260	 -0.485
       7.264	 -0.475
       7.268	 -0.455
       7.272	 -0.430
       7.276	 -0.412
       7.280	 -0.388
       7.284	 -0.365
       7.288	 -0.340
       7.292	 -0.310
       7.296	 -0.275
       7.300	 -0.247
       7.304	 -0.212
       7.308	 -0.180
       7.312	 -0.138
       7.316	 -0.107
       7.320	 -0.072
       7.324	 -0.045
       7.328	 -0.018
       7.332	  0.020
       7.336	  0.052
       7.340	  0.085
       7.344	  0.128
       7.348	  0.165
       7.352	  0.207
       7.356	  0.245
       7.360	  0.278
       7.364	  0.302
       7.368	  0.305
       7.372	  0.285
       7.376	  0.250
       7.380	  0.207
       7.384	  0.163
       7.388	  0.135
       7.392	  0.110
       7.396	  0.102
       7.400	  0.090
       7.404	  0.092
       7.408	  0.100
       7.412	  0.120
       7.416	  0.145
       7.420	  0.155
       7.424	  0.147
       7.428	  0.138
       7.432	  0.128
       7.436	  0.117
       7.440	  0.098
       7.444	  0.072
       7.448	  0.043
       7.452	  0.010
       7.456	 -0.020
       7.460	 -0.030
       7.464	 -0.043
       7.468	 -0.045
       7.472	 -0.048
       7.476	 -0.045
       7.480	 -0.037
       7.484	 -0.030
       7.488	 -0.020
       7.492	  0.000
       7.496	  0.000
       7.500	 -0.018
       7.504	  0.000
       7.508	 -0.015
       7.512	 -0.020
       7.516	 -0.025
       7.520	 -0.015
       7.524	  0.000
       7.528	  0.007
       7.532	  0.010
       7.536	  0.015
       7.540	  0.010
       7.544	  0.007
       7.548	  0.010
       7.552	  0.010
       7.556	  0.007
       7.560	  0.018
       7.564	  0.007
       7.568	  0.018
       7.572	  0.043
       7.576	  0.090
       7.580	  0.152
       7.584	  0.223
       7.588	  0.295
       7.592	  0.365
       7.596	  0.430
       7.600	  0.487
       7.604	  0.570
       7.608	  0.690
       7.612	  0.853
       7.616	  1.032
       7.620	  1.230
       7.624	  1.465
       7.628	  1.708
       7.632	  1.900
       7.636	  2.005
       7.640	  2.005
       7.644	  1.962
       7.648	  1.890
       7.652	  1.735
       7.656	  1.427
       7.660	  1.010
       7.664	  0.585
       7.668	  0.245
       7.672	  0.020
       7.676	 -0.138
       7.680	 -0.228
       7.684	 -0.285
       7.688	 -0.302
       7.692	 -0.310
       7.696	 -0.320
       7.700	 -0.338
       7.704	 -0.347
       7.708	 -0.350
       7.712	 -0.355
       7.716	 -0.365
       7.720	 -0.365
       7.724	 -0.360
       7.728	 -0.360
       7.732	 -0.367
       7.736	 -0.372
       7.740	 -0.378
       7.744	 -0.385
       7.748	 -0.400
       7.752	 -0.405
       7.756	 -0.415
       7.760	 -0.422
       7.764	 -0.430
       7.768	 -0.432
       7.772	 -0.432
       7.776	 -0.438
       7.780	 -0.440
       7.784	 -0.440
       7.788	 -0.440
       7.792	 -0.430
       7.796	 -0.415
       7.800	 -0.403
       7.804	 -0.383
       7.808	 -0.355
       7.812	 -0.320
       7.816	 -0.292
       7.820	 -0.263
       7.824	 -0.235
       7.828	 -0.203
       7.832	 -0.172
       7.836	 -0.138
       7.840	 -0.102
       7.844	 -0.072
       7.848	 -0.043
       7.852	  0.003
       7.856	  0.043
       7.860	  0.080
       7.864	  0.117
       7.868	  0.147
       7.872	  0.185
       7.876	  0.217
       7.880	  0.247
       7.884	  0.275
       7.888	  0.302
       7.892	  0.330
       7.896	  0.347
       7.900	  0.340
       7.904	  0.318
       7.908	  0.278
       7.912	  0.235
       7.916	  0.190
       7.920	  0.163
       7.924	  0.138
       7.928	  0.130
       7.932	  0.128
       7.936	  0.138
       7.940	  0.152
       7.944	  0.175
       7.948	  0.200
       7.952	  0.212
       7.956	  0.207
       7.960	  0.203
       7.964	  0.185
       7.968	  0.165
       7.972	  0.138
       7.976	  0.100
       7.980	  0.065
       7.984	  0.043
       7.988	  0.020
       7.992	  0.003
       7.996	  0.000
       8.000	 -0.015
       8.004	  0.007
       8.008	  0.015
       8.012	  0.015
       8.016	  0.007
       8.020	  0.007
       8.024	  0.007
       8.028	  0.018
       8.032	  0.020
       8.036	  0.025
       8.040	  0.025
       8.044	  0.020
       8.048	  0.018
       8.052	  0.015
       8.056	  0.015
       8.060	  0.018
       8.064	  0.025
       8.068	  0.030
       8.072	  0.037
       8.076	  0.037
       8.080	  0.045
       8.084	  0.043
       8.088	  0.037
       8.092	  0.037
       8.096	  0.043
       8.100	  0.048
       8.104	  0.072
       8.108	  0.117
       8.112	  0.190
       8.116	  0.273
       8.120	  0.355
       8.124	  0.422
       8.128	  0.485
       8.132	  0.547
       8.136	  0.640
       8.140	  0.772
       8.144	  0.938
       8.148	  1.115
       8.152	  1.312
       8.156	  1.542
       8.160	  1.780
       8.164	  1.950
       8.168	  2.015
       8.172	  1.988
       8.176	  1.923
       8.180	  1.823
       8.184	  1.620
       8.188	  1.272
       8.192	  0.845
       8.196	  0.440
       8.200	  0.130
       8.204	 -0.083
       8.208	 -0.203
       8.212	 -0.278
       8.216	 -0.318
       8.220	 -0.323
       8.224	 -0.323
       8.228	 -0.333
       8.232	 -0.350
       8.236	 -0.357
       8.240	 -0.350
       8.244	 -0.355
       8.248	 -0.360
       8.252	 -0.357
       8.256	 -0.355
       8.260	 -0.357
       8.264	 -0.360
       8.268	 -0.365
       8.272	 -0.375
       8.276	 -0.385
       8.280	 -0.393
       8.284	 -0.400
       8.288	 -0.403
       8.292	 -0.405
       8.296	 -0.410
       8.300	 -0.412
       8.304	 -0.412
       8.308	 -0.420
       8.312	 -0.422
       8.316	 -0.427
       8.320	 -0.415
       8.324	 -0.410
       8.328	 -0.400
       8.332	 -0.383
       8.336	 -0.357
       8.340	 -0.333
       8.344	 -0.305
       8.348	 -0.278
       8.352	 -0.247
       8.356	 -0.228
       8.360	 -0.200
       8.364	 -0.168
       8.368	 -0.135
       8.372	 -0.102
       8.376	 -0.070
       8.380	 -0.045
       8.384	 -0.018
       8.388	  0.020
       8.392	  0.048
       8.396	  0.075
       8.400	  0.092
       8.404	  0.113
       8.408	  0.140
       8.412	  0.175
       8.416	  0.207
       8.420	  0.240
       8.424	  0.273
       8.428	  0.290
       8.432	  0.295
       8.436	  0.285
       8.440	  0.250
       8.444	  0.207
       8.448	  0.158
       8.452	  0.130
       8.456	  0.107
       8.460	  0.092
       8.464	  0.090
       8.468	  0.092
       8.472	  0.107
       8.476	  0.128
       8.480	  0.152
       8.484	  0.163
       8.488	  0.163
       8.492	  0.158
       8.496	  0.152
       8.500	  0.138
       8.504	  0.117
       8.508	  0.083
       8.512	  0.043
       8.516	  0.003
       8.520	 -0.025
       8.524	 -0.035
       8.528	 -0.035
       8.532	 -0.043
       8.536	 -0.035
       8.540	 -0.028
       8.544	 -0.025
       8.548	 -0.020
       8.552	 -0.018
       8.556	 -0.018
       8.560	  0.000
       8.564	  0.003
       8.568	  0.007
       8.572	  0.007
       8.576	  0.015
       8.580	  0.020
       8.584	  0.015
       8.588	  0.007
       8.592	  0.000
       8.596	  0.007
       8.600	  0.003
       8.604	  0.007
       8.608	  0.007
       8.612	  0.007
       8.616	  0.007
       8.620	  0.020
       8.624	  0.025
       8.628	  0.020
       8.632	  0.020
       8.636	  0.035
       8.640	  0.065
       8.644	  0.130
       8.648	  0.212
       8.652	  0.295
       8.656	  0.365
       8.660	  0.427
       8.664	  0.492
       8.668	  0.568
       8.672	  0.688
       8.676	  0.850
       8.680	  1.025
       8.684	  1.218
       8.688	  1.458
       8.692	  1.720
       8.696	  1.933
       8.700	  2.045
       8.704	  2.042
       8.708	  1.980
       8.712	  1.900
       8.716	  1.740
       8.720	  1.427
       8.724	  1.010
       8.728	  0.585
       8.732	  0.228
       8.736	  0.010
       8.740	 -0.145
       8.744	 -0.245
       8.748	 -0.302
       8.752	 -0.323
       8.756	 -0.345
       8.760	 -0.365
       8.764	 -0.385
       8.768	 -0.385
       8.772	 -0.375
       8.776	 -0.378
       8.780	 -0.393
       8.784	 -0.405
       8.788	 -0.410
       8.792	 -0.412
       8.796	 -0.422
       8.800	 -0.438
       8.804	 -0.440
       8.808	 -0.448
       8.812	 -0.460
       8.816	 -0.477
       8.820	 -0.477
       8.824	 -0.477
       8.828	 -0.482
       8.832	 -0.485
       8.836	 -0.482
       8.840	 -0.482
       8.844	 -0.485
       8.848	 -0.487
       8.852	 -0.482
       8.856	 -0.477
       8.860	 -0.465
       8.864	 -0.440
       8.868	 -0.412
       8.872	 -0.393
       8.876	 -0.367
       8.880	 -0.338
       8.884	 -0.310
       8.888	 -0.275
       8.892	 -0.240
       8.896	 -0.207
       8.900	 -0.168
       8.904	 -0.130
       8.908	 -0.098
       8.912	 -0.065
       8.916	 -0.043
       8.920	  0.000
       8.924	  0.025
       8.928	  0.043
       8.932	  0.055
       8.936	  0.080
       8.940	  0.098
       8.944	  0.120
       8.948	  0.147
       8.952	  0.182
       8.956	  0.217
       8.960	  0.245
       8.964	  0.263
       8.968	  0.263
       8.972	  0.245
       8.976	  0.217
       8.980	  0.180
       8.984	  0.135
       8.988	  0.100
       8.992	  0.075
       8.996	  0.065
       9.000	  0.058
       9.004	  0.062
       9.008	  0.070
       9.012	  0.092
       9.016	  0.113
       9.020	  0.125
       9.024	  0.130
       9.028	  0.128
       9.032	  0.107
       9.036	  0.090
       9.040	  0.062
       9.044	  0.037
       9.048	  0.003
       9.052	 -0.037
       9.056	 -0.065
       9.060	 -0.090
       9.064	 -0.098
       9.068	 -0.090
       9.072	 -0.080
       9.076	 -0.072
       9.080	 -0.062
       9.084	 -0.055
       9.088	 -0.052
       9.092	 -0.045
       9.096	 -0.043
       9.100	 -0.043
       9.104	 -0.037
       9.108	 -0.043
       9.112	 -0.045
       9.116	 -0.048
       9.120	 -0.045
       9.124	 -0.045
       9.128	 -0.037
       9.132	 -0.037
       9.136	 -0.030
       9.140	 -0.035
       9.144	 -0.035
       9.148	 -0.037
       9.152	 -0.035
       9.156	 -0.043
       9.160	 -0.043
       9.164	 -0.035
       9.168	 -0.028
       9.172	  0.007
       9.176	  0.052
       9.180	  0.120
       9.184	  0.203
       9.188	  0.292
       9.192	  0.378
       9.196	  0.448
       9.200	  0.502
       9.204	  0.588
       9.208	  0.723
       9.212	  0.900
       9.216	  1.093
       9.220	  1.302
       9.224	  1.532
       9.228	  1.768
       9.232	  1.950
       9.236	  2.022
       9.240	  2.000
       9.244	  1.935
       9.248	  1.843
       9.252	  1.670
       9.256	  1.337
       9.260	  0.907
       9.264	  0.492
       9.268	  0.168
       9.272	 -0.058
       9.276	 -0.207
       9.280	 -0.305
       9.284	 -0.365
       9.288	 -0.383
       9.292	 -0.378
       9.296	 -0.385
       9.300	 -0.403
       9.304	 -0.400
       9.308	 -0.393
       9.312	 -0.393
       9.316	 -0.400
       9.320	 -0.400
       9.324	 -0.400
       9.328	 -0.405
       9.332	 -0.420
       9.336	 -0.427
       9.340	 -0.440
       9.344	 -0.450
       9.348	 -0.465
       9.352	 -0.470
       9.356	 -0.477
       9.360	 -0.482
       9.364	 -0.492
       9.368	 -0.497
       9.372	 -0.495
       9.376	 -0.477
       9.380	 -0.470
       9.384	 -0.475
       9.388	 -0.477
       9.392	 -0.475
       9.396	 -0.458
       9.400	 -0.432
       9.404	 -0.410
       9.408	 -0.383
       9.412	 -0.355
       9.416	 -0.323
       9.420	 -0.290
       9.424	 -0.263
       9.428	 -0.235
       9.432	 -0.210
       9.436	 -0.172
       9.440	 -0.145
       9.444	 -0.110
       9.448	 -0.080
       9.452	 -0.045
       9.456	 -0.018
       9.460	  0.015
       9.464	  0.030
       9.468	  0.052
       9.472	  0.072
       9.476	  0.098
       9.480	  0.128
       9.484	  0.163
       9.488	  0.200
       9.492	  0.223
       9.496	  0.255
       9.500	  0.275
       9.504	  0.290
       9.508	  0.290
       9.512	  0.273
       9.516	  0.237
       9.520	  0.200
       9.524	  0.163
       9.528	  0.130
       9.532	  0.102
       9.536	  0.098
       9.540	  0.100
       9.544	  0.113
       9.548	  0.125
       9.552	  0.147
       9.556	  0.163
       9.560	  0.172
       9.564	  0.175
       9.568	  0.172
       9.572	  0.163
       9.576	  0.155
       9.580	  0.130
       9.584	  0.098
       9.588	  0.055
       9.592	  0.028
       9.596	  0.015
       9.600	  0.003
       9.604	  0.000
       9.608	 -0.015
       9.612	  0.000
       9.616	  0.003
       9.620	  0.010
       9.624	  0.007
       9.628	  0.003
       9.632	  0.007
       9.636	  0.018
       9.640	  0.020
       9.644	  0.025
       9.648	  0.018
       9.652	  0.020
       9.656	  0.018
       9.660	  0.018
       9.664	  0.018
       9.668	  0.015
       9.672	  0.020
       9.676	  0.025
       9.680	  0.030
       9.684	  0.030
       9.688	  0.035
       9.692	  0.030
       9.696	  0.037
       9.700	  0.037
       9.704	  0.037
       9.708	  0.048
       9.712	  0.072
       9.716	  0.120
       9.720	  0.203
       9.724	  0.292
       9.728	  0.378
       9.732	  0.460
       9.736	  0.525
       9.740	  0.593
       9.744	  0.685
       9.748	  0.833
       9.752	  1.015
       9.756	  1.208
       9.760	  1.427
       9.764	  1.677
       9.768	  1.895
       9.772	  2.035
       9.776	  2.065
       9.780	  2.022
       9.784	  1.950
       9.788	  1.817
       9.792	  1.583
       9.796	  1.185
       9.800	  0.757
       9.804	  0.365
       9.808	  0.098
       9.812	 -0.090
       9.816	 -0.210
       9.820	 -0.282
       9.824	 -0.323
       9.828	 -0.333
       9.832	 -0.340
       9.836	 -0.357
       9.840	 -0.367
       9.844	 -0.365
       9.848	 -0.365
       9.852	 -0.372
       9.856	 -0.385
       9.860	 -0.385
       9.864	 -0.385
       9.868	 -0.388
       9.872	 -0.400
       9.876	 -0.410
       9.880	 -0.415
       9.884	 -0.430
       9.888	 -0.432
       9.892	 -0.438
       9.896	 -0.427
       9.900	 -0.432
       9.904	 -0.438
       9.908	 -0.440
       9.912	 -0.438
       9.916	 -0.440
       9.920	 -0.440
       9.924	 -0.448
       9.928	 -0.440
       9.932	 -0.430
       9.936	 -0.415
       9.940	 -0.403
       9.944	 -0.385
       9.948	 -0.357
       9.952	 -0.328
       9.956	 -0.300
       9.960	 -0.268
       9.964	 -0.235
       9.968	 -0.200
       9.972	 -0.172
       9.976	 -0.140
       9.980	 -0.110
       9.984	 -0.075
       9.988	 -0.043
       9.992	  0.000
       9.996	  0.030
