   Elapsed_time	ECG
       0.000	 -0.048
       0.004	 -0.052
       0.008	 -0.045
       0.012	 -0.048
       0.016	 -0.040
       0.020	 -0.048
       0.024	 -0.045
       0.028	 -0.050
       0.032	 -0.058
       0.036	 -0.060
       0.040	 -0.048
       0.044	 -0.048
       0.048	 -0.048
       0.052	 -0.050
       0.056	 -0.048
       0.060	 -0.050
       0.064	 -0.050
       0.068	 -0.052
       0.072	 -0.058
       0.076	 -0.048
       0.080	 -0.050
       0.084	 -0.048
       0.088	 -0.050
       0.092	 -0.037
       0.096	 -0.040
       0.100	 -0.037
       0.104	 -0.045
       0.108	 -0.040
       0.112	 -0.045
       0.116	 -0.037
       0.120	 -0.037
       0.124	 -0.035
       0.128	 -0.035
       0.132	 -0.037
       0.136	 -0.048
       0.140	 -0.050
       0.144	 -0.052
       0.148	 -0.048
       0.152	 -0.048
       0.156	 -0.045
       0.160	 -0.045
       0.164	 -0.050
       0.168	 -0.050
       0.172	 -0.045
       0.176	 -0.037
       0.180	 -0.040
       0.184	 -0.040
       0.188	 -0.045
       0.192	 -0.037
       0.196	 -0.048
       0.200	 -0.048
       0.204	 -0.060
       0.208	 -0.060
       0.212	 -0.070
       0.216	 -0.070
       0.220	 -0.077
       0.224	 -0.075
       0.228	 -0.065
       0.232	 -0.052
       0.236	 -0.058
       0.240	 -0.050
       0.244	 -0.045
       0.248	 -0.040
       0.252	 -0.033
       0.256	 -0.015
       0.260	  0.007
       0.264	  0.015
       0.268	  0.033
       0.272	  0.035
       0.276	  0.003
       0.280	 -0.075
       0.284	 -0.113
       0.288	 -0.138
       0.292	 -0.140
       0.296	 -0.140
       0.300	 -0.128
       0.304	 -0.135
       0.308	 -0.133
       0.312	 -0.133
       0.316	 -0.120
       0.320	 -0.122
       0.324	 -0.107
       0.328	 -0.102
       0.332	 -0.100
       0.336	 -0.110
       0.340	 -0.100
       0.344	 -0.090
       0.348	 -0.083
       0.352	 -0.077
       0.356	 -0.072
       0.360	 -0.052
       0.364	 -0.048
       0.368	 -0.037
       0.372	  0.003
       0.376	  0.052
       0.380	  0.120
       0.384	  0.263
       0.388	  0.502
       0.392	  0.815
       0.396	  1.052
       0.400	  1.110
       0.404	  0.885
       0.408	  0.385
       0.412	 -0.185
       0.416	 -0.552
       0.420	 -0.740
       0.424	 -0.725
       0.428	 -0.578
       0.432	 -0.435
       0.436	 -0.320
       0.440	 -0.225
       0.444	 -0.172
       0.448	 -0.140
       0.452	 -0.125
       0.456	 -0.110
       0.460	 -0.100
       0.464	 -0.090
       0.468	 -0.085
       0.472	 -0.077
       0.476	 -0.060
       0.480	 -0.045
       0.484	 -0.028
       0.488	 -0.020
       0.492	  0.015
       0.496	  0.013
       0.500	  0.022
       0.504	  0.022
       0.508	  0.037
       0.512	  0.035
       0.516	  0.040
       0.520	  0.037
       0.524	  0.052
       0.528	  0.058
       0.532	  0.052
       0.536	  0.048
       0.540	  0.062
       0.544	  0.062
       0.548	  0.062
       0.552	  0.060
       0.556	  0.060
       0.560	  0.050
       0.564	  0.045
       0.568	  0.045
       0.572	  0.037
       0.576	  0.022
       0.580	 -0.037
       0.584	 -0.028
       0.588	 -0.015
       0.592	  0.020
       0.596	  0.028
       0.600	  0.037
       0.604	  0.025
       0.608	  0.025
       0.612	  0.022
       0.616	  0.028
       0.620	  0.013
       0.624	  0.015
       0.628	  0.020
       0.632	  0.025
       0.636	  0.020
       0.640	  0.022
       0.644	  0.028
       0.648	  0.037
       0.652	  0.040
       0.656	  0.052
       0.660	  0.065
       0.664	  0.077
       0.668	  0.100
       0.672	  0.133
       0.676	  0.165
       0.680	  0.188
       0.684	  0.223
       0.688	  0.250
       0.692	  0.295
       0.696	  0.320
       0.700	  0.350
       0.704	  0.372
       0.708	  0.410
       0.712	  0.427
       0.716	  0.450
       0.720	  0.458
       0.724	  0.472
       0.728	  0.475
       0.732	  0.475
       0.736	  0.472
       0.740	  0.470
       0.744	  0.445
       0.748	  0.427
       0.752	  0.398
       0.756	  0.365
       0.760	  0.347
       0.764	  0.310
       0.768	  0.270
       0.772	  0.228
       0.776	  0.207
       0.780	  0.185
       0.784	  0.170
       0.788	  0.145
       0.792	  0.133
       0.796	  0.110
       0.800	  0.107
       0.804	  0.095
       0.808	  0.098
       0.812	  0.087
       0.816	  0.083
       0.820	  0.058
       0.824	  0.052
       0.828	  0.048
       0.832	  0.048
       0.836	  0.050
       0.840	  0.060
       0.844	  0.052
       0.848	  0.048
       0.852	  0.040
       0.856	  0.037
       0.860	  0.037
       0.864	  0.033
       0.868	  0.025
       0.872	  0.028
       0.876	  0.040
       0.880	  0.037
       0.884	  0.048
       0.888	  0.048
       0.892	  0.048
       0.896	  0.025
       0.900	  0.025
       0.904	  0.020
       0.908	  0.022
       0.912	  0.022
       0.916	  0.033
       0.920	  0.022
       0.924	  0.037
       0.928	  0.035
       0.932	  0.033
       0.936	  0.022
       0.940	  0.025
       0.944	  0.022
       0.948	  0.028
       0.952	  0.025
       0.956	  0.022
       0.960	  0.015
       0.964	  0.010
       0.968	  0.010
       0.972	  0.010
       0.976	  0.010
       0.980	  0.000
       0.984	  0.000
       0.988	  0.003
       0.992	  0.015
       0.996	  0.010
       1.000	  0.013
       1.004	  0.003
       1.008	  0.015
       1.012	  0.013
       1.016	  0.020
       1.020	  0.015
       1.024	  0.025
       1.028	  0.025
       1.032	  0.033
       1.036	  0.028
       1.040	  0.035
       1.044	  0.040
       1.048	  0.045
       1.052	  0.040
       1.056	  0.040
       1.060	  0.048
       1.064	  0.045
       1.068	  0.045
       1.072	  0.037
       1.076	  0.037
       1.080	  0.033
       1.084	  0.037
       1.088	  0.035
       1.092	  0.040
       1.096	  0.035
       1.100	  0.045
       1.104	  0.045
       1.108	  0.058
       1.112	  0.050
       1.116	  0.050
       1.120	  0.040
       1.124	  0.048
       1.128	  0.037
       1.132	  0.037
       1.136	  0.037
       1.140	  0.045
       1.144	  0.045
       1.148	  0.045
       1.152	  0.045
       1.156	  0.048
       1.160	  0.052
       1.164	  0.050
       1.168	  0.048
       1.172	  0.048
       1.176	  0.050
       1.180	  0.048
       1.184	  0.048
       1.188	  0.040
       1.192	  0.048
       1.196	  0.040
       1.200	  0.052
       1.204	  0.058
       1.208	  0.065
       1.212	  0.060
       1.216	  0.065
       1.220	  0.060
       1.224	  0.065
       1.228	  0.062
       1.232	  0.062
       1.236	  0.060
       1.240	  0.070
       1.244	  0.070
       1.248	  0.070
       1.252	  0.072
       1.256	  0.072
       1.260	  0.072
       1.264	  0.075
       1.268	  0.085
       1.272	  0.090
       1.276	  0.098
       1.280	  0.098
       1.284	  0.095
       1.288	  0.087
       1.292	  0.090
       1.296	  0.075
       1.300	  0.083
       1.304	  0.075
       1.308	  0.077
       1.312	  0.072
       1.316	  0.077
       1.320	  0.070
       1.324	  0.072
       1.328	  0.075
       1.332	  0.083
       1.336	  0.075
       1.340	  0.085
       1.344	  0.083
       1.348	  0.077
       1.352	  0.070
       1.356	  0.065
       1.360	  0.072
       1.364	  0.072
       1.368	  0.070
       1.372	  0.070
       1.376	  0.072
       1.380	  0.058
       1.384	  0.062
       1.388	  0.058
       1.392	  0.060
       1.396	  0.060
       1.400	  0.070
       1.404	  0.060
       1.408	  0.070
       1.412	  0.060
       1.416	  0.060
       1.420	  0.050
       1.424	  0.052
       1.428	  0.048
       1.432	  0.048
       1.436	  0.050
       1.440	  0.065
       1.444	  0.085
       1.448	  0.100
       1.452	  0.107
       1.456	  0.110
       1.460	  0.115
       1.464	  0.125
       1.468	  0.133
       1.472	  0.120
       1.476	  0.077
       1.480	  0.022
       1.484	 -0.025
       1.488	 -0.052
       1.492	 -0.048
       1.496	 -0.052
       1.500	 -0.052
       1.504	 -0.052
       1.508	 -0.048
       1.512	 -0.052
       1.516	 -0.045
       1.520	 -0.050
       1.524	 -0.040
       1.528	 -0.045
       1.532	 -0.045
       1.536	 -0.048
       1.540	 -0.035
       1.544	 -0.025
       1.548	 -0.015
       1.552	 -0.022
       1.556	 -0.022
       1.560	  0.000
       1.564	  0.015
       1.568	  0.065
       1.572	  0.135
       1.576	  0.237
       1.580	  0.400
       1.584	  0.700
       1.588	  1.100
       1.592	  1.448
       1.596	  1.495
       1.600	  1.270
       1.604	  0.647
       1.608	 -0.110
       1.612	 -0.662
       1.616	 -0.970
       1.620	 -1.045
       1.624	 -0.850
       1.628	 -0.615
       1.632	 -0.432
       1.636	 -0.307
       1.640	 -0.215
       1.644	 -0.165
       1.648	 -0.128
       1.652	 -0.100
       1.656	 -0.077
       1.660	 -0.058
       1.664	 -0.037
       1.668	 -0.025
       1.672	  0.003
       1.676	  0.028
       1.680	  0.037
       1.684	  0.058
       1.688	  0.060
       1.692	  0.060
       1.696	  0.048
       1.700	  0.052
       1.704	  0.052
       1.708	  0.072
       1.712	  0.070
       1.716	  0.072
       1.720	  0.075
       1.724	  0.087
       1.728	  0.085
       1.732	  0.085
       1.736	  0.087
       1.740	  0.090
       1.744	  0.090
       1.748	  0.095
       1.752	  0.098
       1.756	  0.098
       1.760	  0.102
       1.764	  0.102
       1.768	  0.107
       1.772	  0.065
       1.776	  0.050
       1.780	  0.050
       1.784	  0.060
       1.788	  0.072
       1.792	  0.087
       1.796	  0.072
       1.800	  0.060
       1.804	  0.052
       1.808	  0.050
       1.812	  0.035
       1.816	  0.025
       1.820	  0.020
       1.824	  0.015
       1.828	  0.013
       1.832	  0.015
       1.836	  0.013
       1.840	  0.020
       1.844	  0.022
       1.848	  0.028
       1.852	  0.037
       1.856	  0.058
       1.860	  0.077
       1.864	  0.090
       1.868	  0.115
       1.872	  0.150
       1.876	  0.190
       1.880	  0.212
       1.884	  0.247
       1.888	  0.275
       1.892	  0.323
       1.896	  0.357
       1.900	  0.398
       1.904	  0.427
       1.908	  0.465
       1.912	  0.497
       1.916	  0.527
       1.920	  0.537
       1.924	  0.550
       1.928	  0.557
       1.932	  0.560
       1.936	  0.552
       1.940	  0.537
       1.944	  0.520
       1.948	  0.495
       1.952	  0.465
       1.956	  0.435
       1.960	  0.407
       1.964	  0.362
       1.968	  0.333
       1.972	  0.300
       1.976	  0.275
       1.980	  0.237
       1.984	  0.223
       1.988	  0.200
       1.992	  0.190
       1.996	  0.170
       2.000	  0.163
       2.004	  0.147
       2.008	  0.138
       2.012	  0.125
       2.016	  0.120
       2.020	  0.107
       2.024	  0.110
       2.028	  0.098
       2.032	  0.098
       2.036	  0.090
       2.040	  0.087
       2.044	  0.087
       2.048	  0.090
       2.052	  0.087
       2.056	  0.090
       2.060	  0.095
       2.064	  0.085
       2.068	  0.083
       2.072	  0.077
       2.076	  0.083
       2.080	  0.075
       2.084	  0.085
       2.088	  0.077
       2.092	  0.083
       2.096	  0.077
       2.100	  0.085
       2.104	  0.085
       2.108	  0.095
       2.112	  0.090
       2.116	  0.095
       2.120	  0.085
       2.124	  0.083
       2.128	  0.083
       2.132	  0.085
       2.136	  0.077
       2.140	  0.083
       2.144	  0.085
       2.148	  0.085
       2.152	  0.075
       2.156	  0.083
       2.160	  0.087
       2.164	  0.077
       2.168	  0.083
       2.172	  0.083
       2.176	  0.085
       2.180	  0.075
       2.184	  0.083
       2.188	  0.083
       2.192	  0.087
       2.196	  0.083
       2.200	  0.087
       2.204	  0.085
       2.208	  0.090
       2.212	  0.085
       2.216	  0.085
       2.220	  0.075
       2.224	  0.083
       2.228	  0.075
       2.232	  0.075
       2.236	  0.075
       2.240	  0.077
       2.244	  0.070
       2.248	  0.062
       2.252	  0.060
       2.256	  0.060
       2.260	  0.070
       2.264	  0.070
       2.268	  0.070
       2.272	  0.065
       2.276	  0.075
       2.280	  0.072
       2.284	  0.075
       2.288	  0.070
       2.292	  0.075
       2.296	  0.062
       2.300	  0.070
       2.304	  0.060
       2.308	  0.072
       2.312	  0.077
       2.316	  0.085
       2.320	  0.077
       2.324	  0.090
       2.328	  0.087
       2.332	  0.090
       2.336	  0.087
       2.340	  0.095
       2.344	  0.098
       2.348	  0.100
       2.352	  0.095
       2.356	  0.087
       2.360	  0.083
       2.364	  0.085
       2.368	  0.090
       2.372	  0.098
       2.376	  0.107
       2.380	  0.090
       2.384	  0.098
       2.388	  0.098
       2.392	  0.100
       2.396	  0.090
       2.400	  0.095
       2.404	  0.087
       2.408	  0.098
       2.412	  0.098
       2.416	  0.107
       2.420	  0.102
       2.424	  0.110
       2.428	  0.110
       2.432	  0.113
       2.436	  0.107
       2.440	  0.115
       2.444	  0.122
       2.448	  0.125
       2.452	  0.122
       2.456	  0.125
       2.460	  0.125
       2.464	  0.120
       2.468	  0.122
       2.472	  0.128
       2.476	  0.133
       2.480	  0.125
       2.484	  0.128
       2.488	  0.122
       2.492	  0.120
       2.496	  0.102
       2.500	  0.107
       2.504	  0.100
       2.508	  0.113
       2.512	  0.110
       2.516	  0.113
       2.520	  0.102
       2.524	  0.102
       2.528	  0.102
       2.532	  0.107
       2.536	  0.102
       2.540	  0.107
       2.544	  0.113
       2.548	  0.110
       2.552	  0.098
       2.556	  0.098
       2.560	  0.098
       2.564	  0.087
       2.568	  0.077
       2.572	  0.077
       2.576	  0.085
       2.580	  0.077
       2.584	  0.085
       2.588	  0.075
       2.592	  0.075
       2.596	  0.070
       2.600	  0.075
       2.604	  0.065
       2.608	  0.062
       2.612	  0.052
       2.616	  0.050
       2.620	  0.037
       2.624	  0.035
       2.628	  0.025
       2.632	  0.028
       2.636	  0.028
       2.640	  0.037
       2.644	  0.062
       2.648	  0.087
       2.652	  0.100
       2.656	  0.113
       2.660	  0.122
       2.664	  0.125
       2.668	  0.138
       2.672	  0.150
       2.676	  0.160
       2.680	  0.113
       2.684	  0.062
       2.688	  0.010
       2.692	 -0.022
       2.696	 -0.037
       2.700	 -0.033
       2.704	 -0.037
       2.708	 -0.035
       2.712	 -0.045
       2.716	 -0.035
       2.720	 -0.040
       2.724	 -0.028
       2.728	 -0.033
       2.732	 -0.033
       2.736	 -0.033
       2.740	 -0.025
       2.744	 -0.015
       2.748	  0.010
       2.752	  0.058
       2.756	  0.125
       2.760	  0.233
       2.764	  0.410
       2.768	  0.723
       2.772	  1.123
       2.776	  1.475
       2.780	  1.538
       2.784	  1.320
       2.788	  0.682
       2.792	 -0.110
       2.796	 -0.720
       2.800	 -1.060
       2.804	 -1.140
       2.808	 -0.925
       2.812	 -0.682
       2.816	 -0.495
       2.820	 -0.365
       2.824	 -0.282
       2.828	 -0.225
       2.832	 -0.177
       2.836	 -0.150
       2.840	 -0.133
       2.844	 -0.107
       2.848	 -0.077
       2.852	 -0.050
       2.856	 -0.025
       2.860	  0.013
       2.864	  0.025
       2.868	  0.048
       2.872	  0.060
       2.876	  0.070
       2.880	  0.060
       2.884	  0.065
       2.888	  0.062
       2.892	  0.070
       2.896	  0.065
       2.900	  0.083
       2.904	  0.085
       2.908	  0.098
       2.912	  0.100
       2.916	  0.102
       2.920	  0.102
       2.924	  0.102
       2.928	  0.098
       2.932	  0.098
       2.936	  0.095
       2.940	  0.090
       2.944	  0.087
       2.948	  0.075
       2.952	  0.072
       2.956	  0.033
       2.960	  0.025
       2.964	  0.020
       2.968	  0.037
       2.972	  0.048
       2.976	  0.052
       2.980	  0.022
       2.984	  0.013
       2.988	  0.010
       2.992	  0.022
       2.996	  0.022
       3.000	 -0.020
       3.004	 -0.035
       3.008	 -0.022
       3.012	 -0.058
       3.016	 -0.085
       3.020	 -0.058
       3.024	 -0.028
       3.028	  0.000
       3.032	  0.000
       3.036	 -0.040
       3.040	 -0.035
       3.044	  0.010
       3.048	  0.037
       3.052	  0.072
       3.056	  0.090
       3.060	  0.098
       3.064	  0.145
       3.068	  0.182
       3.072	  0.225
       3.076	  0.258
       3.080	  0.315
       3.084	  0.370
       3.088	  0.383
       3.092	  0.372
       3.096	  0.403
       3.100	  0.485
       3.104	  0.522
       3.108	  0.557
       3.112	  0.537
       3.116	  0.535
       3.120	  0.485
       3.124	  0.472
       3.128	  0.472
       3.132	  0.463
       3.136	  0.412
       3.140	  0.390
       3.144	  0.375
       3.148	  0.310
       3.152	  0.258
       3.156	  0.237
       3.160	  0.198
       3.164	  0.150
       3.168	  0.128
       3.172	  0.110
       3.176	  0.110
       3.180	  0.085
       3.184	  0.087
       3.188	  0.087
       3.192	  0.060
       3.196	  0.050
       3.200	  0.037
       3.204	  0.000
       3.208	  0.000
       3.212	  0.013
       3.216	  0.028
       3.220	  0.040
       3.224	  0.050
       3.228	  0.058
       3.232	  0.020
       3.236	 -0.022
       3.240	 -0.045
       3.244	 -0.050
       3.248	 -0.025
       3.252	  0.020
       3.256	  0.037
       3.260	  0.035
       3.264	  0.000
       3.268	  0.003
       3.272	  0.015
       3.276	  0.033
       3.280	  0.000
       3.284	 -0.048
       3.288	 -0.050
       3.292	 -0.050
       3.296	 -0.048
       3.300	 -0.058
       3.304	 -0.052
       3.308	 -0.025
       3.312	  0.007
       3.316	  0.000
       3.320	 -0.022
       3.324	 -0.033
       3.328	 -0.025
       3.332	 -0.037
       3.336	 -0.033
       3.340	 -0.028
       3.344	 -0.040
       3.348	 -0.028
       3.352	 -0.025
       3.356	 -0.040
       3.360	 -0.028
       3.364	 -0.033
       3.368	  0.000
       3.372	  0.015
       3.376	 -0.020
       3.380	  0.007
       3.384	  0.015
       3.388	  0.000
       3.392	  0.000
       3.396	 -0.020
       3.400	 -0.052
       3.404	 -0.033
       3.408	  0.015
       3.412	  0.000
       3.416	 -0.020
       3.420	  0.000
       3.424	 -0.020
       3.428	 -0.025
       3.432	  0.010
       3.436	  0.003
       3.440	  0.000
       3.444	  0.013
       3.448	  0.020
       3.452	  0.000
       3.456	  0.010
       3.460	  0.003
       3.464	 -0.020
       3.468	  0.003
       3.472	 -0.022
       3.476	  0.013
       3.480	  0.000
       3.484	  0.007
       3.488	 -0.033
       3.492	 -0.033
       3.496	 -0.052
       3.500	 -0.020
       3.504	 -0.035
       3.508	 -0.020
       3.512	  0.010
       3.516	  0.015
       3.520	 -0.020
       3.524	  0.000
       3.528	  0.003
       3.532	  0.003
       3.536	  0.022
       3.540	  0.025
       3.544	  0.025
       3.548	  0.013
       3.552	  0.013
       3.556	  0.000
       3.560	 -0.025
       3.564	 -0.022
       3.568	 -0.022
       3.572	 -0.022
       3.576	  0.010
       3.580	  0.000
       3.584	 -0.028
       3.588	 -0.035
       3.592	  0.000
       3.596	  0.000
       3.600	  0.015
       3.604	  0.013
       3.608	  0.013
       3.612	  0.007
       3.616	  0.013
       3.620	  0.003
       3.624	  0.003
       3.628	  0.003
       3.632	  0.007
       3.636	  0.000
       3.640	 -0.015
       3.644	  0.000
       3.648	  0.000
       3.652	 -0.015
       3.656	 -0.020
       3.660	 -0.020
       3.664	 -0.022
       3.668	  0.000
       3.672	  0.000
       3.676	  0.003
       3.680	 -0.015
       3.684	  0.000
       3.688	  0.000
       3.692	  0.010
       3.696	  0.000
       3.700	  0.007
       3.704	  0.003
       3.708	  0.013
       3.712	  0.003
       3.716	  0.007
       3.720	  0.010
       3.724	  0.022
       3.728	  0.022
       3.732	  0.022
       3.736	  0.015
       3.740	  0.020
       3.744	  0.015
       3.748	  0.020
       3.752	  0.025
       3.756	  0.028
       3.760	  0.033
       3.764	  0.033
       3.768	  0.035
       3.772	  0.022
       3.776	  0.028
       3.780	  0.022
       3.784	  0.020
       3.788	  0.013
       3.792	  0.020
       3.796	  0.015
       3.800	  0.020
       3.804	  0.010
       3.808	  0.013
       3.812	  0.007
       3.816	  0.007
       3.820	 -0.013
       3.824	  0.003
       3.828	  0.007
       3.832	  0.010
       3.836	  0.003
       3.840	 -0.015
       3.844	 -0.028
       3.848	 -0.035
       3.852	 -0.033
       3.856	 -0.025
       3.860	 -0.022
       3.864	 -0.028
       3.868	 -0.028
       3.872	 -0.028
       3.876	 -0.015
       3.880	 -0.013
       3.884	  0.010
       3.888	  0.015
       3.892	  0.033
       3.896	  0.033
       3.900	  0.048
       3.904	  0.060
       3.908	  0.077
       3.912	  0.058
       3.916	  0.007
       3.920	 -0.062
       3.924	 -0.083
       3.928	 -0.095
       3.932	 -0.087
       3.936	 -0.087
       3.940	 -0.072
       3.944	 -0.025
       3.948	  0.062
       3.952	  0.185
       3.956	  0.383
       3.960	  0.675
       3.964	  0.948
       3.968	  1.107
       3.972	  1.035
       3.976	  0.690
       3.980	  0.120
       3.984	 -0.400
       3.988	 -0.728
       3.992	 -0.870
       3.996	 -0.807
       4.000	 -0.625
       4.004	 -0.482
       4.008	 -0.360
       4.012	 -0.282
       4.016	 -0.240
       4.020	 -0.237
       4.024	 -0.212
       4.028	 -0.195
       4.032	 -0.177
       4.036	 -0.172
       4.040	 -0.160
       4.044	 -0.140
       4.048	 -0.115
       4.052	 -0.095
       4.056	 -0.077
       4.060	 -0.065
       4.064	 -0.072
       4.068	 -0.077
       4.072	 -0.077
       4.076	 -0.065
       4.080	 -0.072
       4.084	 -0.065
       4.088	 -0.065
       4.092	 -0.040
       4.096	 -0.033
       4.100	 -0.022
       4.104	 -0.022
       4.108	  0.000
       4.112	  0.003
       4.116	  0.013
       4.120	  0.010
       4.124	  0.022
       4.128	  0.020
       4.132	  0.022
       4.136	  0.020
       4.140	  0.020
       4.144	  0.020
       4.148	 -0.028
       4.152	 -0.040
       4.156	 -0.033
       4.160	 -0.025
       4.164	 -0.022
       4.168	  0.003
       4.172	  0.000
       4.176	  0.003
       4.180	  0.007
       4.184	  0.020
       4.188	  0.013
       4.192	  0.022
       4.196	  0.015
       4.200	  0.028
       4.204	  0.025
       4.208	  0.037
       4.212	  0.037
       4.216	  0.048
       4.220	  0.048
       4.224	  0.060
       4.228	  0.075
       4.232	  0.095
       4.236	  0.102
       4.240	  0.120
       4.244	  0.138
       4.248	  0.163
       4.252	  0.195
       4.256	  0.223
       4.260	  0.260
       4.264	  0.285
       4.268	  0.320
       4.272	  0.347
       4.276	  0.385
       4.280	  0.407
       4.284	  0.438
       4.288	  0.458
       4.292	  0.472
       4.296	  0.470
       4.300	  0.477
       4.304	  0.470
       4.308	  0.472
       4.312	  0.460
       4.316	  0.450
       4.320	  0.422
       4.324	  0.412
       4.328	  0.388
       4.332	  0.350
       4.336	  0.315
       4.340	  0.295
       4.344	  0.273
       4.348	  0.250
       4.352	  0.228
       4.356	  0.203
       4.360	  0.185
       4.364	  0.163
       4.368	  0.150
       4.372	  0.135
       4.376	  0.122
       4.380	  0.102
       4.384	  0.107
       4.388	  0.098
       4.392	  0.100
       4.396	  0.098
       4.400	  0.100
       4.404	  0.087
       4.408	  0.090
       4.412	  0.087
       4.416	  0.087
       4.420	  0.077
       4.424	  0.083
       4.428	  0.077
       4.432	  0.085
       4.436	  0.077
       4.440	  0.077
       4.444	  0.075
       4.448	  0.070
       4.452	  0.065
       4.456	  0.060
       4.460	  0.062
       4.464	  0.060
       4.468	  0.060
       4.472	  0.060
       4.476	  0.065
       4.480	  0.052
       4.484	  0.060
       4.488	  0.060
       4.492	  0.070
       4.496	  0.058
       4.500	  0.060
       4.504	  0.050
       4.508	  0.058
       4.512	  0.048
       4.516	  0.045
       4.520	  0.037
       4.524	  0.048
       4.528	  0.050
       4.532	  0.058
       4.536	  0.050
       4.540	  0.048
       4.544	  0.037
       4.548	  0.037
       4.552	  0.035
       4.556	  0.040
       4.560	  0.050
       4.564	  0.048
       4.568	  0.050
       4.572	  0.060
       4.576	  0.065
       4.580	  0.058
       4.584	  0.060
       4.588	  0.058
       4.592	  0.060
       4.596	  0.048
       4.600	  0.050
       4.604	  0.037
       4.608	  0.037
       4.612	  0.033
       4.616	  0.033
       4.620	  0.025
       4.624	  0.033
       4.628	  0.033
       4.632	  0.033
       4.636	  0.020
       4.640	  0.013
       4.644	  0.015
       4.648	  0.022
       4.652	  0.022
       4.656	  0.022
       4.660	  0.022
       4.664	  0.028
       4.668	  0.037
       4.672	  0.040
       4.676	  0.050
       4.680	  0.045
       4.684	  0.045
       4.688	  0.040
       4.692	  0.050
       4.696	  0.048
       4.700	  0.052
       4.704	  0.050
       4.708	  0.058
       4.712	  0.050
       4.716	  0.058
       4.720	  0.052
       4.724	  0.062
       4.728	  0.062
       4.732	  0.062
       4.736	  0.052
       4.740	  0.050
       4.744	  0.048
       4.748	  0.045
       4.752	  0.040
       4.756	  0.048
       4.760	  0.052
       4.764	  0.050
       4.768	  0.058
       4.772	  0.058
       4.776	  0.070
       4.780	  0.065
       4.784	  0.075
       4.788	  0.070
       4.792	  0.072
       4.796	  0.065
       4.800	  0.070
       4.804	  0.060
       4.808	  0.070
       4.812	  0.065
       4.816	  0.060
       4.820	  0.052
       4.824	  0.065
       4.828	  0.072
       4.832	  0.072
       4.836	  0.058
       4.840	  0.050
       4.844	  0.050
       4.848	  0.050
       4.852	  0.050
       4.856	  0.048
       4.860	  0.048
       4.864	  0.045
       4.868	  0.048
       4.872	  0.050
       4.876	  0.058
       4.880	  0.048
       4.884	  0.052
       4.888	  0.058
       4.892	  0.070
       4.896	  0.065
       4.900	  0.072
       4.904	  0.065
       4.908	  0.075
       4.912	  0.085
       4.916	  0.085
       4.920	  0.075
       4.924	  0.072
       4.928	  0.065
       4.932	  0.070
       4.936	  0.070
       4.940	  0.072
       4.944	  0.062
       4.948	  0.058
       4.952	  0.062
       4.956	  0.070
       4.960	  0.083
       4.964	  0.083
       4.968	  0.083
       4.972	  0.083
       4.976	  0.085
       4.980	  0.075
       4.984	  0.083
       4.988	  0.075
       4.992	  0.083
       4.996	  0.072
       5.000	  0.075
       5.004	  0.072
       5.008	  0.075
       5.012	  0.072
       5.016	  0.075
       5.020	  0.070
       5.024	  0.075
       5.028	  0.072
       5.032	  0.072
       5.036	  0.070
       5.040	  0.065
       5.044	  0.072
       5.048	  0.075
       5.052	  0.072
       5.056	  0.070
       5.060	  0.072
       5.064	  0.062
       5.068	  0.062
       5.072	  0.058
       5.076	  0.062
       5.080	  0.048
       5.084	  0.037
       5.088	  0.022
       5.092	  0.020
       5.096	  0.007
       5.100	  0.015
       5.104	  0.013
       5.108	  0.028
       5.112	  0.035
       5.116	  0.037
       5.120	  0.040
       5.124	  0.058
       5.128	  0.070
       5.132	  0.072
       5.136	  0.072
       5.140	  0.087
       5.144	  0.102
       5.148	  0.113
       5.152	  0.090
       5.156	  0.035
       5.160	  0.007
       5.164	  0.033
       5.168	  0.110
       5.172	  0.245
       5.176	  0.470
       5.180	  0.790
       5.184	  1.147
       5.188	  1.373
       5.192	  1.347
       5.196	  0.988
       5.200	  0.323
       5.204	 -0.385
       5.208	 -0.840
       5.212	 -1.095
       5.216	 -1.065
       5.220	 -0.858
       5.224	 -0.647
       5.228	 -0.502
       5.232	 -0.390
       5.236	 -0.312
       5.240	 -0.273
       5.244	 -0.235
       5.248	 -0.207
       5.252	 -0.195
       5.256	 -0.175
       5.260	 -0.150
       5.264	 -0.135
       5.268	 -0.100
       5.272	 -0.077
       5.276	 -0.052
       5.280	 -0.040
       5.284	 -0.028
       5.288	 -0.033
       5.292	 -0.028
       5.296	 -0.033
       5.300	 -0.020
       5.304	 -0.022
       5.308	  0.000
       5.312	  0.010
       5.316	  0.022
       5.320	  0.020
       5.324	  0.025
       5.328	  0.033
       5.332	  0.035
       5.336	  0.033
       5.340	  0.040
       5.344	  0.048
       5.348	  0.050
       5.352	  0.052
       5.356	  0.058
       5.360	  0.060
       5.364	  0.048
       5.368	  0.000
       5.372	 -0.028
       5.376	 -0.015
       5.380	  0.000
       5.384	  0.025
       5.388	  0.025
       5.392	  0.022
       5.396	  0.013
       5.400	  0.022
       5.404	  0.022
       5.408	  0.025
       5.412	  0.015
       5.416	  0.010
       5.420	 -0.015
       5.424	 -0.015
       5.428	 -0.020
       5.432	  0.003
       5.436	  0.010
       5.440	  0.020
       5.444	  0.022
       5.448	  0.040
       5.452	  0.062
       5.456	  0.085
       5.460	  0.100
       5.464	  0.113
       5.468	  0.145
       5.472	  0.175
       5.476	  0.212
       5.480	  0.240
       5.484	  0.285
       5.488	  0.320
       5.492	  0.370
       5.496	  0.410
       5.500	  0.450
       5.504	  0.475
       5.508	  0.512
       5.512	  0.540
       5.516	  0.562
       5.520	  0.570
       5.524	  0.583
       5.528	  0.583
       5.532	  0.573
       5.536	  0.557
       5.540	  0.545
       5.544	  0.527
       5.548	  0.497
       5.552	  0.463
       5.556	  0.422
       5.560	  0.398
       5.564	  0.357
       5.568	  0.335
       5.572	  0.302
       5.576	  0.275
       5.580	  0.245
       5.584	  0.223
       5.588	  0.198
       5.592	  0.182
       5.596	  0.160
       5.600	  0.158
       5.604	  0.140
       5.608	  0.138
       5.612	  0.122
       5.616	  0.122
       5.620	  0.113
       5.624	  0.120
       5.628	  0.113
       5.632	  0.102
       5.636	  0.098
       5.640	  0.095
       5.644	  0.098
       5.648	  0.098
       5.652	  0.095
       5.656	  0.083
       5.660	  0.087
       5.664	  0.083
       5.668	  0.077
       5.672	  0.070
       5.676	  0.072
       5.680	  0.062
       5.684	  0.070
       5.688	  0.062
       5.692	  0.065
       5.696	  0.058
       5.700	  0.060
       5.704	  0.052
       5.708	  0.058
       5.712	  0.052
       5.716	  0.062
       5.720	  0.060
       5.724	  0.065
       5.728	  0.070
       5.732	  0.065
       5.736	  0.065
       5.740	  0.070
       5.744	  0.070
       5.748	  0.052
       5.752	  0.045
       5.756	  0.045
       5.760	  0.052
       5.764	  0.052
       5.768	  0.052
       5.772	  0.048
       5.776	  0.048
       5.780	  0.045
       5.784	  0.060
       5.788	  0.050
       5.792	  0.052
       5.796	  0.050
       5.800	  0.052
       5.804	  0.048
       5.808	  0.050
       5.812	  0.045
       5.816	  0.040
       5.820	  0.035
       5.824	  0.040
       5.828	  0.037
       5.832	  0.040
       5.836	  0.033
       5.840	  0.035
       5.844	  0.035
       5.848	  0.035
       5.852	  0.025
       5.856	  0.025
       5.860	  0.035
       5.864	  0.028
       5.868	  0.035
       5.872	  0.035
       5.876	  0.037
       5.880	  0.025
       5.884	  0.035
       5.888	  0.033
       5.892	  0.037
       5.896	  0.033
       5.900	  0.048
       5.904	  0.037
       5.908	  0.048
       5.912	  0.040
       5.916	  0.048
       5.920	  0.045
       5.924	  0.048
       5.928	  0.037
       5.932	  0.040
       5.936	  0.037
       5.940	  0.040
       5.944	  0.048
       5.948	  0.040
       5.952	  0.037
       5.956	  0.040
       5.960	  0.050
       5.964	  0.052
       5.968	  0.050
       5.972	  0.040
       5.976	  0.037
       5.980	  0.033
       5.984	  0.045
       5.988	  0.040
       5.992	  0.045
       5.996	  0.035
       6.000	  0.040
       6.004	  0.045
       6.008	  0.052
       6.012	  0.050
       6.016	  0.052
       6.020	  0.048
       6.024	  0.058
       6.028	  0.065
       6.032	  0.075
       6.036	  0.072
       6.040	  0.077
       6.044	  0.075
       6.048	  0.062
       6.052	  0.062
       6.056	  0.060
       6.060	  0.072
       6.064	  0.065
       6.068	  0.062
       6.072	  0.062
       6.076	  0.072
       6.080	  0.065
       6.084	  0.065
       6.088	  0.060
       6.092	  0.058
       6.096	  0.052
       6.100	  0.070
       6.104	  0.065
       6.108	  0.070
       6.112	  0.062
       6.116	  0.060
       6.120	  0.058
       6.124	  0.072
       6.128	  0.072
       6.132	  0.070
       6.136	  0.070
       6.140	  0.075
       6.144	  0.085
       6.148	  0.077
       6.152	  0.077
       6.156	  0.077
       6.160	  0.083
       6.164	  0.072
       6.168	  0.077
       6.172	  0.075
       6.176	  0.072
       6.180	  0.070
       6.184	  0.072
       6.188	  0.072
       6.192	  0.077
       6.196	  0.075
       6.200	  0.077
       6.204	  0.072
       6.208	  0.083
       6.212	  0.085
       6.216	  0.077
       6.220	  0.062
       6.224	  0.060
       6.228	  0.052
       6.232	  0.052
       6.236	  0.048
       6.240	  0.050
       6.244	  0.052
       6.248	  0.048
       6.252	  0.048
       6.256	  0.040
       6.260	  0.045
       6.264	  0.045
       6.268	  0.048
       6.272	  0.040
       6.276	  0.040
       6.280	  0.022
       6.284	  0.022
       6.288	  0.020
       6.292	  0.022
       6.296	  0.015
       6.300	  0.022
       6.304	  0.022
       6.308	  0.040
       6.312	  0.050
       6.316	  0.070
       6.320	  0.077
       6.324	  0.098
       6.328	  0.102
       6.332	  0.110
       6.336	  0.120
       6.340	  0.128
       6.344	  0.110
       6.348	  0.060
       6.352	  0.020
       6.356	 -0.028
       6.360	 -0.045
       6.364	 -0.050
       6.368	 -0.050
       6.372	 -0.048
       6.376	 -0.033
       6.380	 -0.025
       6.384	  0.022
       6.388	  0.085
       6.392	  0.198
       6.396	  0.372
       6.400	  0.670
       6.404	  1.040
       6.408	  1.423
       6.412	  1.545
       6.416	  1.395
       6.420	  0.835
       6.424	  0.040
       6.428	 -0.640
       6.432	 -1.040
       6.436	 -1.188
       6.440	 -1.025
       6.444	 -0.770
       6.448	 -0.578
       6.452	 -0.432
       6.456	 -0.320
       6.460	 -0.258
       6.464	 -0.225
       6.468	 -0.190
       6.472	 -0.177
       6.476	 -0.152
       6.480	 -0.125
       6.484	 -0.098
       6.488	 -0.087
       6.492	 -0.050
       6.496	 -0.037
       6.500	 -0.022
       6.504	  0.003
       6.508	  0.020
       6.512	  0.015
       6.516	  0.020
       6.520	  0.022
       6.524	  0.033
       6.528	  0.035
       6.532	  0.045
       6.536	  0.048
       6.540	  0.058
       6.544	  0.062
       6.548	  0.058
       6.552	  0.062
       6.556	  0.052
       6.560	  0.058
       6.564	  0.060
       6.568	  0.072
       6.572	  0.065
       6.576	  0.070
       6.580	  0.058
       6.584	  0.070
       6.588	  0.033
       6.592	  0.020
       6.596	  0.022
       6.600	  0.040
       6.604	  0.048
       6.608	  0.058
       6.612	  0.050
       6.616	  0.040
       6.620	  0.045
       6.624	  0.052
       6.628	  0.048
       6.632	  0.028
       6.636	  0.013
       6.640	  0.010
       6.644	  0.007
       6.648	  0.000
       6.652	 -0.022
       6.656	  0.000
       6.660	  0.010
       6.664	  0.003
       6.668	  0.022
       6.672	  0.037
       6.676	  0.060
       6.680	  0.075
       6.684	  0.110
       6.688	  0.128
       6.692	  0.165
       6.696	  0.195
       6.700	  0.245
       6.704	  0.275
       6.708	  0.328
       6.712	  0.370
       6.716	  0.412
       6.720	  0.445
       6.724	  0.487
       6.728	  0.522
       6.732	  0.552
       6.736	  0.570
       6.740	  0.588
       6.744	  0.603
       6.748	  0.610
       6.752	  0.610
       6.756	  0.600
       6.760	  0.590
       6.764	  0.557
       6.768	  0.527
       6.772	  0.497
       6.776	  0.475
       6.780	  0.425
       6.784	  0.400
       6.788	  0.345
       6.792	  0.320
       6.796	  0.282
       6.800	  0.247
       6.804	  0.223
       6.808	  0.200
       6.812	  0.185
       6.816	  0.190
       6.820	  0.165
       6.824	  0.145
       6.828	  0.140
       6.832	  0.115
       6.836	  0.100
       6.840	  0.075
       6.844	  0.060
       6.848	  0.052
       6.852	  0.048
       6.856	  0.052
       6.860	  0.058
       6.864	  0.015
       6.868	  0.037
       6.872	  0.048
       6.876	  0.033
       6.880	  0.013
       6.884	  0.000
       6.888	 -0.033
       6.892	 -0.025
       6.896	  0.000
       6.900	 -0.033
       6.904	 -0.050
       6.908	 -0.037
       6.912	 -0.033
       6.916	 -0.060
       6.920	 -0.058
       6.924	 -0.052
       6.928	 -0.050
       6.932	 -0.058
       6.936	 -0.062
       6.940	 -0.048
       6.944	 -0.048
       6.948	 -0.050
       6.952	 -0.062
       6.956	 -0.058
       6.960	 -0.062
       6.964	 -0.083
       6.968	 -0.077
       6.972	 -0.145
       6.976	 -0.125
       6.980	 -0.098
       6.984	 -0.070
       6.988	 -0.062
       6.992	 -0.045
       6.996	 -0.058
       7.000	 -0.052
       7.004	 -0.077
       7.008	 -0.083
       7.012	 -0.085
       7.016	 -0.085
       7.020	 -0.075
       7.024	 -0.037
       7.028	 -0.037
       7.032	 -0.033
       7.036	 -0.070
       7.040	 -0.100
       7.044	 -0.070
       7.048	 -0.075
       7.052	 -0.022
       7.056	 -0.045
       7.060	 -0.062
       7.064	 -0.058
       7.068	 -0.035
       7.072	 -0.022
       7.076	  0.013
       7.080	 -0.037
       7.084	 -0.048
       7.088	 -0.058
       7.092	 -0.040
       7.096	 -0.058
       7.100	 -0.060
       7.104	 -0.050
       7.108	 -0.070
       7.112	 -0.075
       7.116	 -0.050
       7.120	 -0.022
       7.124	 -0.015
       7.128	  0.015
       7.132	  0.000
       7.136	 -0.013
       7.140	 -0.050
       7.144	 -0.062
       7.148	 -0.075
       7.152	 -0.065
       7.156	 -0.035
       7.160	  0.022
       7.164	  0.000
       7.168	 -0.035
       7.172	 -0.025
       7.176	 -0.022
       7.180	 -0.050
       7.184	  0.003
       7.188	 -0.025
       7.192	 -0.037
       7.196	 -0.048
       7.200	 -0.040
       7.204	 -0.060
       7.208	 -0.025
       7.212	  0.022
       7.216	  0.045
       7.220	 -0.013
       7.224	 -0.025
       7.228	 -0.022
       7.232	  0.000
       7.236	 -0.020
       7.240	 -0.022
       7.244	 -0.022
       7.248	 -0.033
       7.252	 -0.037
       7.256	 -0.040
       7.260	 -0.048
       7.264	 -0.040
       7.268	 -0.015
       7.272	 -0.022
       7.276	 -0.052
       7.280	 -0.028
       7.284	 -0.025
       7.288	 -0.020
       7.292	  0.020
       7.296	  0.025
       7.300	  0.013
       7.304	 -0.015
       7.308	  0.028
       7.312	  0.007
       7.316	  0.022
       7.320	  0.022
       7.324	 -0.022
       7.328	 -0.050
       7.332	 -0.037
       7.336	  0.000
       7.340	  0.028
       7.344	  0.015
       7.348	  0.010
       7.352	  0.000
       7.356	  0.022
       7.360	  0.050
       7.364	  0.015
       7.368	  0.028
       7.372	  0.010
       7.376	  0.013
       7.380	 -0.025
       7.384	 -0.025
       7.388	 -0.050
       7.392	 -0.015
       7.396	  0.003
       7.400	  0.010
       7.404	 -0.028
       7.408	 -0.022
       7.412	 -0.033
       7.416	 -0.033
       7.420	 -0.033
       7.424	 -0.022
       7.428	 -0.033
       7.432	 -0.048
       7.436	 -0.050
       7.440	 -0.062
       7.444	 -0.070
       7.448	 -0.072
       7.452	 -0.077
       7.456	 -0.083
       7.460	 -0.070
       7.464	 -0.065
       7.468	 -0.052
       7.472	 -0.040
       7.476	 -0.028
       7.480	 -0.025
       7.484	 -0.013
       7.488	 -0.022
       7.492	  0.007
       7.496	  0.022
       7.500	  0.035
       7.504	 -0.015
       7.508	 -0.060
       7.512	 -0.098
       7.516	 -0.115
       7.520	 -0.128
       7.524	 -0.120
       7.528	 -0.122
       7.532	 -0.125
       7.536	 -0.125
       7.540	 -0.120
       7.544	 -0.113
       7.548	 -0.122
       7.552	 -0.125
       7.556	 -0.125
       7.560	 -0.122
       7.564	 -0.133
       7.568	 -0.122
       7.572	 -0.115
       7.576	 -0.102
       7.580	 -0.100
       7.584	 -0.085
       7.588	 -0.083
       7.592	 -0.048
       7.596	  0.022
       7.600	  0.107
       7.604	  0.228
       7.608	  0.458
       7.612	  0.797
       7.616	  1.222
       7.620	  1.452
       7.624	  1.427
       7.628	  1.062
       7.632	  0.347
       7.636	 -0.395
       7.640	 -0.882
       7.644	 -1.123
       7.648	 -1.083
       7.652	 -0.828
       7.656	 -0.603
       7.660	 -0.435
       7.664	 -0.325
       7.668	 -0.250
       7.672	 -0.207
       7.676	 -0.165
       7.680	 -0.150
       7.684	 -0.128
       7.688	 -0.110
       7.692	 -0.087
       7.696	 -0.085
       7.700	 -0.052
       7.704	 -0.040
       7.708	  0.000
       7.712	  0.007
       7.716	  0.010
       7.720	  0.000
       7.724	  0.003
       7.728	  0.003
       7.732	  0.003
       7.736	  0.007
       7.740	  0.022
       7.744	  0.037
       7.748	  0.045
       7.752	  0.048
       7.756	  0.048
       7.760	  0.050
       7.764	  0.048
       7.768	  0.050
       7.772	  0.050
       7.776	  0.058
       7.780	  0.050
       7.784	  0.052
       7.788	  0.040
       7.792	  0.048
       7.796	  0.025
       7.800	  0.000
       7.804	 -0.020
       7.808	  0.010
       7.812	  0.020
       7.816	  0.028
       7.820	  0.022
       7.824	  0.015
       7.828	  0.010
       7.832	  0.010
       7.836	  0.000
       7.840	 -0.025
       7.844	 -0.025
       7.848	 -0.020
       7.852	  0.000
       7.856	 -0.025
       7.860	 -0.020
       7.864	 -0.025
       7.868	 -0.022
       7.872	 -0.025
       7.876	  0.000
       7.880	  0.000
       7.884	  0.015
       7.888	  0.028
       7.892	  0.052
       7.896	  0.075
       7.900	  0.107
       7.904	  0.125
       7.908	  0.160
       7.912	  0.198
       7.916	  0.235
       7.920	  0.270
       7.924	  0.310
       7.928	  0.347
       7.932	  0.388
       7.936	  0.422
       7.940	  0.453
       7.944	  0.477
       7.948	  0.497
       7.952	  0.520
       7.956	  0.535
       7.960	  0.545
       7.964	  0.537
       7.968	  0.535
       7.972	  0.510
       7.976	  0.497
       7.980	  0.465
       7.984	  0.438
       7.988	  0.400
       7.992	  0.378
       7.996	  0.347
       8.000	  0.325
       8.004	  0.295
       8.008	  0.265
       8.012	  0.233
       8.016	  0.210
       8.020	  0.182
       8.024	  0.170
       8.028	  0.150
       8.032	  0.133
       8.036	  0.113
       8.040	  0.100
       8.044	  0.100
       8.048	  0.095
       8.052	  0.085
       8.056	  0.075
       8.060	  0.075
       8.064	  0.062
       8.068	  0.065
       8.072	  0.060
       8.076	  0.060
       8.080	  0.050
       8.084	  0.060
       8.088	  0.052
       8.092	  0.062
       8.096	  0.052
       8.100	  0.052
       8.104	  0.048
       8.108	  0.048
       8.112	  0.050
       8.116	  0.050
       8.120	  0.040
       8.124	  0.037
       8.128	  0.037
       8.132	  0.035
       8.136	  0.033
       8.140	  0.028
       8.144	  0.025
       8.148	  0.020
       8.152	  0.015
       8.156	  0.020
       8.160	  0.025
       8.164	  0.010
       8.168	  0.015
       8.172	  0.013
       8.176	  0.015
       8.180	  0.007
       8.184	  0.013
       8.188	  0.010
       8.192	  0.013
       8.196	  0.007
       8.200	  0.015
       8.204	  0.010
       8.208	  0.020
       8.212	  0.025
       8.216	  0.028
       8.220	  0.015
       8.224	  0.013
       8.228	  0.010
       8.232	  0.010
       8.236	  0.007
       8.240	  0.010
       8.244	  0.015
       8.248	  0.013
       8.252	  0.010
       8.256	  0.007
       8.260	  0.013
       8.264	  0.013
       8.268	  0.015
       8.272	  0.013
       8.276	  0.022
       8.280	  0.013
       8.284	  0.020
       8.288	  0.010
       8.292	  0.013
       8.296	  0.010
       8.300	  0.020
       8.304	  0.020
       8.308	  0.025
       8.312	  0.028
       8.316	  0.028
       8.320	  0.025
       8.324	  0.028
       8.328	  0.035
       8.332	  0.037
       8.336	  0.040
       8.340	  0.048
       8.344	  0.048
       8.348	  0.035
       8.352	  0.040
       8.356	  0.045
       8.360	  0.050
       8.364	  0.045
       8.368	  0.045
       8.372	  0.037
       8.376	  0.040
       8.380	  0.035
       8.384	  0.045
       8.388	  0.045
       8.392	  0.050
       8.396	  0.048
       8.400	  0.048
       8.404	  0.040
       8.408	  0.045
       8.412	  0.037
       8.416	  0.035
       8.420	  0.025
       8.424	  0.033
       8.428	  0.035
       8.432	  0.035
       8.436	  0.028
       8.440	  0.033
       8.444	  0.037
       8.448	  0.028
       8.452	  0.022
       8.456	  0.010
       8.460	  0.015
       8.464	  0.007
       8.468	  0.003
       8.472	 -0.025
       8.476	 -0.028
       8.480	 -0.048
       8.484	 -0.040
       8.488	 -0.048
       8.492	 -0.037
       8.496	 -0.037
       8.500	 -0.033
       8.504	 -0.028
       8.508	  0.003
       8.512	  0.013
       8.516	  0.025
       8.520	  0.033
       8.524	  0.035
       8.528	  0.045
       8.532	  0.060
       8.536	  0.062
       8.540	  0.045
       8.544	  0.000
       8.548	 -0.070
       8.552	 -0.100
       8.556	 -0.120
       8.560	 -0.113
       8.564	 -0.122
       8.568	 -0.115
       8.572	 -0.115
       8.576	 -0.107
       8.580	 -0.113
       8.584	 -0.100
       8.588	 -0.107
       8.592	 -0.100
       8.596	 -0.100
       8.600	 -0.098
       8.604	 -0.098
       8.608	 -0.083
       8.612	 -0.072
       8.616	 -0.070
       8.620	 -0.070
       8.624	 -0.050
       8.628	 -0.037
       8.632	 -0.025
       8.636	  0.033
       8.640	  0.095
       8.644	  0.200
       8.648	  0.372
       8.652	  0.682
       8.656	  1.113
       8.660	  1.490
       8.664	  1.573
       8.668	  1.363
       8.672	  0.710
       8.676	 -0.110
       8.680	 -0.738
       8.684	 -1.083
       8.688	 -1.165
       8.692	 -0.963
       8.696	 -0.720
       8.700	 -0.532
       8.704	 -0.398
       8.708	 -0.295
       8.712	 -0.237
       8.716	 -0.198
       8.720	 -0.170
       8.724	 -0.147
       8.728	 -0.128
       8.732	 -0.113
       8.736	 -0.102
       8.740	 -0.085
       8.744	 -0.048
       8.748	 -0.033
       8.752	  0.003
       8.756	  0.007
       8.760	  0.013
       8.764	  0.007
       8.768	  0.020
       8.772	  0.013
       8.776	  0.022
       8.780	  0.022
       8.784	  0.028
       8.788	  0.028
       8.792	  0.040
       8.796	  0.037
       8.800	  0.045
       8.804	  0.045
       8.808	  0.048
       8.812	  0.037
       8.816	  0.033
       8.820	  0.033
       8.824	  0.033
       8.828	  0.022
       8.832	  0.010
       8.836	  0.000
       8.840	 -0.045
       8.844	 -0.045
       8.848	 -0.033
       8.852	  0.000
       8.856	  0.003
       8.860	  0.007
       8.864	 -0.022
       8.868	 -0.020
       8.872	 -0.020
       8.876	 -0.015
       8.880	 -0.035
       8.884	 -0.037
       8.888	 -0.048
       8.892	 -0.037
       8.896	 -0.045
       8.900	 -0.048
       8.904	 -0.050
       8.908	 -0.033
       8.912	 -0.025
       8.916	  0.000
       8.920	 -0.025
       8.924	  0.007
       8.928	  0.035
       8.932	  0.062
       8.936	  0.098
       8.940	  0.125
       8.944	  0.158
       8.948	  0.190
       8.952	  0.237
       8.956	  0.275
       8.960	  0.315
       8.964	  0.345
       8.968	  0.385
       8.972	  0.412
       8.976	  0.458
       8.980	  0.475
       8.984	  0.507
       8.988	  0.525
       8.992	  0.547
       8.996	  0.557
       9.000	  0.557
       9.004	  0.535
       9.008	  0.512
       9.012	  0.482
       9.016	  0.458
       9.020	  0.427
       9.024	  0.403
       9.028	  0.372
       9.032	  0.335
       9.036	  0.302
       9.040	  0.275
       9.044	  0.258
       9.048	  0.220
       9.052	  0.188
       9.056	  0.163
       9.060	  0.158
       9.064	  0.138
       9.068	  0.138
       9.072	  0.120
       9.076	  0.110
       9.080	  0.098
       9.084	  0.098
       9.088	  0.095
       9.092	  0.095
       9.096	  0.087
       9.100	  0.085
       9.104	  0.075
       9.108	  0.077
       9.112	  0.062
       9.116	  0.052
       9.120	  0.048
       9.124	  0.048
       9.128	  0.048
       9.132	  0.048
       9.136	  0.050
       9.140	  0.050
       9.144	  0.058
       9.148	  0.058
       9.152	  0.058
       9.156	  0.048
       9.160	  0.048
       9.164	  0.040
       9.168	  0.048
       9.172	  0.045
       9.176	  0.050
       9.180	  0.048
       9.184	  0.048
       9.188	  0.037
       9.192	  0.052
       9.196	  0.060
       9.200	  0.060
       9.204	  0.052
       9.208	  0.058
       9.212	  0.050
       9.216	  0.050
       9.220	  0.048
       9.224	  0.048
       9.228	  0.045
       9.232	  0.037
       9.236	  0.035
       9.240	  0.037
       9.244	  0.037
       9.248	  0.035
       9.252	  0.037
       9.256	  0.035
       9.260	  0.045
       9.264	  0.035
       9.268	  0.037
       9.272	  0.033
       9.276	  0.037
       9.280	  0.037
       9.284	  0.048
       9.288	  0.050
       9.292	  0.060
       9.296	  0.052
       9.300	  0.052
       9.304	  0.048
       9.308	  0.058
       9.312	  0.058
       9.316	  0.058
       9.320	  0.052
       9.324	  0.050
       9.328	  0.050
       9.332	  0.052
       9.336	  0.058
       9.340	  0.062
       9.344	  0.070
       9.348	  0.065
       9.352	  0.065
       9.356	  0.052
       9.360	  0.052
       9.364	  0.045
       9.368	  0.058
       9.372	  0.060
       9.376	  0.070
       9.380	  0.050
       9.384	  0.048
       9.388	  0.045
       9.392	  0.058
       9.396	  0.060
       9.400	  0.060
       9.404	  0.058
       9.408	  0.060
       9.412	  0.060
       9.416	  0.065
       9.420	  0.060
       9.424	  0.060
       9.428	  0.060
       9.432	  0.060
       9.436	  0.060
       9.440	  0.060
       9.444	  0.060
       9.448	  0.058
       9.452	  0.062
       9.456	  0.060
       9.460	  0.062
       9.464	  0.058
       9.468	  0.052
       9.472	  0.048
       9.476	  0.052
       9.480	  0.050
       9.484	  0.058
       9.488	  0.048
       9.492	  0.052
       9.496	  0.040
       9.500	  0.045
       9.504	  0.035
       9.508	  0.035
       9.512	  0.028
       9.516	  0.022
       9.520	  0.010
       9.524	  0.007
       9.528	  0.010
       9.532	  0.010
       9.536	  0.013
       9.540	  0.013
       9.544	  0.015
       9.548	  0.007
       9.552	  0.003
       9.556	 -0.015
       9.560	 -0.015
       9.564	 -0.028
       9.568	 -0.033
       9.572	 -0.040
       9.576	 -0.028
       9.580	 -0.035
       9.584	 -0.035
       9.588	 -0.037
       9.592	 -0.025
       9.596	 -0.022
       9.600	  0.010
       9.604	  0.020
       9.608	  0.035
       9.612	  0.040
       9.616	  0.045
       9.620	  0.045
       9.624	  0.052
       9.628	  0.060
       9.632	  0.048
       9.636	  0.007
       9.640	 -0.048
       9.644	 -0.083
       9.648	 -0.107
       9.652	 -0.107
       9.656	 -0.107
       9.660	 -0.102
       9.664	 -0.107
       9.668	 -0.098
       9.672	 -0.102
       9.676	 -0.102
       9.680	 -0.115
       9.684	 -0.113
       9.688	 -0.113
       9.692	 -0.098
       9.696	 -0.095
       9.700	 -0.083
       9.704	 -0.077
       9.708	 -0.060
       9.712	 -0.058
       9.716	 -0.050
       9.720	 -0.045
       9.724	 -0.035
       9.728	  0.000
       9.732	  0.062
       9.736	  0.147
       9.740	  0.282
       9.744	  0.515
       9.748	  0.885
       9.752	  1.335
       9.756	  1.583
       9.760	  1.558
       9.764	  1.135
       9.768	  0.360
       9.772	 -0.422
       9.776	 -0.910
       9.780	 -1.163
       9.784	 -1.107
       9.788	 -0.858
       9.792	 -0.625
       9.796	 -0.458
       9.800	 -0.328
       9.804	 -0.260
       9.808	 -0.210
       9.812	 -0.172
       9.816	 -0.138
       9.820	 -0.120
       9.824	 -0.095
       9.828	 -0.072
       9.832	 -0.058
       9.836	 -0.028
       9.840	  0.007
       9.844	  0.033
       9.848	  0.045
       9.852	  0.052
       9.856	  0.050
       9.860	  0.052
       9.864	  0.048
       9.868	  0.052
       9.872	  0.050
       9.876	  0.065
       9.880	  0.062
       9.884	  0.072
       9.888	  0.070
       9.892	  0.075
       9.896	  0.070
       9.900	  0.065
       9.904	  0.060
       9.908	  0.060
       9.912	  0.065
       9.916	  0.070
       9.920	  0.070
       9.924	  0.070
       9.928	  0.070
       9.932	  0.045
       9.936	  0.015
       9.940	  0.022
       9.944	  0.028
       9.948	  0.037
       9.952	  0.050
       9.956	  0.052
       9.960	  0.058
       9.964	  0.037
       9.968	  0.033
       9.972	  0.022
       9.976	  0.020
       9.980	  0.010
       9.984	  0.020
       9.988	  0.010
       9.992	  0.007
       9.996	  0.003
