Elapsed_time	ECG
       0.000	 -0.195
       0.004	 -0.193
       0.008	 -0.182
       0.012	 -0.177
       0.016	 -0.165
       0.020	 -0.163
       0.024	 -0.155
       0.028	 -0.147
       0.032	 -0.138
       0.036	 -0.130
       0.040	 -0.117
       0.044	 -0.110
       0.048	 -0.098
       0.052	 -0.090
       0.056	 -0.080
       0.060	 -0.072
       0.064	 -0.060
       0.068	 -0.050
       0.072	 -0.040
       0.076	 -0.030
       0.080	 -0.020
       0.084	  0.000
       0.088	  0.007
       0.092	  0.037
       0.096	  0.450
       0.100	  0.260
       0.104	  0.102
       0.108	  0.015
       0.112	 -0.092
       0.116	 -0.072
       0.120	  0.040
       0.124	  0.062
       0.128	  0.000
       0.132	 -0.018
       0.136	  0.058
       0.140	  0.085
       0.144	  0.048
       0.148	  0.035
       0.152	  0.068
       0.156	  0.095
       0.160	  0.072
       0.164	  0.062
       0.168	  0.080
       0.172	  0.105
       0.176	  0.092
       0.180	  0.085
       0.184	  0.092
       0.188	  0.107
       0.192	  0.105
       0.196	  0.102
       0.200	  0.110
       0.204	  0.120
       0.208	  0.120
       0.212	  0.113
       0.216	  0.115
       0.220	  0.125
       0.224	  0.128
       0.228	  0.120
       0.232	  0.120
       0.236	  0.125
       0.240	  0.128
       0.244	  0.120
       0.248	  0.125
       0.252	  0.128
       0.256	  0.135
       0.260	  0.133
       0.264	  0.135
       0.268	  0.133
       0.272	  0.130
       0.276	  0.125
       0.280	  0.125
       0.284	  0.125
       0.288	  0.125
       0.292	  0.125
       0.296	  0.125
       0.300	  0.128
       0.304	  0.125
       0.308	  0.120
       0.312	  0.120
       0.316	  0.128
       0.320	  0.133
       0.324	  0.140
       0.328	  0.138
       0.332	  0.135
       0.336	  0.133
       0.340	  0.133
       0.344	  0.133
       0.348	  0.117
       0.352	  0.098
       0.356	  0.087
       0.360	  0.068
       0.364	  0.052
       0.368	  0.050
       0.372	  0.075
       0.376	  0.117
       0.380	  0.215
       0.384	  0.343
       0.388	  0.465
       0.392	  0.525
       0.396	  0.565
       0.400	  0.620
       0.404	  0.682
       0.408	  0.733
       0.412	  0.777
       0.416	  0.812
       0.420	  0.892
       0.424	  1.060
       0.428	  1.312
       0.432	  1.587
       0.436	  1.825
       0.440	  1.998
       0.444	  2.100
       0.448	  2.160
       0.452	  2.200
       0.456	  2.212
       0.460	  2.208
       0.464	  2.167
       0.468	  2.070
       0.472	  1.948
       0.476	  1.837
       0.480	  1.732
       0.484	  1.597
       0.488	  1.458
       0.492	  1.327
       0.496	  1.242
       0.500	  1.208
       0.504	  1.165
       0.508	  1.080
       0.512	  0.897
       0.516	  0.652
       0.520	  0.318
       0.524	 -0.062
       0.528	 -0.458
       0.532	 -0.833
       0.536	 -1.125
       0.540	 -1.295
       0.544	 -1.380
       0.548	 -1.407
       0.552	 -1.397
       0.556	 -1.385
       0.560	 -1.375
       0.564	 -1.373
       0.568	 -1.365
       0.572	 -1.365
       0.576	 -1.343
       0.580	 -1.302
       0.584	 -1.265
       0.588	 -1.232
       0.592	 -1.198
       0.596	 -1.155
       0.600	 -1.123
       0.604	 -1.085
       0.608	 -1.055
       0.612	 -1.008
       0.616	 -0.958
       0.620	 -0.922
       0.624	 -0.882
       0.628	 -0.860
       0.632	 -0.848
       0.636	 -0.815
       0.640	 -0.762
       0.644	 -0.743
       0.648	 -0.723
       0.652	 -0.700
       0.656	 -0.675
       0.660	 -0.667
       0.664	 -0.652
       0.668	 -0.632
       0.672	 -0.608
       0.676	 -0.600
       0.680	 -0.590
       0.684	 -0.583
       0.688	 -0.565
       0.692	 -0.532
       0.696	 -0.490
       0.700	 -0.465
       0.704	 -0.455
       0.708	 -0.463
       0.712	 -0.455
       0.716	 -0.445
       0.720	 -0.432
       0.724	 -0.420
       0.728	 -0.398
       0.732	 -0.385
       0.736	 -0.378
       0.740	 -0.367
       0.744	 -0.357
       0.748	 -0.340
       0.752	 -0.333
       0.756	 -0.328
       0.760	 -0.320
       0.764	 -0.310
       0.768	 -0.295
       0.772	 -0.282
       0.776	 -0.245
       0.780	  0.255
       0.784	  0.060
       0.788	 -0.138
       0.792	 -0.245
       0.796	 -0.345
       0.800	 -0.323
       0.804	 -0.205
       0.808	 -0.180
       0.812	 -0.247
       0.816	 -0.250
       0.820	 -0.172
       0.824	 -0.130
       0.828	 -0.163
       0.832	 -0.182
       0.836	 -0.133
       0.840	 -0.095
       0.844	 -0.107
       0.848	 -0.115
       0.852	 -0.090
       0.856	 -0.058
       0.860	 -0.058
       0.864	 -0.068
       0.868	 -0.068
       0.872	 -0.048
       0.876	 -0.028
       0.880	 -0.035
       0.884	  0.003
       0.888	  0.025
       0.892	  0.035
       0.896	  0.030
       0.900	  0.018
       0.904	 -0.020
       0.908	 -0.070
       0.912	 -0.117
       0.916	 -0.128
       0.920	 -0.083
       0.924	  0.028
       0.928	  0.177
       0.932	  0.375
       0.936	  0.565
       0.940	  0.748
       0.944	  0.938
       0.948	  1.107
       0.952	  1.195
       0.956	  1.238
       0.960	  1.330
       0.964	  1.430
       0.968	  1.433
       0.972	  1.320
       0.976	  1.040
       0.980	  0.620
       0.984	  0.310
       0.988	  0.177
       0.992	  0.110
       0.996	  0.043
       1.000	 -0.043
       1.004	 -0.158
       1.008	 -0.295
       1.012	 -0.468
       1.016	 -0.540
       1.020	 -0.510
       1.024	 -0.395
       1.028	 -0.223
       1.032	 -0.095
       1.036	 -0.045
       1.040	 -0.035
       1.044	 -0.025
       1.048	 -0.018
       1.052	 -0.022
       1.056	 -0.015
       1.060	  0.013
       1.064	  0.043
       1.068	  0.062
       1.072	  0.060
       1.076	  0.060
       1.080	  0.083
       1.084	  0.092
       1.088	  0.102
       1.092	  0.098
       1.096	  0.092
       1.100	  0.095
       1.104	  0.087
       1.108	  0.085
       1.112	  0.092
       1.116	  0.105
       1.120	  0.090
       1.124	  0.087
       1.128	  0.075
       1.132	  0.085
       1.136	  0.072
       1.140	  0.070
       1.144	  0.060
       1.148	  0.043
       1.152	  0.040
       1.156	  0.035
       1.160	  0.007
       1.164	  0.007
       1.168	  0.000
       1.172	 -0.022
       1.176	 -0.028
       1.180	 -0.045
       1.184	 -0.052
       1.188	 -0.068
       1.192	 -0.065
       1.196	 -0.058
       1.200	 -0.065
       1.204	 -0.092
       1.208	 -0.095
       1.212	 -0.087
       1.216	 -0.087
       1.220	 -0.083
       1.224	 -0.068
       1.228	 -0.068
       1.232	 -0.062
       1.236	 -0.062
       1.240	 -0.052
       1.244	 -0.058
       1.248	 -0.070
       1.252	 -0.075
       1.256	 -0.068
       1.260	 -0.070
       1.264	 -0.052
       1.268	 -0.058
       1.272	 -0.068
       1.276	 -0.092
       1.280	 -0.080
       1.284	 -0.060
       1.288	 -0.043
       1.292	 -0.037
       1.296	 -0.035
       1.300	 -0.045
       1.304	 -0.058
       1.308	 -0.058
       1.312	 -0.050
       1.316	 -0.043
       1.320	 -0.040
       1.324	 -0.048
       1.328	 -0.065
       1.332	 -0.065
       1.336	 -0.068
       1.340	 -0.050
       1.344	 -0.050
       1.348	 -0.060
       1.352	 -0.062
       1.356	 -0.065
       1.360	 -0.070
       1.364	 -0.065
       1.368	 -0.075
       1.372	 -0.087
       1.376	 -0.087
       1.380	 -0.068
       1.384	 -0.060
       1.388	 -0.058
       1.392	 -0.065
       1.396	 -0.052
       1.400	 -0.040
       1.404	 -0.028
       1.408	 -0.037
       1.412	 -0.065
       1.416	 -0.085
       1.420	 -0.075
       1.424	 -0.065
       1.428	 -0.058
       1.432	 -0.045
       1.436	 -0.040
       1.440	 -0.037
       1.444	 -0.045
       1.448	 -0.045
       1.452	 -0.028
       1.456	  0.003
       1.460	  0.020
       1.464	  0.427
       1.468	  0.245
       1.472	  0.087
       1.476	  0.000
       1.480	 -0.095
       1.484	 -0.085
       1.488	  0.022
       1.492	  0.043
       1.496	 -0.022
       1.500	 -0.035
       1.504	  0.035
       1.508	  0.062
       1.512	  0.028
       1.516	  0.007
       1.520	  0.037
       1.524	  0.068
       1.528	  0.045
       1.532	  0.030
       1.536	  0.045
       1.540	  0.065
       1.544	  0.060
       1.548	  0.050
       1.552	  0.060
       1.556	  0.075
       1.560	  0.072
       1.564	  0.070
       1.568	  0.070
       1.572	  0.087
       1.576	  0.087
       1.580	  0.087
       1.584	  0.090
       1.588	  0.095
       1.592	  0.098
       1.596	  0.098
       1.600	  0.105
       1.604	  0.110
       1.608	  0.113
       1.612	  0.117
       1.616	  0.117
       1.620	  0.125
       1.624	  0.130
       1.628	  0.130
       1.632	  0.133
       1.636	  0.133
       1.640	  0.138
       1.644	  0.138
       1.648	  0.142
       1.652	  0.142
       1.656	  0.152
       1.660	  0.147
       1.664	  0.152
       1.668	  0.155
       1.672	  0.163
       1.676	  0.165
       1.680	  0.172
       1.684	  0.175
       1.688	  0.177
       1.692	  0.177
       1.696	  0.180
       1.700	  0.182
       1.704	  0.185
       1.708	  0.188
       1.712	  0.193
       1.716	  0.195
       1.720	  0.198
       1.724	  0.200
       1.728	  0.195
       1.732	  0.200
       1.736	  0.200
       1.740	  0.198
       1.744	  0.195
       1.748	  0.188
       1.752	  0.185
       1.756	  0.193
       1.760	  0.185
       1.764	  0.185
       1.768	  0.170
       1.772	  0.165
       1.776	  0.175
       1.780	  0.188
       1.784	  0.215
       1.788	  0.255
       1.792	  0.300
       1.796	  0.362
       1.800	  0.450
       1.804	  0.542
       1.808	  0.642
       1.812	  0.740
       1.816	  0.855
       1.820	  0.993
       1.824	  1.190
       1.828	  1.420
       1.832	  1.617
       1.836	  1.802
       1.840	  1.995
       1.844	  2.178
       1.848	  2.330
       1.852	  2.375
       1.856	  2.320
       1.860	  2.210
       1.864	  2.110
       1.868	  1.982
       1.872	  1.830
       1.876	  1.637
       1.880	  1.458
       1.884	  1.325
       1.888	  1.228
       1.892	  1.120
       1.896	  1.032
       1.900	  1.028
       1.904	  1.075
       1.908	  1.125
       1.912	  1.115
       1.916	  1.020
       1.920	  0.860
       1.924	  0.718
       1.928	  0.580
       1.932	  0.403
       1.936	  0.160
       1.940	 -0.170
       1.944	 -0.535
       1.948	 -0.890
       1.952	 -1.150
       1.956	 -1.285
       1.960	 -1.335
       1.964	 -1.343
       1.968	 -1.335
       1.972	 -1.330
       1.976	 -1.320
       1.980	 -1.288
       1.984	 -1.260
       1.988	 -1.240
       1.992	 -1.218
       1.996	 -1.185
       2.000	 -1.153
       2.004	 -1.127
       2.008	 -1.097
       2.012	 -1.062
       2.016	 -1.025
       2.020	 -0.983
       2.024	 -0.940
       2.028	 -0.900
       2.032	 -0.858
       2.036	 -0.818
       2.040	 -0.785
       2.044	 -0.748
       2.048	 -0.720
       2.052	 -0.688
       2.056	 -0.650
       2.060	 -0.623
       2.064	 -0.588
       2.068	 -0.562
       2.072	 -0.532
       2.076	 -0.510
       2.080	 -0.485
       2.084	 -0.453
       2.088	 -0.430
       2.092	 -0.405
       2.096	 -0.383
       2.100	 -0.357
       2.104	 -0.340
       2.108	 -0.328
       2.112	 -0.312
       2.116	 -0.292
       2.120	 -0.278
       2.124	 -0.260
       2.128	 -0.247
       2.132	 -0.230
       2.136	 -0.223
       2.140	 -0.203
       2.144	 -0.177
       2.148	  0.318
       2.152	  0.130
       2.156	 -0.068
       2.160	 -0.172
       2.164	 -0.275
       2.168	 -0.255
       2.172	 -0.138
       2.176	 -0.113
       2.180	 -0.180
       2.184	 -0.193
       2.188	 -0.115
       2.192	 -0.072
       2.196	 -0.098
       2.200	 -0.115
       2.204	 -0.068
       2.208	 -0.030
       2.212	 -0.045
       2.216	 -0.060
       2.220	 -0.037
       2.224	  0.015
       2.228	  0.015
       2.232	  0.000
       2.236	  0.005
       2.240	  0.030
       2.244	  0.035
       2.248	  0.035
       2.252	  0.043
       2.256	  0.065
       2.260	  0.072
       2.264	  0.080
       2.268	  0.087
       2.272	  0.110
       2.276	  0.117
       2.280	  0.117
       2.284	  0.120
       2.288	  0.125
       2.292	  0.133
       2.296	  0.138
       2.300	  0.142
       2.304	  0.142
       2.308	  0.147
       2.312	  0.147
       2.316	  0.150
       2.320	  0.152
       2.324	  0.160
       2.328	  0.160
       2.332	  0.165
       2.336	  0.170
       2.340	  0.175
       2.344	  0.172
       2.348	  0.177
       2.352	  0.177
       2.356	  0.180
       2.360	  0.177
       2.364	  0.182
       2.368	  0.188
       2.372	  0.188
       2.376	  0.177
       2.380	  0.175
       2.384	  0.170
       2.388	  0.170
       2.392	  0.165
       2.396	  0.163
       2.400	  0.158
       2.404	  0.147
       2.408	  0.147
       2.412	  0.158
       2.416	  0.163
       2.420	  0.185
       2.424	  0.225
       2.428	  0.273
       2.432	  0.340
       2.436	  0.445
       2.440	  0.547
       2.444	  0.650
       2.448	  0.762
       2.452	  0.902
       2.456	  1.075
       2.460	  1.298
       2.464	  1.552
       2.468	  1.770
       2.472	  1.970
       2.476	  2.160
       2.480	  2.357
       2.484	  2.498
       2.488	  2.527
       2.492	  2.460
       2.496	  2.342
       2.500	  2.197
       2.504	  2.040
       2.508	  1.857
       2.512	  1.655
       2.516	  1.478
       2.520	  1.355
       2.524	  1.242
       2.528	  1.097
       2.532	  0.983
       2.536	  0.920
       2.540	  0.900
       2.544	  0.880
       2.548	  0.848
       2.552	  0.760
       2.556	  0.655
       2.560	  0.560
       2.564	  0.453
       2.568	  0.300
       2.572	  0.092
       2.576	 -0.217
       2.580	 -0.557
       2.584	 -0.905
       2.588	 -1.192
       2.592	 -1.340
       2.596	 -1.397
       2.600	 -1.417
       2.604	 -1.410
       2.608	 -1.387
       2.612	 -1.365
       2.616	 -1.333
       2.620	 -1.298
       2.624	 -1.262
       2.628	 -1.235
       2.632	 -1.198
       2.636	 -1.160
       2.640	 -1.123
       2.644	 -1.095
       2.648	 -1.050
       2.652	 -1.005
       2.656	 -0.960
       2.660	 -0.927
       2.664	 -0.890
       2.668	 -0.850
       2.672	 -0.807
       2.676	 -0.770
       2.680	 -0.735
       2.684	 -0.710
       2.688	 -0.680
       2.692	 -0.655
       2.696	 -0.635
       2.700	 -0.615
       2.704	 -0.603
       2.708	 -0.583
       2.712	 -0.555
       2.716	 -0.532
       2.720	 -0.512
       2.724	 -0.492
       2.728	 -0.485
       2.732	 -0.475
       2.736	 -0.470
       2.740	 -0.445
       2.744	 -0.445
       2.748	 -0.430
       2.752	 -0.420
       2.756	 -0.403
       2.760	 -0.398
       2.764	 -0.385
       2.768	 -0.375
       2.772	 -0.362
       2.776	 -0.357
       2.780	 -0.350
       2.784	 -0.335
       2.788	 -0.323
       2.792	 -0.315
       2.796	 -0.310
       2.800	 -0.312
       2.804	 -0.310
       2.808	 -0.297
       2.812	 -0.287
       2.816	 -0.263
       2.820	 -0.250
       2.824	 -0.240
       2.828	 -0.223
       2.832	  0.242
       2.836	  0.065
       2.840	 -0.120
       2.844	 -0.203
       2.848	 -0.292
       2.852	 -0.282
       2.856	 -0.180
       2.860	 -0.142
       2.864	 -0.188
       2.868	 -0.195
       2.872	 -0.117
       2.876	 -0.080
       2.880	 -0.115
       2.884	 -0.128
       2.888	 -0.083
       2.892	 -0.052
       2.896	 -0.072
       2.900	 -0.083
       2.904	 -0.058
       2.908	 -0.018
       2.912	  0.000
       2.916	 -0.020
       2.920	  0.000
       2.924	  0.022
       2.928	  0.020
       2.932	  0.018
       2.936	  0.025
       2.940	  0.037
       2.944	  0.030
       2.948	  0.028
       2.952	  0.020
       2.956	  0.030
       2.960	  0.030
       2.964	  0.037
       2.968	  0.048
       2.972	  0.052
       2.976	  0.045
       2.980	  0.048
       2.984	  0.058
       2.988	  0.070
       2.992	  0.083
       2.996	  0.095
       3.000	  0.098
       3.004	  0.095
       3.008	  0.090
       3.012	  0.080
       3.016	  0.068
       3.020	  0.083
       3.024	  0.098
       3.028	  0.095
       3.032	  0.102
       3.036	  0.090
       3.040	  0.085
       3.044	  0.098
       3.048	  0.107
       3.052	  0.113
       3.056	  0.110
       3.060	  0.110
       3.064	  0.102
       3.068	  0.087
       3.072	  0.087
       3.076	  0.102
       3.080	  0.102
       3.084	  0.087
       3.088	  0.087
       3.092	  0.087
       3.096	  0.087
       3.100	  0.107
       3.104	  0.117
       3.108	  0.115
       3.112	  0.117
       3.116	  0.125
       3.120	  0.125
       3.124	  0.115
       3.128	  0.107
       3.132	  0.105
       3.136	  0.105
       3.140	  0.107
       3.144	  0.113
       3.148	  0.128
       3.152	  0.130
       3.156	  0.133
       3.160	  0.128
       3.164	  0.115
       3.168	  0.107
       3.172	  0.115
       3.176	  0.120
       3.180	  0.138
       3.184	  0.133
       3.188	  0.125
       3.192	  0.120
       3.196	  0.115
       3.200	  0.117
       3.204	  0.130
       3.208	  0.133
       3.212	  0.128
       3.216	  0.095
       3.220	  0.050
       3.224	  0.015
       3.228	  0.013
       3.232	  0.045
       3.236	  0.115
       3.240	  0.215
       3.244	  0.323
       3.248	  0.432
       3.252	  0.540
       3.256	  0.670
       3.260	  0.833
       3.264	  1.087
       3.268	  1.380
       3.272	  1.702
       3.276	  2.020
       3.280	  2.275
       3.284	  2.357
       3.288	  2.225
       3.292	  1.850
       3.296	  1.290
       3.300	  0.757
       3.304	  0.395
       3.308	  0.170
       3.312	  0.043
       3.316	 -0.043
       3.320	 -0.110
       3.324	 -0.182
       3.328	 -0.263
       3.332	 -0.318
       3.336	 -0.350
       3.340	 -0.338
       3.344	 -0.323
       3.348	 -0.305
       3.352	 -0.305
       3.356	 -0.318
       3.360	 -0.320
       3.364	 -0.297
       3.368	 -0.273
       3.372	 -0.263
       3.376	 -0.260
       3.380	 -0.250
       3.384	 -0.253
       3.388	 -0.253
       3.392	 -0.240
       3.396	 -0.217
       3.400	 -0.203
       3.404	 -0.217
       3.408	 -0.228
       3.412	 -0.228
       3.416	 -0.225
       3.420	 -0.217
       3.424	 -0.215
       3.428	 -0.228
       3.432	 -0.250
       3.436	 -0.250
       3.440	 -0.242
       3.444	 -0.260
       3.448	 -0.268
       3.452	 -0.275
       3.456	 -0.295
       3.460	 -0.307
       3.464	 -0.307
       3.468	 -0.338
       3.472	 -0.367
       3.476	 -0.378
       3.480	 -0.357
       3.484	 -0.345
       3.488	 -0.357
       3.492	 -0.365
       3.496	 -0.367
       3.500	 -0.357
       3.504	 -0.338
       3.508	 -0.318
       3.512	 -0.307
       3.516	  0.180
       3.520	  0.000
       3.524	 -0.207
       3.528	 -0.318
       3.532	 -0.435
       3.536	 -0.427
       3.540	 -0.307
       3.544	 -0.270
       3.548	 -0.345
       3.552	 -0.383
       3.556	 -0.323
       3.560	 -0.270
       3.564	 -0.275
       3.568	 -0.295
       3.572	 -0.240
       3.576	 -0.210
       3.580	 -0.233
       3.584	 -0.250
       3.588	 -0.230
       3.592	 -0.205
       3.596	 -0.200
       3.600	 -0.200
       3.604	 -0.193
       3.608	 -0.163
       3.612	 -0.160
       3.616	 -0.170
       3.620	 -0.160
       3.624	 -0.135
       3.628	 -0.125
       3.632	 -0.125
       3.636	 -0.135
       3.640	 -0.128
       3.644	 -0.120
       3.648	 -0.117
       3.652	 -0.105
       3.656	 -0.098
       3.660	 -0.095
       3.664	 -0.098
       3.668	 -0.087
       3.672	 -0.072
       3.676	 -0.068
       3.680	 -0.060
       3.684	 -0.070
       3.688	 -0.062
       3.692	 -0.048
       3.696	 -0.043
       3.700	 -0.025
       3.704	 -0.022
       3.708	 -0.028
       3.712	 -0.037
       3.716	 -0.028
       3.720	 -0.018
       3.724	  0.007
       3.728	  0.005
       3.732	  0.013
       3.736	  0.018
       3.740	  0.025
       3.744	  0.022
       3.748	  0.022
       3.752	  0.025
       3.756	  0.035
       3.760	  0.043
       3.764	  0.052
       3.768	  0.050
       3.772	  0.052
       3.776	  0.052
       3.780	  0.065
       3.784	  0.065
       3.788	  0.065
       3.792	  0.065
       3.796	  0.068
       3.800	  0.068
       3.804	  0.065
       3.808	  0.070
       3.812	  0.068
       3.816	  0.072
       3.820	  0.072
       3.824	  0.075
       3.828	  0.080
       3.832	  0.085
       3.836	  0.083
       3.840	  0.087
       3.844	  0.087
       3.848	  0.092
       3.852	  0.095
       3.856	  0.098
       3.860	  0.092
       3.864	  0.102
       3.868	  0.098
       3.872	  0.107
       3.876	  0.105
       3.880	  0.110
       3.884	  0.115
       3.888	  0.113
       3.892	  0.120
       3.896	  0.125
       3.900	  0.130
       3.904	  0.128
       3.908	  0.128
       3.912	  0.128
       3.916	  0.130
       3.920	  0.128
       3.924	  0.133
       3.928	  0.130
       3.932	  0.135
       3.936	  0.138
       3.940	  0.142
       3.944	  0.140
       3.948	  0.147
       3.952	  0.152
       3.956	  0.155
       3.960	  0.150
       3.964	  0.158
       3.968	  0.158
       3.972	  0.160
       3.976	  0.160
       3.980	  0.163
       3.984	  0.163
       3.988	  0.163
       3.992	  0.163
       3.996	  0.170
       4.000	  0.172
       4.004	  0.170
       4.008	  0.180
       4.012	  0.182
       4.016	  0.180
       4.020	  0.180
       4.024	  0.182
       4.028	  0.182
       4.032	  0.188
       4.036	  0.193
       4.040	  0.195
       4.044	  0.188
       4.048	  0.195
       4.052	  0.193
       4.056	  0.195
       4.060	  0.195
       4.064	  0.195
       4.068	  0.188
       4.072	  0.188
       4.076	  0.182
       4.080	  0.185
       4.084	  0.195
       4.088	  0.198
       4.092	  0.200
       4.096	  0.203
       4.100	  0.207
       4.104	  0.203
       4.108	  0.205
       4.112	  0.205
       4.116	  0.205
       4.120	  0.203
       4.124	  0.205
       4.128	  0.200
       4.132	  0.205
       4.136	  0.203
       4.140	  0.215
       4.144	  0.210
       4.148	  0.215
       4.152	  0.210
       4.156	  0.210
       4.160	  0.207
       4.164	  0.215
       4.168	  0.223
       4.172	  0.225
       4.176	  0.223
       4.180	  0.223
       4.184	  0.215
       4.188	  0.215
       4.192	  0.215
       4.196	  0.207
       4.200	  0.588
       4.204	  0.417
       4.208	  0.225
       4.212	  0.133
       4.216	  0.030
       4.220	  0.018
       4.224	  0.095
       4.228	  0.117
       4.232	  0.080
       4.236	  0.105
       4.240	  0.278
       4.244	  0.470
       4.248	  0.635
       4.252	  0.863
       4.256	  1.200
       4.260	  1.655
       4.264	  2.135
       4.268	  2.590
       4.272	  2.993
       4.276	  3.290
       4.280	  3.328
       4.284	  3.075
       4.288	  2.697
       4.292	  2.130
       4.296	  1.433
       4.300	  0.840
       4.304	  0.448
       4.308	  0.185
       4.312	  0.018
       4.316	 -0.125
       4.320	 -0.245
       4.324	 -0.345
       4.328	 -0.410
       4.332	 -0.430
       4.336	 -0.432
       4.340	 -0.432
       4.344	 -0.430
       4.348	 -0.410
       4.352	 -0.400
       4.356	 -0.398
       4.360	 -0.403
       4.364	 -0.388
       4.368	 -0.380
       4.372	 -0.380
       4.376	 -0.383
       4.380	 -0.378
       4.384	 -0.372
       4.388	 -0.375
       4.392	 -0.375
       4.396	 -0.365
       4.400	 -0.372
       4.404	 -0.383
       4.408	 -0.385
       4.412	 -0.388
       4.416	 -0.383
       4.420	 -0.385
       4.424	 -0.395
       4.428	 -0.398
       4.432	 -0.388
       4.436	 -0.385
       4.440	 -0.372
       4.444	 -0.367
       4.448	 -0.352
       4.452	 -0.345
       4.456	 -0.338
       4.460	 -0.328
       4.464	 -0.315
       4.468	 -0.307
       4.472	 -0.295
       4.476	 -0.290
       4.480	 -0.292
       4.484	 -0.282
       4.488	 -0.273
       4.492	 -0.270
       4.496	 -0.263
       4.500	 -0.260
       4.504	 -0.250
       4.508	 -0.240
       4.512	 -0.230
       4.516	 -0.228
       4.520	 -0.217
       4.524	 -0.203
       4.528	 -0.198
       4.532	 -0.185
       4.536	 -0.182
       4.540	 -0.180
       4.544	 -0.175
       4.548	 -0.170
       4.552	 -0.160
       4.556	 -0.150
       4.560	 -0.147
       4.564	 -0.138
       4.568	 -0.135
       4.572	 -0.130
       4.576	 -0.128
       4.580	 -0.117
       4.584	 -0.113
       4.588	 -0.113
       4.592	 -0.113
       4.596	 -0.110
       4.600	 -0.105
       4.604	 -0.102
       4.608	 -0.095
       4.612	 -0.095
       4.616	 -0.090
       4.620	 -0.087
       4.624	 -0.080
       4.628	 -0.083
       4.632	 -0.075
       4.636	 -0.072
       4.640	 -0.070
       4.644	 -0.068
       4.648	 -0.060
       4.652	 -0.062
       4.656	 -0.058
       4.660	 -0.058
       4.664	 -0.048
       4.668	 -0.048
       4.672	 -0.045
       4.676	 -0.043
       4.680	 -0.037
       4.684	 -0.035
       4.688	 -0.030
       4.692	 -0.030
       4.696	 -0.028
       4.700	 -0.025
       4.704	 -0.022
       4.708	  0.000
       4.712	  0.000
       4.716	  0.000
       4.720	  0.003
       4.724	  0.007
       4.728	  0.005
       4.732	  0.013
       4.736	  0.013
       4.740	  0.015
       4.744	  0.018
       4.748	  0.020
       4.752	  0.022
       4.756	  0.028
       4.760	  0.025
       4.764	  0.028
       4.768	  0.028
       4.772	  0.028
       4.776	  0.028
       4.780	  0.030
       4.784	  0.030
       4.788	  0.028
       4.792	  0.025
       4.796	  0.030
       4.800	  0.030
       4.804	  0.030
       4.808	  0.035
       4.812	  0.035
       4.816	  0.037
       4.820	  0.037
       4.824	  0.043
       4.828	  0.045
       4.832	  0.045
       4.836	  0.045
       4.840	  0.048
       4.844	  0.045
       4.848	  0.045
       4.852	  0.043
       4.856	  0.037
       4.860	  0.028
       4.864	  0.035
       4.868	  0.043
       4.872	  0.050
       4.876	  0.052
       4.880	  0.068
       4.884	  0.463
       4.888	  0.320
       4.892	  0.140
       4.896	  0.052
       4.900	 -0.065
       4.904	 -0.072
       4.908	  0.030
       4.912	  0.060
       4.916	  0.003
       4.920	 -0.028
       4.924	  0.048
       4.928	  0.080
       4.932	  0.045
       4.936	  0.018
       4.940	  0.043
       4.944	  0.068
       4.948	  0.058
       4.952	  0.040
       4.956	  0.052
       4.960	  0.072
       4.964	  0.068
       4.968	  0.050
       4.972	  0.060
       4.976	  0.068
       4.980	  0.070
       4.984	  0.062
       4.988	  0.060
       4.992	  0.068
       4.996	  0.065
       5.000	  0.058
       5.004	  0.062
       5.008	  0.072
       5.012	  0.072
       5.016	  0.070
       5.020	  0.062
       5.024	  0.070
       5.028	  0.072
       5.032	  0.075
       5.036	  0.068
       5.040	  0.062
       5.044	  0.050
       5.048	  0.040
       5.052	  0.015
       5.056	 -0.015
       5.060	 -0.040
       5.064	 -0.045
       5.068	 -0.025
       5.072	  0.028
       5.076	  0.095
       5.080	  0.203
       5.084	  0.310
       5.088	  0.403
       5.092	  0.458
       5.096	  0.507
       5.100	  0.580
       5.104	  0.635
       5.108	  0.677
       5.112	  0.710
       5.116	  0.767
       5.120	  0.895
       5.124	  1.123
       5.128	  1.407
       5.132	  1.677
       5.136	  1.880
       5.140	  2.002
       5.144	  2.078
       5.148	  2.140
       5.152	  2.178
       5.156	  2.188
       5.160	  2.160
       5.164	  2.072
       5.168	  1.950
       5.172	  1.843
       5.176	  1.758
       5.180	  1.647
       5.184	  1.515
       5.188	  1.393
       5.192	  1.288
       5.196	  1.222
       5.200	  1.170
       5.204	  1.070
       5.208	  0.875
       5.212	  0.605
       5.216	  0.273
       5.220	 -0.095
       5.224	 -0.477
       5.228	 -0.823
       5.232	 -1.095
       5.236	 -1.272
       5.240	 -1.345
       5.244	 -1.367
       5.248	 -1.370
       5.252	 -1.370
       5.256	 -1.373
       5.260	 -1.375
       5.264	 -1.357
       5.268	 -1.345
       5.272	 -1.330
       5.276	 -1.308
       5.280	 -1.275
       5.284	 -1.238
       5.288	 -1.205
       5.292	 -1.155
       5.296	 -1.110
       5.300	 -1.080
       5.304	 -1.062
       5.308	 -1.015
       5.312	 -0.973
       5.316	 -0.935
       5.320	 -0.907
       5.324	 -0.870
       5.328	 -0.845
       5.332	 -0.818
       5.336	 -0.790
       5.340	 -0.765
       5.344	 -0.750
       5.348	 -0.728
       5.352	 -0.703
       5.356	 -0.672
       5.360	 -0.650
       5.364	 -0.615
       5.368	 -0.588
       5.372	 -0.578
       5.376	 -0.578
       5.380	 -0.570
       5.384	 -0.545
       5.388	 -0.537
       5.392	 -0.507
       5.396	 -0.497
       5.400	 -0.492
       5.404	 -0.480
       5.408	 -0.453
       5.412	 -0.420
       5.416	 -0.412
       5.420	 -0.405
       5.424	 -0.400
       5.428	 -0.403
       5.432	 -0.398
       5.436	 -0.383
       5.440	 -0.388
       5.444	 -0.380
       5.448	 -0.350
       5.452	 -0.330
       5.456	 -0.323
       5.460	 -0.318
       5.464	 -0.328
       5.468	 -0.330
       5.472	 -0.305
       5.476	 -0.273
       5.480	 -0.270
       5.484	 -0.268
       5.488	 -0.260
       5.492	 -0.247
       5.496	 -0.240
       5.500	 -0.220
       5.504	 -0.215
       5.508	 -0.207
       5.512	 -0.185
       5.516	 -0.160
       5.520	 -0.163
       5.524	 -0.175
       5.528	 -0.172
       5.532	 -0.150
       5.536	 -0.130
       5.540	 -0.113
       5.544	 -0.128
       5.548	 -0.125
       5.552	 -0.117
       5.556	 -0.105
       5.560	 -0.105
       5.564	 -0.090
       5.568	  0.343
       5.572	  0.223
       5.576	  0.040
       5.580	 -0.052
       5.584	 -0.152
       5.588	 -0.152
       5.592	 -0.045
       5.596	 -0.020
       5.600	 -0.090
       5.604	 -0.128
       5.608	 -0.058
       5.612	 -0.020
       5.616	 -0.058
       5.620	 -0.072
       5.624	 -0.040
       5.628	  0.000
       5.632	 -0.028
       5.636	 -0.035
       5.640	  0.000
       5.644	  0.015
       5.648	  0.005
       5.652	 -0.030
       5.656	 -0.028
       5.660	  0.018
       5.664	  0.043
       5.668	  0.025
       5.672	  0.005
       5.676	  0.018
       5.680	  0.035
       5.684	  0.045
       5.688	  0.043
       5.692	  0.045
       5.696	  0.037
       5.700	  0.025
       5.704	  0.022
       5.708	  0.040
       5.712	  0.043
       5.716	  0.058
       5.720	  0.052
       5.724	  0.050
       5.728	  0.043
       5.732	  0.037
       5.736	  0.037
       5.740	  0.048
       5.744	  0.050
       5.748	  0.058
       5.752	  0.048
       5.756	  0.043
       5.760	  0.005
       5.764	  0.000
       5.768	  0.015
       5.772	  0.035
       5.776	  0.052
       5.780	  0.060
       5.784	  0.058
       5.788	  0.065
       5.792	  0.072
       5.796	  0.065
       5.800	  0.052
       5.804	  0.035
       5.808	  0.040
       5.812	  0.052
       5.816	  0.065
       5.820	  0.065
       5.824	  0.070
       5.828	  0.062
       5.832	  0.035
       5.836	  0.028
       5.840	  0.043
       5.844	  0.060
       5.848	  0.070
       5.852	  0.092
       5.856	  0.098
       5.860	  0.065
       5.864	  0.070
       5.868	  0.075
       5.872	  0.085
       5.876	  0.092
       5.880	  0.085
       5.884	  0.048
       5.888	  0.025
       5.892	  0.043
       5.896	  0.052
       5.900	  0.060
       5.904	  0.058
       5.908	  0.052
       5.912	  0.043
       5.916	  0.048
       5.920	  0.060
       5.924	  0.068
       5.928	  0.050
       5.932	  0.052
       5.936	  0.065
       5.940	  0.060
       5.944	  0.065
       5.948	  0.087
       5.952	  0.075
       5.956	  0.060
       5.960	  0.048
       5.964	  0.052
       5.968	  0.058
       5.972	  0.040
       5.976	  0.000
       5.980	 -0.065
       5.984	 -0.115
       5.988	 -0.110
       5.992	 -0.040
       5.996	  0.043
       6.000	  0.120
       6.004	  0.220
       6.008	  0.335
       6.012	  0.475
       6.016	  0.647
       6.020	  0.902
       6.024	  1.302
       6.028	  1.722
       6.032	  2.140
       6.036	  2.522
       6.040	  2.780
       6.044	  2.840
       6.048	  2.703
       6.052	  2.295
       6.056	  1.637
       6.060	  1.005
       6.064	  0.525
       6.068	  0.210
       6.072	  0.020
       6.076	 -0.125
       6.080	 -0.207
       6.084	 -0.290
       6.088	 -0.345
       6.092	 -0.385
       6.096	 -0.410
       6.100	 -0.422
       6.104	 -0.405
       6.108	 -0.378
       6.112	 -0.350
       6.116	 -0.340
       6.120	 -0.333
       6.124	 -0.318
       6.128	 -0.307
       6.132	 -0.295
       6.136	 -0.287
       6.140	 -0.275
       6.144	 -0.270
       6.148	 -0.255
       6.152	 -0.250
       6.156	 -0.247
       6.160	 -0.250
       6.164	 -0.247
       6.168	 -0.253
       6.172	 -0.265
       6.176	 -0.275
       6.180	 -0.285
       6.184	 -0.290
       6.188	 -0.297
       6.192	 -0.307
       6.196	 -0.312
       6.200	 -0.318
       6.204	 -0.318
       6.208	 -0.318
       6.212	 -0.328
       6.216	 -0.328
       6.220	 -0.328
       6.224	 -0.320
       6.228	 -0.320
       6.232	 -0.312
       6.236	 -0.310
       6.240	 -0.300
       6.244	 -0.297
       6.248	 -0.285
       6.252	  0.182
       6.256	  0.052
       6.260	 -0.163
       6.264	 -0.253
       6.268	 -0.360
       6.272	 -0.360
       6.276	 -0.247
       6.280	 -0.205
       6.284	 -0.268
       6.288	 -0.290
       6.292	 -0.225
       6.296	 -0.180
       6.300	 -0.205
       6.304	 -0.228
       6.308	 -0.185
       6.312	 -0.142
       6.316	 -0.152
       6.320	 -0.172
       6.324	 -0.150
       6.328	 -0.117
       6.332	 -0.113
       6.336	 -0.125
       6.340	 -0.110
       6.344	 -0.090
       6.348	 -0.083
       6.352	 -0.090
       6.356	 -0.083
       6.360	 -0.070
       6.364	 -0.060
       6.368	 -0.065
       6.372	 -0.062
       6.376	 -0.052
       6.380	 -0.043
       6.384	 -0.037
       6.388	 -0.035
       6.392	 -0.028
       6.396	 -0.018
       6.400	 -0.018
       6.404	  0.000
       6.408	  0.013
       6.412	  0.020
       6.416	  0.035
       6.420	  0.040
       6.424	  0.050
       6.428	  0.052
       6.432	  0.062
       6.436	  0.065
       6.440	  0.068
       6.444	  0.068
       6.448	  0.070
       6.452	  0.070
       6.456	  0.075
       6.460	  0.075
       6.464	  0.087
       6.468	  0.090
       6.472	  0.090
       6.476	  0.098
       6.480	  0.113
       6.484	  0.115
       6.488	  0.115
       6.492	  0.120
       6.496	  0.125
       6.500	  0.130
       6.504	  0.128
       6.508	  0.130
       6.512	  0.130
       6.516	  0.133
       6.520	  0.125
       6.524	  0.125
       6.528	  0.117
       6.532	  0.115
       6.536	  0.117
       6.540	  0.125
       6.544	  0.125
       6.548	  0.130
       6.552	  0.135
       6.556	  0.133
       6.560	  0.133
       6.564	  0.133
       6.568	  0.140
       6.572	  0.142
       6.576	  0.142
       6.580	  0.142
       6.584	  0.138
       6.588	  0.142
       6.592	  0.155
       6.596	  0.160
       6.600	  0.163
       6.604	  0.175
       6.608	  0.172
       6.612	  0.163
       6.616	  0.165
       6.620	  0.165
       6.624	  0.175
       6.628	  0.175
       6.632	  0.175
       6.636	  0.172
       6.640	  0.175
       6.644	  0.172
       6.648	  0.180
       6.652	  0.177
       6.656	  0.177
       6.660	  0.170
       6.664	  0.177
       6.668	  0.180
       6.672	  0.182
       6.676	  0.193
       6.680	  0.188
       6.684	  0.185
       6.688	  0.193
       6.692	  0.188
       6.696	  0.180
       6.700	  0.182
       6.704	  0.177
       6.708	  0.177
       6.712	  0.175
       6.716	  0.177
       6.720	  0.177
       6.724	  0.180
       6.728	  0.185
       6.732	  0.195
       6.736	  0.193
       6.740	  0.195
       6.744	  0.188
       6.748	  0.200
       6.752	  0.198
       6.756	  0.193
       6.760	  0.182
       6.764	  0.195
       6.768	  0.200
       6.772	  0.203
       6.776	  0.200
       6.780	  0.198
       6.784	  0.195
       6.788	  0.182
       6.792	  0.170
       6.796	  0.147
       6.800	  0.128
       6.804	  0.110
       6.808	  0.102
       6.812	  0.105
       6.816	  0.138
       6.820	  0.200
       6.824	  0.315
       6.828	  0.453
       6.832	  0.560
       6.836	  0.610
       6.840	  0.650
       6.844	  0.705
       6.848	  0.782
       6.852	  0.835
       6.856	  0.873
       6.860	  0.922
       6.864	  1.038
       6.868	  1.250
       6.872	  1.525
       6.876	  1.800
       6.880	  2.007
       6.884	  2.145
       6.888	  2.223
       6.892	  2.288
       6.896	  2.325
       6.900	  2.333
       6.904	  2.303
       6.908	  2.232
       6.912	  2.127
       6.916	  2.022
       6.920	  1.930
       6.924	  1.817
       6.928	  1.665
       6.932	  1.532
       6.936	  1.850
       6.940	  1.660
       6.944	  1.407
       6.948	  1.232
       6.952	  0.940
       6.956	  0.675
       6.960	  0.443
       6.964	  0.107
       6.968	 -0.365
       6.972	 -0.760
       6.976	 -0.993
       6.980	 -1.140
       6.984	 -1.262
       6.988	 -1.333
       6.992	 -1.312
       6.996	 -1.288
       7.000	 -1.302
       7.004	 -1.320
       7.008	 -1.295
       7.012	 -1.260
       7.016	 -1.242
       7.020	 -1.238
       7.024	 -1.205
       7.028	 -1.163
       7.032	 -1.127
       7.036	 -1.105
       7.040	 -1.062
       7.044	 -1.018
       7.048	 -0.975
       7.052	 -0.948
       7.056	 -0.912
       7.060	 -0.875
       7.064	 -0.838
       7.068	 -0.810
       7.072	 -0.780
       7.076	 -0.748
       7.080	 -0.720
       7.084	 -0.695
       7.088	 -0.672
       7.092	 -0.645
       7.096	 -0.623
       7.100	 -0.603
       7.104	 -0.585
       7.108	 -0.562
       7.112	 -0.542
       7.116	 -0.522
       7.120	 -0.507
       7.124	 -0.490
       7.128	 -0.475
       7.132	 -0.455
       7.136	 -0.445
       7.140	 -0.430
       7.144	 -0.417
       7.148	 -0.400
       7.152	 -0.385
       7.156	 -0.372
       7.160	 -0.360
       7.164	 -0.350
       7.168	 -0.340
       7.172	 -0.330
       7.176	 -0.323
       7.180	 -0.312
       7.184	 -0.305
       7.188	 -0.295
       7.192	 -0.282
       7.196	 -0.268
       7.200	 -0.260
       7.204	 -0.250
       7.208	 -0.237
       7.212	 -0.228
       7.216	 -0.217
       7.220	 -0.207
       7.224	 -0.198
       7.228	 -0.188
       7.232	 -0.177
       7.236	 -0.172
       7.240	 -0.160
       7.244	 -0.152
       7.248	 -0.135
       7.252	 -0.125
       7.256	 -0.115
       7.260	 -0.113
       7.264	 -0.102
       7.268	 -0.092
       7.272	 -0.083
       7.276	 -0.070
       7.280	 -0.060
       7.284	 -0.045
       7.288	 -0.043
       7.292	 -0.035
       7.296	 -0.028
       7.300	 -0.025
       7.304	 -0.022
       7.308	  0.003
       7.312	  0.013
       7.316	  0.020
       7.320	  0.028
       7.324	  0.040
       7.328	  0.043
       7.332	  0.048
       7.336	  0.048
       7.340	  0.058
       7.344	  0.058
       7.348	  0.065
       7.352	  0.065
       7.356	  0.065
       7.360	  0.065
       7.364	  0.070
       7.368	  0.072
       7.372	  0.072
       7.376	  0.072
       7.380	  0.070
       7.384	  0.068
       7.388	  0.070
       7.392	  0.072
       7.396	  0.075
       7.400	  0.083
       7.404	  0.083
       7.408	  0.087
       7.412	  0.085
       7.416	  0.087
       7.420	  0.087
       7.424	  0.087
       7.428	  0.087
       7.432	  0.090
       7.436	  0.087
       7.440	  0.090
       7.444	  0.087
       7.448	  0.092
       7.452	  0.092
       7.456	  0.095
       7.460	  0.095
       7.464	  0.098
       7.468	  0.102
       7.472	  0.102
       7.476	  0.098
       7.480	  0.105
       7.484	  0.110
       7.488	  0.105
       7.492	  0.110
       7.496	  0.113
       7.500	  0.102
       7.504	  0.098
       7.508	  0.095
       7.512	  0.083
       7.516	  0.070
       7.520	  0.068
       7.524	  0.080
       7.528	  0.087
       7.532	  0.115
       7.536	  0.117
       7.540	  0.117
       7.544	  0.117
       7.548	  0.130
       7.552	  0.150
       7.556	  0.200
       7.560	  0.287
       7.564	  0.405
       7.568	  0.512
       7.572	  0.578
       7.576	  0.637
       7.580	  0.665
       7.584	  0.715
       7.588	  0.795
       7.592	  0.945
       7.596	  1.177
       7.600	  1.482
       7.604	  1.780
       7.608	  2.002
       7.612	  2.118
       7.616	  2.178
       7.620	  2.612
       7.624	  2.478
       7.628	  2.205
       7.632	  2.025
       7.636	  1.843
       7.640	  1.798
       7.644	  1.880
       7.648	  1.910
       7.652	  1.812
       7.656	  1.673
       7.660	  1.597
       7.664	  1.505
       7.668	  1.370
       7.672	  1.262
       7.676	  1.220
       7.680	  1.117
       7.684	  0.873
       7.688	  0.537
       7.692	  0.177
       7.696	 -0.217
       7.700	 -0.615
       7.704	 -0.948
       7.708	 -1.155
       7.712	 -1.262
       7.716	 -1.333
       7.720	 -1.373
       7.724	 -1.377
       7.728	 -1.367
       7.732	 -1.353
       7.736	 -1.343
       7.740	 -1.317
       7.744	 -1.298
       7.748	 -1.285
       7.752	 -1.282
       7.756	 -1.265
       7.760	 -1.242
       7.764	 -1.185
       7.768	 -1.127
       7.772	 -1.080
       7.776	 -1.048
       7.780	 -0.998
       7.784	 -0.960
       7.788	 -0.945
       7.792	 -0.915
       7.796	 -0.890
       7.800	 -0.863
       7.804	 -0.833
       7.808	 -0.810
       7.812	 -0.780
       7.816	 -0.740
       7.820	 -0.720
       7.824	 -0.690
       7.828	 -0.682
       7.832	 -0.677
       7.836	 -0.655
       7.840	 -0.632
       7.844	 -0.610
       7.848	 -0.585
       7.852	 -0.588
       7.856	 -0.580
       7.860	 -0.578
       7.864	 -0.562
       7.868	 -0.542
       7.872	 -0.537
       7.876	 -0.530
       7.880	 -0.500
       7.884	 -0.480
       7.888	 -0.465
       7.892	 -0.465
       7.896	 -0.465
       7.900	 -0.440
       7.904	 -0.432
       7.908	 -0.417
       7.912	 -0.395
       7.916	 -0.380
       7.920	 -0.378
       7.924	 -0.352
       7.928	 -0.350
       7.932	 -0.345
       7.936	 -0.338
       7.940	 -0.320
       7.944	 -0.310
       7.948	 -0.310
       7.952	 -0.307
       7.956	 -0.287
       7.960	 -0.275
       7.964	 -0.273
       7.968	 -0.265
       7.972	 -0.240
       7.976	 -0.210
       7.980	 -0.180
       7.984	 -0.165
       7.988	 -0.165
       7.992	 -0.158
       7.996	 -0.147
       8.000	 -0.142
       8.004	 -0.140
       8.008	 -0.135
       8.012	 -0.130
       8.016	 -0.107
       8.020	 -0.098
       8.024	 -0.087
       8.028	 -0.085
       8.032	 -0.083
       8.036	 -0.068
       8.040	 -0.068
       8.044	 -0.065
       8.048	 -0.058
       8.052	 -0.052
       8.056	 -0.048
       8.060	 -0.045
       8.064	 -0.030
       8.068	 -0.025
       8.072	 -0.025
       8.076	 -0.030
       8.080	 -0.020
       8.084	  0.015
       8.088	  0.025
       8.092	  0.037
       8.096	  0.043
       8.100	  0.048
       8.104	  0.045
       8.108	  0.050
       8.112	  0.043
       8.116	  0.037
       8.120	  0.045
       8.124	  0.058
       8.128	  0.040
       8.132	  0.037
       8.136	  0.040
       8.140	  0.043
       8.144	  0.045
       8.148	  0.048
       8.152	  0.048
       8.156	  0.052
       8.160	  0.058
       8.164	  0.070
       8.168	  0.070
       8.172	  0.065
       8.176	  0.068
       8.180	  0.068
       8.184	  0.068
       8.188	  0.062
       8.192	  0.050
       8.196	  0.045
       8.200	  0.065
       8.204	  0.062
       8.208	  0.068
       8.212	  0.058
       8.216	  0.048
       8.220	  0.037
       8.224	  0.043
       8.228	  0.050
       8.232	  0.065
       8.236	  0.068
       8.240	  0.065
       8.244	  0.080
       8.248	  0.098
       8.252	  0.117
       8.256	  0.198
       8.260	  0.297
       8.264	  0.425
       8.268	  0.540
       8.272	  0.608
       8.276	  0.655
       8.280	  0.682
       8.284	  0.743
       8.288	  0.848
       8.292	  1.025
       8.296	  1.272
       8.300	  1.565
       8.304	  2.235
       8.308	  2.330
       8.312	  2.240
       8.316	  2.195
       8.320	  2.085
       8.324	  2.042
       8.328	  2.062
       8.332	  2.033
       8.336	  1.925
       8.340	  1.865
       8.344	  1.897
       8.348	  1.927
       8.352	  1.845
       8.356	  1.677
       8.360	  1.575
       8.364	  1.475
       8.368	  1.367
       8.372	  1.290
       8.376	  1.232
       8.380	  1.080
       8.384	  0.833
       8.388	  0.510
       8.392	  0.135
       8.396	 -0.253
       8.400	 -0.652
       8.404	 -0.970
       8.408	 -1.163
       8.412	 -1.275
       8.416	 -1.317
       8.420	 -1.345
       8.424	 -1.347
       8.428	 -1.340
       8.432	 -1.312
       8.436	 -1.302
       8.440	 -1.288
       8.444	 -1.260
       8.448	 -1.220
       8.452	 -1.192
       8.456	 -1.163
       8.460	 -1.127
       8.464	 -1.077
       8.468	 -1.038
       8.472	 -1.002
       8.476	 -0.968
       8.480	 -0.927
       8.484	 -0.897
       8.488	 -0.868
       8.492	 -0.835
       8.496	 -0.807
       8.500	 -0.777
       8.504	 -0.755
       8.508	 -0.725
       8.512	 -0.713
       8.516	 -0.680
       8.520	 -0.660
       8.524	 -0.642
       8.528	 -0.623
       8.532	 -0.600
       8.536	 -0.580
       8.540	 -0.560
       8.544	 -0.545
       8.548	 -0.525
       8.552	 -0.512
       8.556	 -0.492
       8.560	 -0.475
       8.564	 -0.453
       8.568	 -0.443
       8.572	 -0.425
       8.576	 -0.410
       8.580	 -0.390
       8.584	 -0.372
       8.588	 -0.360
       8.592	 -0.340
       8.596	 -0.328
       8.600	 -0.312
       8.604	 -0.297
       8.608	 -0.290
       8.612	 -0.282
       8.616	 -0.270
       8.620	 -0.253
       8.624	 -0.237
       8.628	 -0.225
       8.632	 -0.210
       8.636	 -0.198
       8.640	 -0.182
       8.644	 -0.172
       8.648	 -0.155
       8.652	 -0.142
       8.656	 -0.130
       8.660	 -0.120
       8.664	 -0.102
       8.668	 -0.085
       8.672	 -0.072
       8.676	 -0.065
       8.680	 -0.050
       8.684	 -0.040
       8.688	 -0.028
       8.692	  0.000
       8.696	  0.013
       8.700	  0.020
       8.704	  0.025
       8.708	  0.040
       8.712	  0.045
       8.716	  0.062
       8.720	  0.070
       8.724	  0.083
       8.728	  0.090
       8.732	  0.098
       8.736	  0.102
       8.740	  0.110
       8.744	  0.115
       8.748	  0.125
       8.752	  0.135
       8.756	  0.150
       8.760	  0.155
       8.764	  0.165
       8.768	  0.170
       8.772	  0.172
       8.776	  0.177
       8.780	  0.177
       8.784	  0.180
       8.788	  0.177
       8.792	  0.185
       8.796	  0.188
       8.800	  0.195
       8.804	  0.198
       8.808	  0.205
       8.812	  0.203
       8.816	  0.203
       8.820	  0.210
       8.824	  0.215
       8.828	  0.220
       8.832	  0.228
       8.836	  0.230
       8.840	  0.230
       8.844	  0.225
       8.848	  0.230
       8.852	  0.228
       8.856	  0.233
       8.860	  0.233
       8.864	  0.240
       8.868	  0.240
       8.872	  0.242
       8.876	  0.240
       8.880	  0.240
       8.884	  0.242
       8.888	  0.242
       8.892	  0.245
       8.896	  0.247
       8.900	  0.245
       8.904	  0.240
       8.908	  0.240
       8.912	  0.237
       8.916	  0.242
       8.920	  0.242
       8.924	  0.245
       8.928	  0.245
       8.932	  0.247
       8.936	  0.250
       8.940	  0.265
       8.944	  0.265
       8.948	  0.268
       8.952	  0.268
       8.956	  0.268
       8.960	  0.255
       8.964	  0.255
       8.968	  0.255
       8.972	  0.247
       8.976	  0.253
       8.980	  0.260
       8.984	  0.263
       8.988	  0.635
       8.992	  0.542
       8.996	  0.350
       9.000	  0.263
       9.004	  0.155
       9.008	  0.138
       9.012	  0.220
       9.016	  0.263
       9.020	  0.200
       9.024	  0.170
       9.028	  0.215
       9.032	  0.255
       9.036	  0.223
       9.040	  0.182
       9.044	  0.180
       9.048	  0.175
       9.052	  0.138
       9.056	  0.133
       9.060	  0.165
       9.064	  0.255
       9.068	  0.357
       9.072	  0.455
       9.076	  0.562
       9.080	  0.698
       9.084	  0.840
       9.088	  1.040
       9.092	  1.340
       9.096	  1.667
       9.100	  2.022
       9.104	  2.303
       9.108	  2.487
       9.112	  2.493
       9.116	  2.270
       9.120	  1.790
       9.124	  1.218
       9.128	  0.762
       9.132	  0.472
       9.136	  0.307
       9.140	  0.205
       9.144	  0.128
       9.148	  0.058
       9.152	 -0.025
       9.156	 -0.075
       9.160	 -0.113
       9.164	 -0.135
       9.168	 -0.138
       9.172	 -0.125
       9.176	 -0.113
       9.180	 -0.113
       9.184	 -0.113
       9.188	 -0.105
       9.192	 -0.090
       9.196	 -0.095
       9.200	 -0.098
       9.204	 -0.092
       9.208	 -0.080
       9.212	 -0.072
       9.216	 -0.070
       9.220	 -0.065
       9.224	 -0.052
       9.228	 -0.058
       9.232	 -0.058
       9.236	 -0.060
       9.240	 -0.062
       9.244	 -0.068
       9.248	 -0.072
       9.252	 -0.085
       9.256	 -0.092
       9.260	 -0.107
       9.264	 -0.115
       9.268	 -0.130
       9.272	 -0.142
       9.276	 -0.158
       9.280	 -0.170
       9.284	 -0.180
       9.288	 -0.195
       9.292	 -0.203
       9.296	 -0.217
       9.300	 -0.225
       9.304	 -0.233
       9.308	 -0.240
       9.312	 -0.245
       9.316	 -0.247
       9.320	 -0.250
       9.324	 -0.250
       9.328	 -0.250
       9.332	 -0.250
       9.336	 -0.250
       9.340	 -0.247
       9.344	 -0.250
       9.348	 -0.242
       9.352	 -0.237
       9.356	 -0.230
       9.360	 -0.228
       9.364	 -0.220
       9.368	 -0.215
       9.372	 -0.207
       9.376	 -0.200
       9.380	 -0.193
       9.384	 -0.182
       9.388	 -0.182
       9.392	 -0.177
       9.396	 -0.172
       9.400	 -0.170
       9.404	 -0.163
       9.408	 -0.158
       9.412	 -0.160
       9.416	 -0.155
       9.420	 -0.147
       9.424	 -0.138
       9.428	 -0.135
       9.432	 -0.128
       9.436	 -0.128
       9.440	 -0.117
       9.444	 -0.115
       9.448	 -0.110
       9.452	 -0.107
       9.456	 -0.102
       9.460	 -0.095
       9.464	 -0.087
       9.468	 -0.085
       9.472	 -0.085
       9.476	 -0.080
       9.480	 -0.070
       9.484	 -0.068
       9.488	 -0.065
       9.492	 -0.058
       9.496	 -0.058
       9.500	 -0.052
       9.504	 -0.058
       9.508	 -0.050
       9.512	 -0.050
       9.516	 -0.045
       9.520	 -0.045
       9.524	 -0.043
       9.528	 -0.045
       9.532	 -0.043
       9.536	 -0.037
       9.540	 -0.035
       9.544	 -0.035
       9.548	 -0.028
       9.552	 -0.030
       9.556	 -0.030
       9.560	 -0.030
       9.564	 -0.028
       9.568	 -0.025
       9.572	 -0.025
       9.576	 -0.025
       9.580	 -0.022
       9.584	 -0.022
       9.588	 -0.018
       9.592	  0.000
       9.596	 -0.015
       9.600	 -0.020
       9.604	 -0.040
       9.608	 -0.070
       9.612	 -0.102
       9.616	 -0.102
       9.620	 -0.080
       9.624	 -0.020
       9.628	  0.105
       9.632	  0.245
       9.636	  0.378
       9.640	  0.492
       9.644	  0.613
       9.648	  0.748
       9.652	  0.922
       9.656	  1.170
       9.660	  1.470
       9.664	  1.798
       9.668	  2.015
       9.672	  2.487
       9.676	  2.345
       9.680	  1.800
       9.684	  1.183
       9.688	  0.605
       9.692	  0.233
       9.696	  0.095
       9.700	  0.040
       9.704	 -0.085
       9.708	 -0.172
       9.712	 -0.175
       9.716	 -0.170
       9.720	 -0.223
       9.724	 -0.287
       9.728	 -0.290
       9.732	 -0.233
       9.736	 -0.220
       9.740	 -0.237
       9.744	 -0.240
       9.748	 -0.203
       9.752	 -0.180
       9.756	 -0.182
       9.760	 -0.193
       9.764	 -0.172
       9.768	 -0.158
       9.772	 -0.163
       9.776	 -0.165
       9.780	 -0.147
       9.784	 -0.133
       9.788	 -0.117
       9.792	 -0.110
       9.796	 -0.105
       9.800	 -0.102
       9.804	 -0.115
       9.808	 -0.115
       9.812	 -0.120
       9.816	 -0.110
       9.820	 -0.133
       9.824	 -0.152
       9.828	 -0.163
       9.832	 -0.163
       9.836	 -0.182
       9.840	 -0.207
       9.844	 -0.240
       9.848	 -0.250
       9.852	 -0.250
       9.856	 -0.240
       9.860	 -0.247
       9.864	 -0.255
       9.868	 -0.270
       9.872	 -0.287
       9.876	 -0.287
       9.880	 -0.292
       9.884	 -0.285
       9.888	 -0.282
       9.892	 -0.270
       9.896	 -0.263
       9.900	 -0.263
       9.904	 -0.273
       9.908	 -0.268
       9.912	 -0.282
       9.916	 -0.268
       9.920	 -0.270
       9.924	 -0.268
       9.928	 -0.265
       9.932	 -0.242
       9.936	 -0.233
       9.940	 -0.225
       9.944	 -0.233
       9.948	 -0.220
       9.952	 -0.200
       9.956	 -0.188
       9.960	 -0.185
       9.964	 -0.195
       9.968	 -0.217
       9.972	 -0.220
       9.976	 -0.210
       9.980	 -0.200
       9.984	 -0.182
       9.988	 -0.170
       9.992	 -0.165
       9.996	 -0.177
