Elapsed_time	ECG
       0.000	  0.448
       0.004	  0.383
       0.008	  0.320
       0.012	  0.265
       0.016	  0.220
       0.020	  0.170
       0.024	  0.125
       0.028	  0.090
       0.032	  0.050
       0.036	  0.018
       0.040	 -0.018
       0.044	 -0.040
       0.048	 -0.065
       0.052	 -0.090
       0.056	 -0.110
       0.060	 -0.122
       0.064	 -0.130
       0.068	 -0.138
       0.072	 -0.138
       0.076	 -0.142
       0.080	 -0.147
       0.084	 -0.142
       0.088	 -0.135
       0.092	 -0.130
       0.096	 -0.125
       0.100	 -0.130
       0.104	 -0.125
       0.108	 -0.130
       0.112	 -0.135
       0.116	 -0.138
       0.120	 -0.135
       0.124	 -0.138
       0.128	 -0.138
       0.132	 -0.147
       0.136	 -0.147
       0.140	 -0.138
       0.144	 -0.130
       0.148	 -0.105
       0.152	 -0.083
       0.156	 -0.045
       0.160	  0.000
       0.164	  0.025
       0.168	  0.037
       0.172	  0.045
       0.176	  0.040
       0.180	  0.045
       0.184	  0.045
       0.188	  0.058
       0.192	  0.060
       0.196	  0.065
       0.200	  0.070
       0.204	  0.060
       0.208	  0.050
       0.212	  0.045
       0.216	  0.045
       0.220	  0.050
       0.224	  0.045
       0.228	  0.040
       0.232	  0.028
       0.236	  0.018
       0.240	  0.000
       0.244	 -0.033
       0.248	 -0.060
       0.252	 -0.083
       0.256	 -0.090
       0.260	 -0.090
       0.264	 -0.090
       0.268	 -0.083
       0.272	 -0.058
       0.276	 -0.025
       0.280	  0.020
       0.284	  0.033
       0.288	  0.037
       0.292	  0.050
       0.296	  0.085
       0.300	  0.117
       0.304	  0.060
       0.308	 -0.142
       0.312	 -0.422
       0.316	 -0.743
       0.320	 -1.025
       0.324	 -1.228
       0.328	 -1.365
       0.332	 -1.468
       0.336	 -1.552
       0.340	 -1.643
       0.344	 -1.760
       0.348	 -1.893
       0.352	 -2.022
       0.356	 -2.100
       0.360	 -2.118
       0.364	 -2.075
       0.368	 -1.990
       0.372	 -1.860
       0.376	 -1.702
       0.380	 -1.502
       0.384	 -1.295
       0.388	 -1.123
       0.392	 -0.963
       0.396	 -0.845
       0.400	 -0.767
       0.404	 -0.682
       0.408	 -0.610
       0.412	 -0.532
       0.416	 -0.435
       0.420	 -0.330
       0.424	 -0.212
       0.428	 -0.033
       0.432	  0.168
       0.436	  0.352
       0.440	  0.537
       0.444	  0.675
       0.448	  0.755
       0.452	  0.792
       0.456	  0.818
       0.460	  0.833
       0.464	  0.853
       0.468	  0.858
       0.472	  0.873
       0.476	  0.885
       0.480	  0.897
       0.484	  0.905
       0.488	  0.922
       0.492	  0.938
       0.496	  0.955
       0.500	  0.970
       0.504	  0.993
       0.508	  1.012
       0.512	  1.035
       0.516	  1.065
       0.520	  1.097
       0.524	  1.130
       0.528	  1.163
       0.532	  1.198
       0.536	  1.240
       0.540	  1.280
       0.544	  1.320
       0.548	  1.360
       0.552	  1.393
       0.556	  1.425
       0.560	  1.455
       0.564	  1.475
       0.568	  1.490
       0.572	  1.500
       0.576	  1.495
       0.580	  1.488
       0.584	  1.462
       0.588	  1.430
       0.592	  1.390
       0.596	  1.340
       0.600	  1.280
       0.604	  1.210
       0.608	  1.143
       0.612	  1.067
       0.616	  1.000
       0.620	  0.917
       0.624	  0.840
       0.628	  0.765
       0.632	  0.677
       0.636	  0.598
       0.640	  0.525
       0.644	  0.450
       0.648	  0.383
       0.652	  0.312
       0.656	  0.253
       0.660	  0.195
       0.664	  0.142
       0.668	  0.090
       0.672	  0.050
       0.676	  0.005
       0.680	 -0.040
       0.684	 -0.072
       0.688	 -0.092
       0.692	 -0.115
       0.696	 -0.135
       0.700	 -0.150
       0.704	 -0.158
       0.708	 -0.168
       0.712	 -0.170
       0.716	 -0.180
       0.720	 -0.180
       0.724	 -0.180
       0.728	 -0.170
       0.732	 -0.168
       0.736	 -0.168
       0.740	 -0.163
       0.744	 -0.168
       0.748	 -0.163
       0.752	 -0.168
       0.756	 -0.163
       0.760	 -0.163
       0.764	 -0.158
       0.768	 -0.168
       0.772	 -0.163
       0.776	 -0.170
       0.780	 -0.170
       0.784	 -0.180
       0.788	 -0.180
       0.792	 -0.182
       0.796	 -0.188
       0.800	 -0.188
       0.804	 -0.188
       0.808	 -0.180
       0.812	 -0.163
       0.816	 -0.130
       0.820	 -0.090
       0.824	 -0.058
       0.828	 -0.037
       0.832	 -0.033
       0.836	 -0.037
       0.840	 -0.040
       0.844	 -0.037
       0.848	 -0.028
       0.852	 -0.020
       0.856	  0.000
       0.860	  0.007
       0.864	  0.005
       0.868	  0.000
       0.872	 -0.025
       0.876	 -0.028
       0.880	 -0.028
       0.884	 -0.033
       0.888	 -0.045
       0.892	 -0.065
       0.896	 -0.083
       0.900	 -0.098
       0.904	 -0.110
       0.908	 -0.117
       0.912	 -0.117
       0.916	 -0.105
       0.920	 -0.083
       0.924	 -0.052
       0.928	 -0.040
       0.932	 -0.050
       0.936	 -0.045
       0.940	  0.000
       0.944	  0.020
       0.948	 -0.050
       0.952	 -0.228
       0.956	 -0.495
       0.960	 -0.805
       0.964	 -1.077
       0.968	 -1.285
       0.972	 -1.415
       0.976	 -1.520
       0.980	 -1.600
       0.984	 -1.690
       0.988	 -1.805
       0.992	 -1.938
       0.996	 -2.065
       1.000	 -2.145
       1.004	 -2.165
       1.008	 -2.132
       1.012	 -2.055
       1.016	 -1.942
       1.020	 -1.792
       1.024	 -1.617
       1.028	 -1.425
       1.032	 -1.240
       1.036	 -1.080
       1.040	 -0.980
       1.044	 -0.905
       1.048	 -0.845
       1.052	 -0.767
       1.056	 -0.675
       1.060	 -0.570
       1.064	 -0.455
       1.068	 -0.330
       1.072	 -0.170
       1.076	  0.028
       1.080	  0.228
       1.084	  0.415
       1.088	  0.565
       1.092	  0.657
       1.096	  0.708
       1.100	  0.733
       1.104	  0.748
       1.108	  0.760
       1.112	  0.775
       1.116	  0.785
       1.120	  0.792
       1.124	  0.807
       1.128	  0.820
       1.132	  0.833
       1.136	  0.845
       1.140	  0.865
       1.144	  0.885
       1.148	  0.902
       1.152	  0.922
       1.156	  0.950
       1.160	  0.975
       1.164	  1.012
       1.168	  1.040
       1.172	  1.085
       1.176	  1.117
       1.180	  1.157
       1.184	  1.195
       1.188	  1.235
       1.192	  1.272
       1.196	  1.312
       1.200	  1.345
       1.204	  1.373
       1.208	  1.390
       1.212	  1.410
       1.216	  1.415
       1.220	  1.410
       1.224	  1.393
       1.228	  1.373
       1.232	  1.345
       1.236	  1.305
       1.240	  1.260
       1.244	  1.202
       1.248	  1.143
       1.252	  1.073
       1.256	  1.015
       1.260	  0.938
       1.264	  0.865
       1.268	  0.780
       1.272	  0.708
       1.276	  0.630
       1.280	  0.552
       1.284	  0.475
       1.288	  0.403
       1.292	  0.333
       1.296	  0.268
       1.300	  0.207
       1.304	  0.147
       1.308	  0.090
       1.312	  0.045
       1.316	  0.000
       1.320	 -0.052
       1.324	 -0.090
       1.328	 -0.117
       1.332	 -0.147
       1.336	 -0.170
       1.340	 -0.188
       1.344	 -0.200
       1.348	 -0.212
       1.352	 -0.223
       1.356	 -0.223
       1.360	 -0.233
       1.364	 -0.235
       1.368	 -0.235
       1.372	 -0.233
       1.376	 -0.233
       1.380	 -0.228
       1.384	 -0.223
       1.388	 -0.220
       1.392	 -0.223
       1.396	 -0.223
       1.400	 -0.228
       1.404	 -0.223
       1.408	 -0.223
       1.412	 -0.223
       1.416	 -0.223
       1.420	 -0.223
       1.424	 -0.220
       1.428	 -0.215
       1.432	 -0.220
       1.436	 -0.220
       1.440	 -0.223
       1.444	 -0.228
       1.448	 -0.233
       1.452	 -0.228
       1.456	 -0.228
       1.460	 -0.228
       1.464	 -0.233
       1.468	 -0.233
       1.472	 -0.233
       1.476	 -0.228
       1.480	 -0.212
       1.484	 -0.182
       1.488	 -0.138
       1.492	 -0.105
       1.496	 -0.083
       1.500	 -0.065
       1.504	 -0.060
       1.508	 -0.065
       1.512	 -0.060
       1.516	 -0.058
       1.520	 -0.052
       1.524	 -0.040
       1.528	 -0.028
       1.532	 -0.020
       1.536	 -0.020
       1.540	 -0.025
       1.544	 -0.028
       1.548	 -0.020
       1.552	 -0.020
       1.556	  0.005
       1.560	  0.013
       1.564	  0.028
       1.568	  0.040
       1.572	  0.058
       1.576	  0.045
       1.580	  0.040
       1.584	  0.050
       1.588	  0.077
       1.592	  0.050
       1.596	 -0.105
       1.600	 -0.390
       1.604	 -0.677
       1.608	 -0.943
       1.612	 -1.155
       1.616	 -1.308
       1.620	 -1.417
       1.624	 -1.512
       1.628	 -1.597
       1.632	 -1.698
       1.636	 -1.825
       1.640	 -1.950
       1.644	 -2.035
       1.648	 -2.067
       1.652	 -2.035
       1.656	 -1.968
       1.660	 -1.857
       1.664	 -1.710
       1.668	 -1.540
       1.672	 -1.333
       1.676	 -1.155
       1.680	 -1.025
       1.684	 -0.922
       1.688	 -0.850
       1.692	 -0.800
       1.696	 -0.735
       1.700	 -0.670
       1.704	 -0.573
       1.708	 -0.460
       1.712	 -0.333
       1.716	 -0.188
       1.720	  0.000
       1.724	  0.190
       1.728	  0.383
       1.732	  0.545
       1.736	  0.655
       1.740	  0.715
       1.744	  0.748
       1.748	  0.767
       1.752	  0.780
       1.756	  0.797
       1.760	  0.805
       1.764	  0.812
       1.768	  0.820
       1.772	  0.838
       1.776	  0.853
       1.780	  0.873
       1.784	  0.890
       1.788	  0.905
       1.792	  0.917
       1.796	  0.938
       1.800	  0.960
       1.804	  0.988
       1.808	  1.028
       1.812	  1.065
       1.816	  1.105
       1.820	  1.145
       1.824	  1.183
       1.828	  1.220
       1.832	  1.260
       1.836	  1.295
       1.840	  1.337
       1.844	  1.370
       1.848	  1.397
       1.852	  1.417
       1.856	  1.430
       1.860	  1.435
       1.864	  1.435
       1.868	  1.417
       1.872	  1.403
       1.876	  1.370
       1.880	  1.333
       1.884	  1.288
       1.888	  1.242
       1.892	  1.188
       1.896	  1.123
       1.900	  1.048
       1.904	  0.970
       1.908	  0.890
       1.912	  0.807
       1.916	  0.733
       1.920	  0.650
       1.924	  0.573
       1.928	  0.495
       1.932	  0.422
       1.936	  0.350
       1.940	  0.285
       1.944	  0.215
       1.948	  0.155
       1.952	  0.092
       1.956	  0.050
       1.960	  0.000
       1.964	 -0.050
       1.968	 -0.092
       1.972	 -0.125
       1.976	 -0.158
       1.980	 -0.188
       1.984	 -0.215
       1.988	 -0.240
       1.992	 -0.260
       1.996	 -0.273
       2.000	 -0.285
       2.004	 -0.287
       2.008	 -0.297
       2.012	 -0.300
       2.016	 -0.310
       2.020	 -0.312
       2.024	 -0.310
       2.028	 -0.310
       2.032	 -0.312
       2.036	 -0.312
       2.040	 -0.312
       2.044	 -0.318
       2.048	 -0.318
       2.052	 -0.325
       2.056	 -0.333
       2.060	 -0.343
       2.064	 -0.343
       2.068	 -0.345
       2.072	 -0.345
       2.076	 -0.352
       2.080	 -0.357
       2.084	 -0.365
       2.088	 -0.362
       2.092	 -0.362
       2.096	 -0.362
       2.100	 -0.362
       2.104	 -0.357
       2.108	 -0.357
       2.112	 -0.357
       2.116	 -0.357
       2.120	 -0.357
       2.124	 -0.362
       2.128	 -0.370
       2.132	 -0.378
       2.136	 -0.378
       2.140	 -0.375
       2.144	 -0.370
       2.148	 -0.362
       2.152	 -0.352
       2.156	 -0.320
       2.160	 -0.285
       2.164	 -0.245
       2.168	 -0.223
       2.172	 -0.215
       2.176	 -0.215
       2.180	 -0.212
       2.184	 -0.203
       2.188	 -0.190
       2.192	 -0.182
       2.196	 -0.170
       2.200	 -0.163
       2.204	 -0.142
       2.208	 -0.122
       2.212	 -0.102
       2.216	 -0.083
       2.220	 -0.072
       2.224	 -0.072
       2.228	 -0.083
       2.232	 -0.065
       2.236	 -0.098
       2.240	 -0.240
       2.244	 -0.495
       2.248	 -0.812
       2.252	 -1.123
       2.256	 -1.357
       2.260	 -1.520
       2.264	 -1.625
       2.268	 -1.710
       2.272	 -1.782
       2.276	 -1.877
       2.280	 -2.000
       2.284	 -2.125
       2.288	 -2.215
       2.292	 -2.228
       2.296	 -2.172
       2.300	 -2.085
       2.304	 -1.958
       2.308	 -1.805
       2.312	 -1.625
       2.316	 -1.435
       2.320	 -1.248
       2.324	 -1.085
       2.328	 -0.988
       2.332	 -0.927
       2.336	 -0.882
       2.340	 -0.830
       2.344	 -0.767
       2.348	 -0.690
       2.352	 -0.603
       2.356	 -0.487
       2.360	 -0.365
       2.364	 -0.223
       2.368	 -0.060
       2.372	  0.135
       2.376	  0.310
       2.380	  0.448
       2.384	  0.527
       2.388	  0.570
       2.392	  0.585
       2.396	  0.603
       2.400	  0.610
       2.404	  0.625
       2.408	  0.642
       2.412	  0.657
       2.416	  0.677
       2.420	  0.690
       2.424	  0.708
       2.428	  0.723
       2.432	  0.740
       2.436	  0.760
       2.440	  0.787
       2.444	  0.807
       2.448	  0.840
       2.452	  0.865
       2.456	  0.897
       2.460	  0.930
       2.464	  0.970
       2.468	  1.015
       2.472	  1.065
       2.476	  1.105
       2.480	  1.143
       2.484	  1.175
       2.488	  1.202
       2.492	  1.230
       2.496	  1.262
       2.500	  1.285
       2.504	  1.295
       2.508	  1.295
       2.512	  1.280
       2.516	  1.248
       2.520	  1.210
       2.524	  1.170
       2.528	  1.123
       2.532	  1.073
       2.536	  1.020
       2.540	  0.955
       2.544	  0.882
       2.548	  0.807
       2.552	  0.728
       2.556	  0.650
       2.560	  0.570
       2.564	  0.492
       2.568	  0.417
       2.572	  0.352
       2.576	  0.287
       2.580	  0.223
       2.584	  0.158
       2.588	  0.102
       2.592	  0.050
       2.596	  0.007
       2.600	 -0.050
       2.604	 -0.092
       2.608	 -0.135
       2.612	 -0.175
       2.616	 -0.212
       2.620	 -0.240
       2.624	 -0.260
       2.628	 -0.278
       2.632	 -0.287
       2.636	 -0.300
       2.640	 -0.300
       2.644	 -0.318
       2.648	 -0.330
       2.652	 -0.343
       2.656	 -0.338
       2.660	 -0.338
       2.664	 -0.333
       2.668	 -0.338
       2.672	 -0.338
       2.676	 -0.345
       2.680	 -0.345
       2.684	 -0.343
       2.688	 -0.338
       2.692	 -0.333
       2.696	 -0.330
       2.700	 -0.330
       2.704	 -0.333
       2.708	 -0.345
       2.712	 -0.350
       2.716	 -0.352
       2.720	 -0.345
       2.724	 -0.333
       2.728	 -0.330
       2.732	 -0.330
       2.736	 -0.333
       2.740	 -0.338
       2.744	 -0.338
       2.748	 -0.333
       2.752	 -0.333
       2.756	 -0.333
       2.760	 -0.343
       2.764	 -0.350
       2.768	 -0.350
       2.772	 -0.345
       2.776	 -0.343
       2.780	 -0.333
       2.784	 -0.330
       2.788	 -0.325
       2.792	 -0.325
       2.796	 -0.318
       2.800	 -0.320
       2.804	 -0.318
       2.808	 -0.318
       2.812	 -0.300
       2.816	 -0.285
       2.820	 -0.253
       2.824	 -0.215
       2.828	 -0.190
       2.832	 -0.170
       2.836	 -0.163
       2.840	 -0.155
       2.844	 -0.147
       2.848	 -0.122
       2.852	 -0.090
       2.856	 -0.050
       2.860	 -0.018
       2.864	  0.018
       2.868	  0.020
       2.872	  0.028
       2.876	  0.052
       2.880	  0.083
       2.884	  0.018
       2.888	 -0.190
       2.892	 -0.495
       2.896	 -0.845
       2.900	 -1.145
       2.904	 -1.360
       2.908	 -1.508
       2.912	 -1.613
       2.916	 -1.710
       2.920	 -1.808
       2.924	 -1.923
       2.928	 -2.053
       2.932	 -2.158
       2.936	 -2.210
       2.940	 -2.178
       2.944	 -2.092
       2.948	 -1.978
       2.952	 -1.833
       2.956	 -1.663
       2.960	 -1.475
       2.964	 -1.285
       2.968	 -1.113
       2.972	 -0.980
       2.976	 -0.885
       2.980	 -0.830
       2.984	 -0.780
       2.988	 -0.723
       2.992	 -0.657
       2.996	 -0.570
       3.000	 -0.468
       3.004	 -0.362
       3.008	 -0.245
       3.012	 -0.102
       3.016	  0.077
       3.020	  0.255
       3.024	  0.417
       3.028	  0.527
       3.032	  0.585
       3.036	  0.613
       3.040	  0.630
       3.044	  0.635
       3.048	  0.645
       3.052	  0.650
       3.056	  0.670
       3.060	  0.682
       3.064	  0.703
       3.068	  0.715
       3.072	  0.735
       3.076	  0.752
       3.080	  0.775
       3.084	  0.797
       3.088	  0.820
       3.092	  0.850
       3.096	  0.885
       3.100	  0.922
       3.104	  0.960
       3.108	  1.000
       3.112	  1.035
       3.116	  1.067
       3.120	  1.110
       3.124	  1.155
       3.128	  1.195
       3.132	  1.230
       3.136	  1.260
       3.140	  1.292
       3.144	  1.308
       3.148	  1.317
       3.152	  1.312
       3.156	  1.312
       3.160	  1.295
       3.164	  1.275
       3.168	  1.235
       3.172	  1.198
       3.176	  1.143
       3.180	  1.080
       3.184	  1.015
       3.188	  0.943
       3.192	  0.870
       3.196	  0.797
       3.200	  0.720
       3.204	  0.645
       3.208	  0.573
       3.212	  0.495
       3.216	  0.422
       3.220	  0.357
       3.224	  0.292
       3.228	  0.235
       3.232	  0.182
       3.236	  0.130
       3.240	  0.085
       3.244	  0.037
       3.248	 -0.020
       3.252	 -0.065
       3.256	 -0.102
       3.260	 -0.130
       3.264	 -0.158
       3.268	 -0.188
       3.272	 -0.200
       3.276	 -0.220
       3.280	 -0.233
       3.284	 -0.245
       3.288	 -0.253
       3.292	 -0.260
       3.296	 -0.265
       3.300	 -0.265
       3.304	 -0.265
       3.308	 -0.268
       3.312	 -0.278
       3.316	 -0.280
       3.320	 -0.287
       3.324	 -0.287
       3.328	 -0.292
       3.332	 -0.287
       3.336	 -0.292
       3.340	 -0.285
       3.344	 -0.285
       3.348	 -0.278
       3.352	 -0.285
       3.356	 -0.278
       3.360	 -0.278
       3.364	 -0.268
       3.368	 -0.268
       3.372	 -0.265
       3.376	 -0.268
       3.380	 -0.268
       3.384	 -0.268
       3.388	 -0.278
       3.392	 -0.278
       3.396	 -0.278
       3.400	 -0.278
       3.404	 -0.278
       3.408	 -0.273
       3.412	 -0.268
       3.416	 -0.265
       3.420	 -0.265
       3.424	 -0.260
       3.428	 -0.255
       3.432	 -0.260
       3.436	 -0.260
       3.440	 -0.265
       3.444	 -0.260
       3.448	 -0.260
       3.452	 -0.260
       3.456	 -0.255
       3.460	 -0.255
       3.464	 -0.255
       3.468	 -0.255
       3.472	 -0.255
       3.476	 -0.253
       3.480	 -0.233
       3.484	 -0.203
       3.488	 -0.155
       3.492	 -0.098
       3.496	 -0.040
       3.500	  0.018
       3.504	  0.050
       3.508	  0.070
       3.512	  0.083
       3.516	  0.092
       3.520	  0.135
       3.524	  0.175
       3.528	  0.122
       3.532	 -0.072
       3.536	 -0.362
       3.540	 -0.688
       3.544	 -0.980
       3.548	 -1.175
       3.552	 -1.317
       3.556	 -1.417
       3.560	 -1.520
       3.564	 -1.620
       3.568	 -1.750
       3.572	 -1.893
       3.576	 -2.035
       3.580	 -2.118
       3.584	 -2.132
       3.588	 -2.085
       3.592	 -2.002
       3.596	 -1.877
       3.600	 -1.710
       3.604	 -1.522
       3.608	 -1.325
       3.612	 -1.145
       3.616	 -1.015
       3.620	 -0.930
       3.624	 -0.870
       3.628	 -0.812
       3.632	 -0.748
       3.636	 -0.657
       3.640	 -0.547
       3.644	 -0.427
       3.648	 -0.287
       3.652	 -0.117
       3.656	  0.090
       3.660	  0.285
       3.664	  0.450
       3.668	  0.570
       3.672	  0.642
       3.676	  0.675
       3.680	  0.695
       3.684	  0.708
       3.688	  0.715
       3.692	  0.723
       3.696	  0.733
       3.700	  0.740
       3.704	  0.748
       3.708	  0.760
       3.712	  0.780
       3.716	  0.797
       3.720	  0.818
       3.724	  0.845
       3.728	  0.870
       3.732	  0.895
       3.736	  0.917
       3.740	  0.960
       3.744	  0.993
       3.748	  1.028
       3.752	  1.058
       3.756	  1.097
       3.760	  1.133
       3.764	  1.175
       3.768	  1.208
       3.772	  1.242
       3.776	  1.272
       3.780	  1.300
       3.784	  1.325
       3.788	  1.345
       3.792	  1.357
       3.796	  1.370
       3.800	  1.370
       3.804	  1.365
       3.808	  1.345
       3.812	  1.317
       3.816	  1.275
       3.820	  1.222
       3.824	  1.165
       3.828	  1.105
       3.832	  1.035
       3.836	  0.968
       3.840	  0.895
       3.844	  0.812
       3.848	  0.733
       3.852	  0.650
       3.856	  0.578
       3.860	  0.500
       3.864	  0.427
       3.868	  0.352
       3.872	  0.287
       3.876	  0.220
       3.880	  0.158
       3.884	  0.102
       3.888	  0.052
       3.892	  0.007
       3.896	 -0.050
       3.900	 -0.090
       3.904	 -0.122
       3.908	 -0.150
       3.912	 -0.170
       3.916	 -0.190
       3.920	 -0.212
       3.924	 -0.228
       3.928	 -0.240
       3.932	 -0.245
       3.936	 -0.247
       3.940	 -0.247
       3.944	 -0.255
       3.948	 -0.255
       3.952	 -0.260
       3.956	 -0.260
       3.960	 -0.260
       3.964	 -0.260
       3.968	 -0.260
       3.972	 -0.255
       3.976	 -0.260
       3.980	 -0.260
       3.984	 -0.260
       3.988	 -0.260
       3.992	 -0.265
       3.996	 -0.265
       4.000	 -0.265
       4.004	 -0.265
       4.008	 -0.260
       4.012	 -0.253
       4.016	 -0.253
       4.020	 -0.253
       4.024	 -0.253
       4.028	 -0.247
       4.032	 -0.247
       4.036	 -0.247
       4.040	 -0.247
       4.044	 -0.253
       4.048	 -0.253
       4.052	 -0.253
       4.056	 -0.253
       4.060	 -0.253
       4.064	 -0.253
       4.068	 -0.247
       4.072	 -0.245
       4.076	 -0.240
       4.080	 -0.235
       4.084	 -0.235
       4.088	 -0.233
       4.092	 -0.233
       4.096	 -0.228
       4.100	 -0.223
       4.104	 -0.223
       4.108	 -0.220
       4.112	 -0.220
       4.116	 -0.215
       4.120	 -0.215
       4.124	 -0.212
       4.128	 -0.200
       4.132	 -0.182
       4.136	 -0.155
       4.140	 -0.105
       4.144	 -0.058
       4.148	  0.013
       4.152	  0.060
       4.156	  0.105
       4.160	  0.158
       4.164	  0.207
       4.168	  0.158
       4.172	 -0.025
       4.176	 -0.297
       4.180	 -0.598
       4.184	 -0.870
       4.188	 -1.060
       4.192	 -1.190
       4.196	 -1.285
       4.200	 -1.370
       4.204	 -1.468
       4.208	 -1.573
       4.212	 -1.690
       4.216	 -1.815
       4.220	 -1.903
       4.224	 -1.923
       4.228	 -1.893
       4.232	 -1.820
       4.236	 -1.718
       4.240	 -1.560
       4.244	 -1.393
       4.248	 -1.208
       4.252	 -1.040
       4.256	 -0.910
       4.260	 -0.838
       4.264	 -0.792
       4.268	 -0.752
       4.272	 -0.688
       4.276	 -0.603
       4.280	 -0.492
       4.284	 -0.365
       4.288	 -0.212
       4.292	 -0.020
       4.296	  0.195
       4.300	  0.398
       4.304	  0.570
       4.308	  0.688
       4.312	  0.748
       4.316	  0.780
       4.320	  0.792
       4.324	  0.807
       4.328	  0.818
       4.332	  0.825
       4.336	  0.833
       4.340	  0.845
       4.344	  0.858
       4.348	  0.870
       4.352	  0.882
       4.356	  0.902
       4.360	  0.917
       4.364	  0.938
       4.368	  0.955
       4.372	  0.980
       4.376	  1.008
       4.380	  1.035
       4.384	  1.067
       4.388	  1.100
       4.392	  1.137
       4.396	  1.183
       4.400	  1.220
       4.404	  1.260
       4.408	  1.295
       4.412	  1.333
       4.416	  1.370
       4.420	  1.393
       4.424	  1.417
       4.428	  1.435
       4.432	  1.448
       4.436	  1.448
       4.440	  1.448
       4.444	  1.430
       4.448	  1.415
       4.452	  1.383
       4.456	  1.345
       4.460	  1.288
       4.464	  1.240
       4.468	  1.175
       4.472	  1.113
       4.476	  1.040
       4.480	  0.963
       4.484	  0.882
       4.488	  0.812
       4.492	  0.740
       4.496	  0.657
       4.500	  0.580
       4.504	  0.492
       4.508	  0.422
       4.512	  0.365
       4.516	  0.300
       4.520	  0.240
       4.524	  0.180
       4.528	  0.117
       4.532	  0.065
       4.536	  0.025
       4.540	 -0.025
       4.544	 -0.060
       4.548	 -0.085
       4.552	 -0.110
       4.556	 -0.130
       4.560	 -0.147
       4.564	 -0.158
       4.568	 -0.170
       4.572	 -0.180
       4.576	 -0.182
       4.580	 -0.182
       4.584	 -0.182
       4.588	 -0.182
       4.592	 -0.182
       4.596	 -0.182
       4.600	 -0.182
       4.604	 -0.182
       4.608	 -0.180
       4.612	 -0.170
       4.616	 -0.170
       4.620	 -0.175
       4.624	 -0.180
       4.628	 -0.180
       4.632	 -0.182
       4.636	 -0.188
       4.640	 -0.180
       4.644	 -0.188
       4.648	 -0.190
       4.652	 -0.195
       4.656	 -0.195
       4.660	 -0.203
       4.664	 -0.203
       4.668	 -0.207
       4.672	 -0.203
       4.676	 -0.203
       4.680	 -0.203
       4.684	 -0.207
       4.688	 -0.212
       4.692	 -0.215
       4.696	 -0.215
       4.700	 -0.212
       4.704	 -0.212
       4.708	 -0.207
       4.712	 -0.207
       4.716	 -0.207
       4.720	 -0.207
       4.724	 -0.203
       4.728	 -0.203
       4.732	 -0.203
       4.736	 -0.203
       4.740	 -0.200
       4.744	 -0.200
       4.748	 -0.195
       4.752	 -0.190
       4.756	 -0.188
       4.760	 -0.180
       4.764	 -0.182
       4.768	 -0.180
       4.772	 -0.163
       4.776	 -0.142
       4.780	 -0.110
       4.784	 -0.083
       4.788	 -0.058
       4.792	 -0.037
       4.796	 -0.028
       4.800	  0.000
       4.804	  0.052
       4.808	  0.092
       4.812	  0.028
       4.816	 -0.163
       4.820	 -0.427
       4.824	 -0.710
       4.828	 -0.948
       4.832	 -1.110
       4.836	 -1.222
       4.840	 -1.300
       4.844	 -1.370
       4.848	 -1.455
       4.852	 -1.560
       4.856	 -1.677
       4.860	 -1.788
       4.864	 -1.837
       4.868	 -1.825
       4.872	 -1.755
       4.876	 -1.657
       4.880	 -1.522
       4.884	 -1.365
       4.888	 -1.190
       4.892	 -1.015
       4.896	 -0.865
       4.900	 -0.780
       4.904	 -0.735
       4.908	 -0.710
       4.912	 -0.682
       4.916	 -0.623
       4.920	 -0.537
       4.924	 -0.435
       4.928	 -0.312
       4.932	 -0.155
       4.936	  0.052
       4.940	  0.273
       4.944	  0.468
       4.948	  0.623
       4.952	  0.715
       4.956	  0.765
       4.960	  0.780
       4.964	  0.797
       4.968	  0.805
       4.972	  0.812
       4.976	  0.818
       4.980	  0.830
       4.984	  0.838
       4.988	  0.845
       4.992	  0.863
       4.996	  0.877
       5.000	  0.895
       5.004	  0.910
       5.008	  0.927
       5.012	  0.950
       5.016	  0.975
       5.020	  1.002
       5.024	  1.035
       5.028	  1.073
       5.032	  1.110
       5.036	  1.145
       5.040	  1.188
       5.044	  1.222
       5.048	  1.260
       5.052	  1.292
       5.056	  1.327
       5.060	  1.357
       5.064	  1.383
       5.068	  1.397
       5.072	  1.415
       5.076	  1.423
       5.080	  1.423
       5.084	  1.410
       5.088	  1.390
       5.092	  1.365
       5.096	  1.327
       5.100	  1.285
       5.104	  1.235
       5.108	  1.177
       5.112	  1.117
       5.116	  1.052
       5.120	  0.980
       5.124	  0.905
       5.128	  0.830
       5.132	  0.748
       5.136	  0.667
       5.140	  0.593
       5.144	  0.515
       5.148	  0.443
       5.152	  0.370
       5.156	  0.310
       5.160	  0.240
       5.164	  0.182
       5.168	  0.125
       5.172	  0.077
       5.176	  0.028
       5.180	 -0.018
       5.184	 -0.052
       5.188	 -0.090
       5.192	 -0.117
       5.196	 -0.142
       5.200	 -0.163
       5.204	 -0.180
       5.208	 -0.188
       5.212	 -0.195
       5.216	 -0.203
       5.220	 -0.215
       5.224	 -0.220
       5.228	 -0.228
       5.232	 -0.233
       5.236	 -0.235
       5.240	 -0.233
       5.244	 -0.233
       5.248	 -0.235
       5.252	 -0.235
       5.256	 -0.235
       5.260	 -0.240
       5.264	 -0.235
       5.268	 -0.240
       5.272	 -0.235
       5.276	 -0.240
       5.280	 -0.235
       5.284	 -0.235
       5.288	 -0.235
       5.292	 -0.235
       5.296	 -0.240
       5.300	 -0.245
       5.304	 -0.255
       5.308	 -0.260
       5.312	 -0.265
       5.316	 -0.265
       5.320	 -0.268
       5.324	 -0.260
       5.328	 -0.255
       5.332	 -0.255
       5.336	 -0.255
       5.340	 -0.253
       5.344	 -0.255
       5.348	 -0.260
       5.352	 -0.260
       5.356	 -0.255
       5.360	 -0.255
       5.364	 -0.253
       5.368	 -0.255
       5.372	 -0.255
       5.376	 -0.260
       5.380	 -0.260
       5.384	 -0.260
       5.388	 -0.260
       5.392	 -0.255
       5.396	 -0.247
       5.400	 -0.240
       5.404	 -0.233
       5.408	 -0.223
       5.412	 -0.215
       5.416	 -0.212
       5.420	 -0.200
       5.424	 -0.170
       5.428	 -0.147
       5.432	 -0.130
       5.436	 -0.130
       5.440	 -0.125
       5.444	 -0.122
       5.448	 -0.102
       5.452	 -0.142
       5.456	 -0.300
       5.460	 -0.552
       5.464	 -0.838
       5.468	 -1.090
       5.472	 -1.255
       5.476	 -1.353
       5.480	 -1.415
       5.484	 -1.468
       5.488	 -1.540
       5.492	 -1.637
       5.496	 -1.748
       5.500	 -1.845
       5.504	 -1.910
       5.508	 -1.903
       5.512	 -1.845
       5.516	 -1.755
       5.520	 -1.637
       5.524	 -1.480
       5.528	 -1.305
       5.532	 -1.113
       5.536	 -0.930
       5.540	 -0.792
       5.544	 -0.720
       5.548	 -0.700
       5.552	 -0.690
       5.556	 -0.655
       5.560	 -0.593
       5.564	 -0.505
       5.568	 -0.403
       5.572	 -0.285
       5.576	 -0.147
       5.580	  0.052
       5.584	  0.253
       5.588	  0.415
       5.592	  0.532
       5.596	  0.603
       5.600	  0.637
       5.604	  0.657
       5.608	  0.677
       5.612	  0.695
       5.616	  0.700
       5.620	  0.703
       5.624	  0.710
       5.628	  0.720
       5.632	  0.733
       5.636	  0.740
       5.640	  0.760
       5.644	  0.772
       5.648	  0.785
       5.652	  0.805
       5.656	  0.820
       5.660	  0.840
       5.664	  0.873
       5.668	  0.902
       5.672	  0.938
       5.676	  0.980
       5.680	  1.015
       5.684	  1.045
       5.688	  1.080
       5.692	  1.117
       5.696	  1.155
       5.700	  1.188
       5.704	  1.215
       5.708	  1.235
       5.712	  1.242
       5.716	  1.248
       5.720	  1.240
       5.724	  1.228
       5.728	  1.208
       5.732	  1.188
       5.736	  1.145
       5.740	  1.110
       5.744	  1.065
       5.748	  1.008
       5.752	  0.943
       5.756	  0.877
       5.760	  0.797
       5.764	  0.733
       5.768	  0.655
       5.772	  0.578
       5.776	  0.495
       5.780	  0.422
       5.784	  0.357
       5.788	  0.287
       5.792	  0.220
       5.796	  0.147
       5.800	  0.077
       5.804	  0.013
       5.808	 -0.052
       5.812	 -0.102
       5.816	 -0.150
       5.820	 -0.195
       5.824	 -0.228
       5.828	 -0.260
       5.832	 -0.285
       5.836	 -0.310
       5.840	 -0.333
       5.844	 -0.357
       5.848	 -0.375
       5.852	 -0.390
       5.856	 -0.398
       5.860	 -0.407
       5.864	 -0.410
       5.868	 -0.417
       5.872	 -0.422
       5.876	 -0.427
       5.880	 -0.427
       5.884	 -0.427
       5.888	 -0.422
       5.892	 -0.415
       5.896	 -0.415
       5.900	 -0.415
       5.904	 -0.415
       5.908	 -0.415
       5.912	 -0.422
       5.916	 -0.427
       5.920	 -0.430
       5.924	 -0.422
       5.928	 -0.422
       5.932	 -0.422
       5.936	 -0.427
       5.940	 -0.427
       5.944	 -0.427
       5.948	 -0.422
       5.952	 -0.427
       5.956	 -0.430
       5.960	 -0.430
       5.964	 -0.430
       5.968	 -0.430
       5.972	 -0.427
       5.976	 -0.422
       5.980	 -0.415
       5.984	 -0.410
       5.988	 -0.410
       5.992	 -0.415
       5.996	 -0.415
       6.000	 -0.417
       6.004	 -0.417
       6.008	 -0.415
       6.012	 -0.415
       6.016	 -0.410
       6.020	 -0.407
       6.024	 -0.395
       6.028	 -0.390
       6.032	 -0.383
       6.036	 -0.378
       6.040	 -0.370
       6.044	 -0.365
       6.048	 -0.362
       6.052	 -0.357
       6.056	 -0.345
       6.060	 -0.338
       6.064	 -0.318
       6.068	 -0.297
       6.072	 -0.273
       6.076	 -0.260
       6.080	 -0.260
       6.084	 -0.255
       6.088	 -0.233
       6.092	 -0.228
       6.096	 -0.312
       6.100	 -0.520
       6.104	 -0.807
       6.108	 -1.110
       6.112	 -1.373
       6.116	 -1.548
       6.120	 -1.650
       6.124	 -1.690
       6.128	 -1.708
       6.132	 -1.740
       6.136	 -1.808
       6.140	 -1.905
       6.144	 -1.995
       6.148	 -2.015
       6.152	 -1.958
       6.156	 -1.840
       6.160	 -1.690
       6.164	 -1.512
       6.168	 -1.317
       6.172	 -1.123
       6.176	 -0.943
       6.180	 -0.792
       6.184	 -0.690
       6.188	 -0.625
       6.192	 -0.590
       6.196	 -0.557
       6.200	 -0.537
       6.204	 -0.500
       6.208	 -0.435
       6.212	 -0.338
       6.216	 -0.215
       6.220	 -0.083
       6.224	  0.083
       6.228	  0.245
       6.232	  0.403
       6.236	  0.527
       6.240	  0.610
       6.244	  0.650
       6.248	  0.675
       6.252	  0.688
       6.256	  0.708
       6.260	  0.715
       6.264	  0.723
       6.268	  0.733
       6.272	  0.748
       6.276	  0.765
       6.280	  0.775
       6.284	  0.787
       6.288	  0.805
       6.292	  0.830
       6.296	  0.858
       6.300	  0.885
       6.304	  0.917
       6.308	  0.950
       6.312	  0.988
       6.316	  1.025
       6.320	  1.052
       6.324	  1.097
       6.328	  1.143
       6.332	  1.188
       6.336	  1.228
       6.340	  1.260
       6.344	  1.285
       6.348	  1.305
       6.352	  1.325
       6.356	  1.333
       6.360	  1.333
       6.364	  1.327
       6.368	  1.308
       6.372	  1.288
       6.376	  1.260
       6.380	  1.222
       6.384	  1.175
       6.388	  1.117
       6.392	  1.052
       6.396	  0.995
       6.400	  0.927
       6.404	  0.853
       6.408	  0.785
       6.412	  0.710
       6.416	  0.635
       6.420	  0.557
       6.424	  0.487
       6.428	  0.417
       6.432	  0.357
       6.436	  0.297
       6.440	  0.253
       6.444	  0.203
       6.448	  0.155
       6.452	  0.102
       6.456	  0.050
       6.460	  0.000
       6.464	 -0.060
       6.468	 -0.098
       6.472	 -0.122
       6.476	 -0.138
       6.480	 -0.155
       6.484	 -0.180
       6.488	 -0.203
       6.492	 -0.228
       6.496	 -0.247
       6.500	 -0.260
       6.504	 -0.273
       6.508	 -0.280
       6.512	 -0.280
       6.516	 -0.278
       6.520	 -0.278
       6.524	 -0.278
       6.528	 -0.278
       6.532	 -0.285
       6.536	 -0.292
       6.540	 -0.292
       6.544	 -0.297
       6.548	 -0.292
       6.552	 -0.292
       6.556	 -0.287
       6.560	 -0.285
       6.564	 -0.280
       6.568	 -0.285
       6.572	 -0.285
       6.576	 -0.278
       6.580	 -0.278
       6.584	 -0.268
       6.588	 -0.268
       6.592	 -0.268
       6.596	 -0.273
       6.600	 -0.278
       6.604	 -0.285
       6.608	 -0.280
       6.612	 -0.273
       6.616	 -0.268
       6.620	 -0.268
       6.624	 -0.260
       6.628	 -0.260
       6.632	 -0.260
       6.636	 -0.260
       6.640	 -0.255
       6.644	 -0.260
       6.648	 -0.255
       6.652	 -0.253
       6.656	 -0.247
       6.660	 -0.245
       6.664	 -0.235
       6.668	 -0.233
       6.672	 -0.233
       6.676	 -0.228
       6.680	 -0.228
       6.684	 -0.228
       6.688	 -0.223
       6.692	 -0.223
       6.696	 -0.220
       6.700	 -0.203
       6.704	 -0.182
       6.708	 -0.147
       6.712	 -0.115
       6.716	 -0.090
       6.720	 -0.085
       6.724	 -0.072
       6.728	 -0.052
       6.732	 -0.025
       6.736	 -0.077
       6.740	 -0.245
       6.744	 -0.507
       6.748	 -0.825
       6.752	 -1.110
       6.756	 -1.320
       6.760	 -1.455
       6.764	 -1.528
       6.768	 -1.560
       6.772	 -1.587
       6.776	 -1.637
       6.780	 -1.710
       6.784	 -1.805
       6.788	 -1.857
       6.792	 -1.840
       6.796	 -1.755
       6.800	 -1.630
       6.804	 -1.470
       6.808	 -1.280
       6.812	 -1.080
       6.816	 -0.882
       6.820	 -0.715
       6.824	 -0.590
       6.828	 -0.512
       6.832	 -0.460
       6.836	 -0.422
       6.840	 -0.383
       6.844	 -0.333
       6.848	 -0.260
       6.852	 -0.182
       6.856	 -0.083
       6.860	  0.058
       6.864	  0.212
       6.868	  0.385
       6.872	  0.557
       6.876	  0.695
       6.880	  0.780
       6.884	  0.820
       6.888	  0.838
       6.892	  0.845
       6.896	  0.858
       6.900	  0.870
       6.904	  0.873
       6.908	  0.895
       6.912	  0.897
       6.916	  0.910
       6.920	  0.915
       6.924	  0.930
       6.928	  0.948
       6.932	  0.970
       6.936	  0.988
       6.940	  1.020
       6.944	  1.045
       6.948	  1.080
       6.952	  1.113
       6.956	  1.150
       6.960	  1.190
       6.964	  1.230
       6.968	  1.275
       6.972	  1.312
       6.976	  1.350
       6.980	  1.383
       6.984	  1.415
       6.988	  1.438
       6.992	  1.458
       6.996	  1.475
       7.000	  1.488
       7.004	  1.490
       7.008	  1.490
       7.012	  1.475
       7.016	  1.448
       7.020	  1.405
       7.024	  1.360
       7.028	  1.300
       7.032	  1.242
       7.036	  1.170
       7.040	  1.100
       7.044	  1.028
       7.048	  0.950
       7.052	  0.873
       7.056	  0.792
       7.060	  0.715
       7.064	  0.637
       7.068	  0.557
       7.072	  0.482
       7.076	  0.415
       7.080	  0.350
       7.084	  0.287
       7.088	  0.233
       7.092	  0.182
       7.096	  0.130
       7.100	  0.090
       7.104	  0.052
       7.108	  0.020
       7.112	 -0.025
       7.116	 -0.052
       7.120	 -0.083
       7.124	 -0.098
       7.128	 -0.117
       7.132	 -0.130
       7.136	 -0.147
       7.140	 -0.150
       7.144	 -0.158
       7.148	 -0.163
       7.152	 -0.170
       7.156	 -0.180
       7.160	 -0.188
       7.164	 -0.188
       7.168	 -0.195
       7.172	 -0.195
       7.176	 -0.200
       7.180	 -0.200
       7.184	 -0.203
       7.188	 -0.212
       7.192	 -0.212
       7.196	 -0.220
       7.200	 -0.223
       7.204	 -0.228
       7.208	 -0.223
       7.212	 -0.228
       7.216	 -0.223
       7.220	 -0.220
       7.224	 -0.215
       7.228	 -0.215
       7.232	 -0.212
       7.236	 -0.220
       7.240	 -0.215
       7.244	 -0.220
       7.248	 -0.215
       7.252	 -0.215
       7.256	 -0.215
       7.260	 -0.215
       7.264	 -0.212
       7.268	 -0.212
       7.272	 -0.212
       7.276	 -0.212
       7.280	 -0.212
       7.284	 -0.212
       7.288	 -0.212
       7.292	 -0.212
       7.296	 -0.203
       7.300	 -0.207
       7.304	 -0.212
       7.308	 -0.203
       7.312	 -0.200
       7.316	 -0.195
       7.320	 -0.200
       7.324	 -0.190
       7.328	 -0.188
       7.332	 -0.188
       7.336	 -0.182
       7.340	 -0.168
       7.344	 -0.147
       7.348	 -0.110
       7.352	 -0.083
       7.356	 -0.060
       7.360	 -0.052
       7.364	 -0.045
       7.368	  0.000
       7.372	  0.028
       7.376	 -0.033
       7.380	 -0.212
       7.384	 -0.480
       7.388	 -0.787
       7.392	 -1.058
       7.396	 -1.252
       7.400	 -1.377
       7.404	 -1.468
       7.408	 -1.522
       7.412	 -1.580
       7.416	 -1.643
       7.420	 -1.718
       7.424	 -1.792
       7.428	 -1.837
       7.432	 -1.827
       7.436	 -1.788
       7.440	 -1.695
       7.444	 -1.565
       7.448	 -1.390
       7.452	 -1.198
       7.456	 -1.000
       7.460	 -0.818
       7.464	 -0.682
       7.468	 -0.618
       7.472	 -0.573
       7.476	 -0.515
       7.480	 -0.443
       7.484	 -0.362
       7.488	 -0.268
       7.492	 -0.163
       7.496	 -0.033
       7.500	  0.142
       7.504	  0.330
       7.508	  0.520
       7.512	  0.662
       7.516	  0.760
       7.520	  0.807
       7.524	  0.840
       7.528	  0.850
       7.532	  0.853
       7.536	  0.858
       7.540	  0.863
       7.544	  0.870
       7.548	  0.885
       7.552	  0.902
       7.556	  0.915
       7.560	  0.927
       7.564	  0.938
       7.568	  0.950
       7.572	  0.970
       7.576	  0.995
       7.580	  1.025
       7.584	  1.052
       7.588	  1.085
       7.592	  1.123
       7.596	  1.163
       7.600	  1.198
       7.604	  1.230
       7.608	  1.272
       7.612	  1.308
       7.616	  1.345
       7.620	  1.383
       7.624	  1.423
       7.628	  1.455
       7.632	  1.480
       7.636	  1.495
       7.640	  1.502
       7.644	  1.502
       7.648	  1.495
       7.652	  1.480
       7.656	  1.455
       7.660	  1.417
       7.664	  1.370
       7.668	  1.308
       7.672	  1.252
       7.676	  1.190
       7.680	  1.117
       7.684	  1.040
       7.688	  0.963
       7.692	  0.877
       7.696	  0.792
       7.700	  0.720
       7.704	  0.642
       7.708	  0.573
       7.712	  0.495
       7.716	  0.427
       7.720	  0.362
       7.724	  0.305
       7.728	  0.245
       7.732	  0.188
       7.736	  0.125
       7.740	  0.085
       7.744	  0.040
       7.748	  0.005
       7.752	 -0.040
       7.756	 -0.072
       7.760	 -0.098
       7.764	 -0.115
       7.768	 -0.130
       7.772	 -0.147
       7.776	 -0.155
       7.780	 -0.163
       7.784	 -0.170
       7.788	 -0.180
       7.792	 -0.175
       7.796	 -0.175
       7.800	 -0.180
       7.804	 -0.180
       7.808	 -0.175
       7.812	 -0.175
       7.816	 -0.180
       7.820	 -0.182
       7.824	 -0.182
       7.828	 -0.188
       7.832	 -0.195
       7.836	 -0.195
       7.840	 -0.188
       7.844	 -0.190
       7.848	 -0.190
       7.852	 -0.195
       7.856	 -0.195
       7.860	 -0.195
       7.864	 -0.188
       7.868	 -0.182
       7.872	 -0.188
       7.876	 -0.188
       7.880	 -0.188
       7.884	 -0.190
       7.888	 -0.195
       7.892	 -0.195
       7.896	 -0.200
       7.900	 -0.195
       7.904	 -0.195
       7.908	 -0.190
       7.912	 -0.190
       7.916	 -0.190
       7.920	 -0.190
       7.924	 -0.188
       7.928	 -0.188
       7.932	 -0.188
       7.936	 -0.195
       7.940	 -0.190
       7.944	 -0.195
       7.948	 -0.190
       7.952	 -0.190
       7.956	 -0.188
       7.960	 -0.182
       7.964	 -0.180
       7.968	 -0.180
       7.972	 -0.180
       7.976	 -0.168
       7.980	 -0.155
       7.984	 -0.135
       7.988	 -0.105
       7.992	 -0.083
       7.996	 -0.060
       8.000	 -0.058
       8.004	 -0.058
       8.008	 -0.037
       8.012	  0.000
       8.016	 -0.058
       8.020	 -0.223
       8.024	 -0.475
       8.028	 -0.775
       8.032	 -1.045
       8.036	 -1.240
       8.040	 -1.370
       8.044	 -1.458
       8.048	 -1.532
       8.052	 -1.610
       8.056	 -1.690
       8.060	 -1.775
       8.064	 -1.840
       8.068	 -1.865
       8.072	 -1.837
       8.076	 -1.768
       8.080	 -1.677
       8.084	 -1.555
       8.088	 -1.397
       8.092	 -1.210
       8.096	 -1.025
       8.100	 -0.840
       8.104	 -0.703
       8.108	 -0.618
       8.112	 -0.570
       8.116	 -0.537
       8.120	 -0.492
       8.124	 -0.407
       8.128	 -0.305
       8.132	 -0.190
       8.136	 -0.065
       8.140	  0.102
       8.144	  0.285
       8.148	  0.472
       8.152	  0.623
       8.156	  0.728
       8.160	  0.775
       8.164	  0.800
       8.168	  0.812
       8.172	  0.825
       8.176	  0.838
       8.180	  0.840
       8.184	  0.845
       8.188	  0.853
       8.192	  0.870
       8.196	  0.882
       8.200	  0.897
       8.204	  0.915
       8.208	  0.930
       8.212	  0.948
       8.216	  0.975
       8.220	  0.995
       8.224	  1.025
       8.228	  1.052
       8.232	  1.085
       8.236	  1.123
       8.240	  1.163
       8.244	  1.198
       8.248	  1.240
       8.252	  1.275
       8.256	  1.317
       8.260	  1.353
       8.264	  1.390
       8.268	  1.415
       8.272	  1.435
       8.276	  1.458
       8.280	  1.470
       8.284	  1.470
       8.288	  1.462
       8.292	  1.448
       8.296	  1.423
       8.300	  1.383
       8.304	  1.333
       8.308	  1.280
       8.312	  1.220
       8.316	  1.155
       8.320	  1.085
       8.324	  1.015
       8.328	  0.938
       8.332	  0.863
       8.336	  0.785
       8.340	  0.710
       8.344	  0.625
       8.348	  0.552
       8.352	  0.475
       8.356	  0.407
       8.360	  0.338
       8.364	  0.280
       8.368	  0.223
       8.372	  0.168
       8.376	  0.117
       8.380	  0.070
       8.384	  0.025
       8.388	 -0.028
       8.392	 -0.058
       8.396	 -0.083
       8.400	 -0.102
       8.404	 -0.125
       8.408	 -0.138
       8.412	 -0.155
       8.416	 -0.163
       8.420	 -0.170
       8.424	 -0.170
       8.428	 -0.175
       8.432	 -0.175
       8.436	 -0.180
       8.440	 -0.180
       8.444	 -0.180
       8.448	 -0.180
       8.452	 -0.180
       8.456	 -0.180
       8.460	 -0.182
       8.464	 -0.182
       8.468	 -0.188
       8.472	 -0.188
       8.476	 -0.182
       8.480	 -0.182
       8.484	 -0.182
       8.488	 -0.182
       8.492	 -0.182
       8.496	 -0.182
       8.500	 -0.180
       8.504	 -0.182
       8.508	 -0.180
       8.512	 -0.182
       8.516	 -0.182
       8.520	 -0.188
       8.524	 -0.188
       8.528	 -0.188
       8.532	 -0.188
       8.536	 -0.182
       8.540	 -0.182
       8.544	 -0.188
       8.548	 -0.182
       8.552	 -0.182
       8.556	 -0.182
       8.560	 -0.180
       8.564	 -0.175
       8.568	 -0.180
       8.572	 -0.180
       8.576	 -0.175
       8.580	 -0.175
       8.584	 -0.170
       8.588	 -0.175
       8.592	 -0.168
       8.596	 -0.168
       8.600	 -0.168
       8.604	 -0.168
       8.608	 -0.163
       8.612	 -0.163
       8.616	 -0.155
       8.620	 -0.147
       8.624	 -0.130
       8.628	 -0.105
       8.632	 -0.072
       8.636	 -0.052
       8.640	 -0.037
       8.644	 -0.037
       8.648	 -0.033
       8.652	  0.000
       8.656	 -0.025
       8.660	 -0.150
       8.664	 -0.375
       8.668	 -0.667
       8.672	 -0.950
       8.676	 -1.170
       8.680	 -1.320
       8.684	 -1.423
       8.688	 -1.500
       8.692	 -1.565
       8.696	 -1.643
       8.700	 -1.722
       8.704	 -1.795
       8.708	 -1.833
       8.712	 -1.825
       8.716	 -1.760
       8.720	 -1.675
       8.724	 -1.560
       8.728	 -1.415
       8.732	 -1.240
       8.736	 -1.058
       8.740	 -0.870
       8.744	 -0.715
       8.748	 -0.610
       8.752	 -0.560
       8.756	 -0.527
       8.760	 -0.487
       8.764	 -0.417
       8.768	 -0.325
       8.772	 -0.220
       8.776	 -0.105
       8.780	  0.045
       8.784	  0.215
       8.788	  0.398
       8.792	  0.573
       8.796	  0.700
       8.800	  0.772
       8.804	  0.805
       8.808	  0.825
       8.812	  0.833
       8.816	  0.840
       8.820	  0.840
       8.824	  0.853
       8.828	  0.863
       8.832	  0.870
       8.836	  0.882
       8.840	  0.895
       8.844	  0.910
       8.848	  0.927
       8.852	  0.943
       8.856	  0.960
       8.860	  0.988
       8.864	  1.012
       8.868	  1.035
       8.872	  1.067
       8.876	  1.105
       8.880	  1.143
       8.884	  1.175
       8.888	  1.210
       8.892	  1.248
       8.896	  1.280
       8.900	  1.317
       8.904	  1.345
       8.908	  1.383
       8.912	  1.405
       8.916	  1.425
       8.920	  1.438
       8.924	  1.438
       8.928	  1.430
       8.932	  1.415
       8.936	  1.383
       8.940	  1.353
       8.944	  1.308
       8.948	  1.262
       8.952	  1.202
       8.956	  1.137
       8.960	  1.065
       8.964	  0.995
       8.968	  0.915
       8.972	  0.830
       8.976	  0.748
       8.980	  0.667
       8.984	  0.585
       8.988	  0.505
       8.992	  0.427
       8.996	  0.352
       9.000	  0.285
       9.004	  0.223
       9.008	  0.170
       9.012	  0.117
       9.016	  0.070
       9.020	  0.018
       9.024	 -0.037
       9.028	 -0.077
       9.032	 -0.110
       9.036	 -0.142
       9.040	 -0.175
       9.044	 -0.207
       9.048	 -0.233
       9.052	 -0.245
       9.056	 -0.253
       9.060	 -0.255
       9.064	 -0.260
       9.068	 -0.265
       9.072	 -0.268
       9.076	 -0.278
       9.080	 -0.280
       9.084	 -0.280
       9.088	 -0.285
       9.092	 -0.285
       9.096	 -0.287
       9.100	 -0.287
       9.104	 -0.292
       9.108	 -0.287
       9.112	 -0.287
       9.116	 -0.287
       9.120	 -0.292
       9.124	 -0.292
       9.128	 -0.300
       9.132	 -0.300
       9.136	 -0.300
       9.140	 -0.300
       9.144	 -0.310
       9.148	 -0.305
       9.152	 -0.310
       9.156	 -0.310
       9.160	 -0.305
       9.164	 -0.300
       9.168	 -0.310
       9.172	 -0.312
       9.176	 -0.312
       9.180	 -0.310
       9.184	 -0.305
       9.188	 -0.310
       9.192	 -0.312
       9.196	 -0.320
       9.200	 -0.325
       9.204	 -0.330
       9.208	 -0.318
       9.212	 -0.318
       9.216	 -0.312
       9.220	 -0.320
       9.224	 -0.320
       9.228	 -0.325
       9.232	 -0.320
       9.236	 -0.318
       9.240	 -0.312
       9.244	 -0.300
       9.248	 -0.300
       9.252	 -0.300
       9.256	 -0.318
       9.260	 -0.312
       9.264	 -0.300
       9.268	 -0.280
       9.272	 -0.253
       9.276	 -0.233
       9.280	 -0.223
       9.284	 -0.228
       9.288	 -0.240
       9.292	 -0.235
       9.296	 -0.228
       9.300	 -0.297
       9.304	 -0.482
       9.308	 -0.752
       9.312	 -1.048
       9.316	 -1.312
       9.320	 -1.500
       9.324	 -1.617
       9.328	 -1.698
       9.332	 -1.755
       9.336	 -1.820
       9.340	 -1.885
       9.344	 -1.955
       9.348	 -2.000
       9.352	 -2.000
       9.356	 -1.935
       9.360	 -1.825
       9.364	 -1.702
       9.368	 -1.555
       9.372	 -1.383
       9.376	 -1.195
       9.380	 -1.000
       9.384	 -0.820
       9.388	 -0.690
       9.392	 -0.618
       9.396	 -0.580
       9.400	 -0.557
       9.404	 -0.525
       9.408	 -0.468
       9.412	 -0.395
       9.416	 -0.310
       9.420	 -0.215
       9.424	 -0.105
       9.428	  0.045
       9.432	  0.215
       9.436	  0.383
       9.440	  0.512
       9.444	  0.593
       9.448	  0.635
       9.452	  0.650
       9.456	  0.662
       9.460	  0.677
       9.464	  0.682
       9.468	  0.677
       9.472	  0.675
       9.476	  0.677
       9.480	  0.690
       9.484	  0.708
       9.488	  0.728
       9.492	  0.748
       9.496	  0.772
       9.500	  0.792
       9.504	  0.818
       9.508	  0.853
       9.512	  0.877
       9.516	  0.910
       9.520	  0.943
       9.524	  0.983
       9.528	  1.028
       9.532	  1.065
       9.536	  1.100
       9.540	  1.137
       9.544	  1.177
       9.548	  1.210
       9.552	  1.230
       9.556	  1.240
       9.560	  1.242
       9.564	  1.248
       9.568	  1.242
       9.572	  1.235
       9.576	  1.220
       9.580	  1.195
       9.584	  1.157
       9.588	  1.110
       9.592	  1.052
       9.596	  0.993
       9.600	  0.917
       9.604	  0.833
       9.608	  0.755
       9.612	  0.682
       9.616	  0.618
       9.620	  0.545
       9.624	  0.468
       9.628	  0.395
       9.632	  0.320
       9.636	  0.247
       9.640	  0.182
       9.644	  0.117
       9.648	  0.060
       9.652	  0.013
       9.656	 -0.045
       9.660	 -0.083
       9.664	 -0.122
       9.668	 -0.168
       9.672	 -0.203
       9.676	 -0.245
       9.680	 -0.278
       9.684	 -0.300
       9.688	 -0.318
       9.692	 -0.325
       9.696	 -0.338
       9.700	 -0.350
       9.704	 -0.362
       9.708	 -0.370
       9.712	 -0.378
       9.716	 -0.375
       9.720	 -0.375
       9.724	 -0.370
       9.728	 -0.378
       9.732	 -0.385
       9.736	 -0.395
       9.740	 -0.403
       9.744	 -0.407
       9.748	 -0.403
       9.752	 -0.398
       9.756	 -0.395
       9.760	 -0.390
       9.764	 -0.390
       9.768	 -0.390
       9.772	 -0.390
       9.776	 -0.383
       9.780	 -0.375
       9.784	 -0.375
       9.788	 -0.383
       9.792	 -0.390
       9.796	 -0.395
       9.800	 -0.395
       9.804	 -0.398
       9.808	 -0.395
       9.812	 -0.395
       9.816	 -0.390
       9.820	 -0.385
       9.824	 -0.378
       9.828	 -0.383
       9.832	 -0.385
       9.836	 -0.390
       9.840	 -0.383
       9.844	 -0.378
       9.848	 -0.378
       9.852	 -0.385
       9.856	 -0.395
       9.860	 -0.395
       9.864	 -0.390
       9.868	 -0.383
       9.872	 -0.375
       9.876	 -0.365
       9.880	 -0.365
       9.884	 -0.370
       9.888	 -0.375
       9.892	 -0.375
       9.896	 -0.370
       9.900	 -0.357
       9.904	 -0.352
       9.908	 -0.333
       9.912	 -0.318
       9.916	 -0.292
       9.920	 -0.280
       9.924	 -0.273
       9.928	 -0.268
       9.932	 -0.255
       9.936	 -0.228
       9.940	 -0.255
       9.944	 -0.407
       9.948	 -0.667
       9.952	 -0.983
       9.956	 -1.272
       9.960	 -1.495
       9.964	 -1.643
       9.968	 -1.735
       9.972	 -1.788
       9.976	 -1.812
       9.980	 -1.845
       9.984	 -1.905
       9.988	 -1.982
       9.992	 -2.033
       9.996	 -2.020
