Elapsed_time	ECG
       0.000	 -0.720
       0.004	 -0.715
       0.008	 -0.710
       0.012	 -0.703
       0.016	 -0.695
       0.020	 -0.682
       0.024	 -0.670
       0.028	 -0.650
       0.032	 -0.635
       0.036	 -0.613
       0.040	 -0.590
       0.044	 -0.552
       0.048	 -0.515
       0.052	 -0.475
       0.056	 -0.435
       0.060	 -0.398
       0.064	 -0.357
       0.068	 -0.318
       0.072	 -0.273
       0.076	 -0.220
       0.080	 -0.168
       0.084	 -0.122
       0.088	 -0.085
       0.092	 -0.052
       0.096	 -0.018
       0.100	  0.028
       0.104	  0.052
       0.108	  0.070
       0.112	  0.092
       0.116	  0.105
       0.120	  0.117
       0.124	  0.125
       0.128	  0.135
       0.132	  0.138
       0.136	  0.142
       0.140	  0.138
       0.144	  0.138
       0.148	  0.142
       0.152	  0.147
       0.156	  0.138
       0.160	  0.130
       0.164	  0.125
       0.168	  0.130
       0.172	  0.135
       0.176	  0.155
       0.180	  0.180
       0.184	  0.207
       0.188	  0.228
       0.192	  0.245
       0.196	  0.268
       0.200	  0.300
       0.204	  0.333
       0.208	  0.352
       0.212	  0.370
       0.216	  0.362
       0.220	  0.343
       0.224	  0.312
       0.228	  0.297
       0.232	  0.280
       0.236	  0.265
       0.240	  0.223
       0.244	  0.168
       0.248	  0.085
       0.252	  0.000
       0.256	 -0.083
       0.260	 -0.135
       0.264	 -0.168
       0.268	 -0.190
       0.272	 -0.212
       0.276	 -0.228
       0.280	 -0.233
       0.284	 -0.235
       0.288	 -0.240
       0.292	 -0.247
       0.296	 -0.245
       0.300	 -0.235
       0.304	 -0.235
       0.308	 -0.240
       0.312	 -0.235
       0.316	 -0.228
       0.320	 -0.223
       0.324	 -0.220
       0.328	 -0.203
       0.332	 -0.195
       0.336	 -0.188
       0.340	 -0.180
       0.344	 -0.170
       0.348	 -0.158
       0.352	 -0.150
       0.356	 -0.147
       0.360	 -0.135
       0.364	 -0.115
       0.368	 -0.090
       0.372	 -0.083
       0.376	 -0.072
       0.380	 -0.052
       0.384	  0.005
       0.388	  0.092
       0.392	  0.280
       0.396	  0.512
       0.400	  0.767
       0.404	  1.020
       0.408	  1.202
       0.412	  1.317
       0.416	  1.385
       0.420	  1.425
       0.424	  1.415
       0.428	  1.350
       0.432	  1.248
       0.436	  1.097
       0.440	  0.840
       0.444	  0.570
       0.448	  0.320
       0.452	  0.105
       0.456	  0.013
       0.460	  0.000
       0.464	 -0.018
       0.468	 -0.060
       0.472	 -0.147
       0.476	 -0.265
       0.480	 -0.385
       0.484	 -0.515
       0.488	 -0.677
       0.492	 -0.797
       0.496	 -0.838
       0.500	 -0.830
       0.504	 -0.787
       0.508	 -0.743
       0.512	 -0.715
       0.516	 -0.695
       0.520	 -0.677
       0.524	 -0.667
       0.528	 -0.650
       0.532	 -0.650
       0.536	 -0.650
       0.540	 -0.655
       0.544	 -0.645
       0.548	 -0.635
       0.552	 -0.618
       0.556	 -0.598
       0.560	 -0.560
       0.564	 -0.520
       0.568	 -0.492
       0.572	 -0.463
       0.576	 -0.430
       0.580	 -0.395
       0.584	 -0.350
       0.588	 -0.310
       0.592	 -0.268
       0.596	 -0.220
       0.600	 -0.175
       0.604	 -0.138
       0.608	 -0.098
       0.612	 -0.058
       0.616	 -0.020
       0.620	  0.020
       0.624	  0.045
       0.628	  0.065
       0.632	  0.083
       0.636	  0.098
       0.640	  0.115
       0.644	  0.130
       0.648	  0.147
       0.652	  0.158
       0.656	  0.155
       0.660	  0.147
       0.664	  0.147
       0.668	  0.155
       0.672	  0.155
       0.676	  0.158
       0.680	  0.158
       0.684	  0.155
       0.688	  0.147
       0.692	  0.142
       0.696	  0.147
       0.700	  0.163
       0.704	  0.188
       0.708	  0.207
       0.712	  0.233
       0.716	  0.245
       0.720	  0.253
       0.724	  0.265
       0.728	  0.300
       0.732	  0.338
       0.736	  0.365
       0.740	  0.378
       0.744	  0.383
       0.748	  0.365
       0.752	  0.350
       0.756	  0.320
       0.760	  0.310
       0.764	  0.292
       0.768	  0.255
       0.772	  0.188
       0.776	  0.092
       0.780	  0.013
       0.784	 -0.052
       0.788	 -0.092
       0.792	 -0.125
       0.796	 -0.142
       0.800	 -0.155
       0.804	 -0.168
       0.808	 -0.168
       0.812	 -0.170
       0.816	 -0.170
       0.820	 -0.170
       0.824	 -0.170
       0.828	 -0.163
       0.832	 -0.163
       0.836	 -0.155
       0.840	 -0.155
       0.844	 -0.150
       0.848	 -0.142
       0.852	 -0.135
       0.856	 -0.125
       0.860	 -0.117
       0.864	 -0.115
       0.868	 -0.105
       0.872	 -0.105
       0.876	 -0.102
       0.880	 -0.092
       0.884	 -0.083
       0.888	 -0.083
       0.892	 -0.083
       0.896	 -0.072
       0.900	 -0.065
       0.904	 -0.040
       0.908	  0.005
       0.912	  0.085
       0.916	  0.223
       0.920	  0.427
       0.924	  0.682
       0.928	  0.950
       0.932	  1.170
       0.936	  1.325
       0.940	  1.423
       0.944	  1.488
       0.948	  1.508
       0.952	  1.468
       0.956	  1.383
       0.960	  1.262
       0.964	  1.077
       0.968	  0.830
       0.972	  0.532
       0.976	  0.255
       0.980	  0.085
       0.984	  0.025
       0.988	 -0.020
       0.992	 -0.083
       0.996	 -0.188
       1.000	 -0.305
       1.004	 -0.417
       1.008	 -0.532
       1.012	 -0.645
       1.016	 -0.755
       1.020	 -0.812
       1.024	 -0.812
       1.028	 -0.760
       1.032	 -0.710
       1.036	 -0.667
       1.040	 -0.677
       1.044	 -0.642
       1.048	 -0.635
       1.052	 -0.623
       1.056	 -0.625
       1.060	 -0.623
       1.064	 -0.613
       1.068	 -0.598
       1.072	 -0.585
       1.076	 -0.573
       1.080	 -0.557
       1.084	 -0.527
       1.088	 -0.507
       1.092	 -0.480
       1.096	 -0.443
       1.100	 -0.407
       1.104	 -0.370
       1.108	 -0.333
       1.112	 -0.292
       1.116	 -0.253
       1.120	 -0.212
       1.124	 -0.168
       1.128	 -0.117
       1.132	 -0.083
       1.136	 -0.040
       1.140	  0.000
       1.144	  0.037
       1.148	  0.065
       1.152	  0.092
       1.156	  0.115
       1.160	  0.130
       1.164	  0.155
       1.168	  0.170
       1.172	  0.180
       1.176	  0.180
       1.180	  0.182
       1.184	  0.188
       1.188	  0.182
       1.192	  0.175
       1.196	  0.175
       1.200	  0.180
       1.204	  0.188
       1.208	  0.190
       1.212	  0.195
       1.216	  0.190
       1.220	  0.195
       1.224	  0.200
       1.228	  0.223
       1.232	  0.253
       1.236	  0.278
       1.240	  0.287
       1.244	  0.310
       1.248	  0.338
       1.252	  0.370
       1.256	  0.390
       1.260	  0.398
       1.264	  0.395
       1.268	  0.378
       1.272	  0.357
       1.276	  0.343
       1.280	  0.333
       1.284	  0.318
       1.288	  0.278
       1.292	  0.212
       1.296	  0.125
       1.300	  0.040
       1.304	 -0.037
       1.308	 -0.083
       1.312	 -0.105
       1.316	 -0.122
       1.320	 -0.142
       1.324	 -0.163
       1.328	 -0.168
       1.332	 -0.170
       1.336	 -0.175
       1.340	 -0.182
       1.344	 -0.180
       1.348	 -0.180
       1.352	 -0.170
       1.356	 -0.170
       1.360	 -0.163
       1.364	 -0.150
       1.368	 -0.142
       1.372	 -0.138
       1.376	 -0.130
       1.380	 -0.122
       1.384	 -0.110
       1.388	 -0.098
       1.392	 -0.092
       1.396	 -0.085
       1.400	 -0.077
       1.404	 -0.070
       1.408	 -0.065
       1.412	 -0.058
       1.416	 -0.050
       1.420	 -0.040
       1.424	 -0.033
       1.428	  0.018
       1.432	  0.072
       1.436	  0.175
       1.440	  0.343
       1.444	  0.573
       1.448	  0.838
       1.452	  1.080
       1.456	  1.262
       1.460	  1.390
       1.464	  1.475
       1.468	  1.528
       1.472	  1.520
       1.476	  1.448
       1.480	  1.345
       1.484	  1.190
       1.488	  0.955
       1.492	  0.675
       1.496	  0.385
       1.500	  0.163
       1.504	  0.058
       1.508	  0.018
       1.512	 -0.018
       1.516	 -0.065
       1.520	 -0.155
       1.524	 -0.265
       1.528	 -0.375
       1.532	 -0.500
       1.536	 -0.635
       1.540	 -0.733
       1.544	 -0.765
       1.548	 -0.743
       1.552	 -0.690
       1.556	 -0.650
       1.560	 -0.618
       1.564	 -0.605
       1.568	 -0.593
       1.572	 -0.585
       1.576	 -0.578
       1.580	 -0.578
       1.584	 -0.570
       1.588	 -0.560
       1.592	 -0.547
       1.596	 -0.527
       1.600	 -0.507
       1.604	 -0.487
       1.608	 -0.468
       1.612	 -0.440
       1.616	 -0.403
       1.620	 -0.362
       1.624	 -0.325
       1.628	 -0.280
       1.632	 -0.245
       1.636	 -0.203
       1.640	 -0.163
       1.644	 -0.117
       1.648	 -0.077
       1.652	 -0.037
       1.656	  0.007
       1.660	  0.040
       1.664	  0.077
       1.668	  0.115
       1.672	  0.138
       1.676	  0.155
       1.680	  0.170
       1.684	  0.188
       1.688	  0.190
       1.692	  0.195
       1.696	  0.207
       1.700	  0.220
       1.704	  0.223
       1.708	  0.223
       1.712	  0.223
       1.716	  0.220
       1.720	  0.215
       1.724	  0.212
       1.728	  0.212
       1.732	  0.207
       1.736	  0.212
       1.740	  0.220
       1.744	  0.240
       1.748	  0.265
       1.752	  0.292
       1.756	  0.318
       1.760	  0.338
       1.764	  0.362
       1.768	  0.395
       1.772	  0.427
       1.776	  0.450
       1.780	  0.455
       1.784	  0.440
       1.788	  0.415
       1.792	  0.385
       1.796	  0.370
       1.800	  0.357
       1.804	  0.330
       1.808	  0.285
       1.812	  0.220
       1.816	  0.135
       1.820	  0.050
       1.824	 -0.028
       1.828	 -0.065
       1.832	 -0.092
       1.836	 -0.115
       1.840	 -0.130
       1.844	 -0.135
       1.848	 -0.135
       1.852	 -0.135
       1.856	 -0.142
       1.860	 -0.150
       1.864	 -0.155
       1.868	 -0.150
       1.872	 -0.147
       1.876	 -0.138
       1.880	 -0.130
       1.884	 -0.122
       1.888	 -0.122
       1.892	 -0.122
       1.896	 -0.115
       1.900	 -0.105
       1.904	 -0.098
       1.908	 -0.090
       1.912	 -0.077
       1.916	 -0.070
       1.920	 -0.065
       1.924	 -0.065
       1.928	 -0.058
       1.932	 -0.050
       1.936	 -0.050
       1.940	 -0.050
       1.944	 -0.033
       1.948	  0.013
       1.952	  0.077
       1.956	  0.195
       1.960	  0.385
       1.964	  0.635
       1.968	  0.895
       1.972	  1.105
       1.976	  1.260
       1.980	  1.357
       1.984	  1.430
       1.988	  1.455
       1.992	  1.410
       1.996	  1.320
       2.000	  1.202
       2.004	  1.032
       2.008	  0.780
       2.012	  0.505
       2.016	  0.235
       2.020	  0.050
       2.024	 -0.033
       2.028	 -0.052
       2.032	 -0.083
       2.036	 -0.147
       2.040	 -0.247
       2.044	 -0.345
       2.048	 -0.450
       2.052	 -0.573
       2.056	 -0.695
       2.060	 -0.765
       2.064	 -0.767
       2.068	 -0.733
       2.072	 -0.682
       2.076	 -0.642
       2.080	 -0.618
       2.084	 -0.605
       2.088	 -0.603
       2.092	 -0.598
       2.096	 -0.593
       2.100	 -0.585
       2.104	 -0.580
       2.108	 -0.573
       2.112	 -0.557
       2.116	 -0.540
       2.120	 -0.520
       2.124	 -0.500
       2.128	 -0.468
       2.132	 -0.443
       2.136	 -0.417
       2.140	 -0.390
       2.144	 -0.352
       2.148	 -0.318
       2.152	 -0.278
       2.156	 -0.235
       2.160	 -0.195
       2.164	 -0.147
       2.168	 -0.102
       2.172	 -0.065
       2.176	 -0.033
       2.180	  0.018
       2.184	  0.040
       2.188	  0.065
       2.192	  0.083
       2.196	  0.105
       2.200	  0.125
       2.204	  0.138
       2.208	  0.155
       2.212	  0.168
       2.216	  0.175
       2.220	  0.175
       2.224	  0.168
       2.228	  0.170
       2.232	  0.170
       2.236	  0.175
       2.240	  0.170
       2.244	  0.168
       2.248	  0.168
       2.252	  0.170
       2.256	  0.163
       2.260	  0.163
       2.264	  0.170
       2.268	  0.188
       2.272	  0.203
       2.276	  0.223
       2.280	  0.253
       2.284	  0.273
       2.288	  0.287
       2.292	  0.318
       2.296	  0.350
       2.300	  0.383
       2.304	  0.390
       2.308	  0.383
       2.312	  0.375
       2.316	  0.362
       2.320	  0.345
       2.324	  0.325
       2.328	  0.310
       2.332	  0.273
       2.336	  0.203
       2.340	  0.125
       2.344	  0.050
       2.348	 -0.037
       2.352	 -0.085
       2.356	 -0.122
       2.360	 -0.142
       2.364	 -0.150
       2.368	 -0.155
       2.372	 -0.168
       2.376	 -0.180
       2.380	 -0.188
       2.384	 -0.190
       2.388	 -0.188
       2.392	 -0.188
       2.396	 -0.180
       2.400	 -0.163
       2.404	 -0.155
       2.408	 -0.147
       2.412	 -0.138
       2.416	 -0.130
       2.420	 -0.122
       2.424	 -0.117
       2.428	 -0.110
       2.432	 -0.098
       2.436	 -0.077
       2.440	 -0.065
       2.444	 -0.058
       2.448	 -0.052
       2.452	 -0.050
       2.456	 -0.040
       2.460	 -0.033
       2.464	 -0.025
       2.468	  0.005
       2.472	  0.037
       2.476	  0.102
       2.480	  0.228
       2.484	  0.417
       2.488	  0.675
       2.492	  0.938
       2.496	  1.165
       2.500	  1.333
       2.504	  1.435
       2.508	  1.502
       2.512	  1.552
       2.516	  1.540
       2.520	  1.468
       2.524	  1.360
       2.528	  1.215
       2.532	  1.008
       2.536	  0.760
       2.540	  0.505
       2.544	  0.333
       2.548	  0.285
       2.552	  0.278
       2.556	  0.233
       2.560	  0.130
       2.564	 -0.033
       2.568	 -0.200
       2.572	 -0.362
       2.576	 -0.515
       2.580	 -0.657
       2.584	 -0.752
       2.588	 -0.772
       2.592	 -0.752
       2.596	 -0.708
       2.600	 -0.670
       2.604	 -0.655
       2.608	 -0.650
       2.612	 -0.642
       2.616	 -0.635
       2.620	 -0.635
       2.624	 -0.630
       2.628	 -0.623
       2.632	 -0.613
       2.636	 -0.603
       2.640	 -0.590
       2.644	 -0.573
       2.648	 -0.557
       2.652	 -0.527
       2.656	 -0.505
       2.660	 -0.468
       2.664	 -0.430
       2.668	 -0.390
       2.672	 -0.352
       2.676	 -0.312
       2.680	 -0.265
       2.684	 -0.215
       2.688	 -0.170
       2.692	 -0.130
       2.696	 -0.090
       2.700	 -0.040
       2.704	  0.005
       2.708	  0.033
       2.712	  0.065
       2.716	  0.092
       2.720	  0.115
       2.724	  0.130
       2.728	  0.155
       2.732	  0.163
       2.736	  0.175
       2.740	  0.180
       2.744	  0.182
       2.748	  0.188
       2.752	  0.190
       2.756	  0.190
       2.760	  0.190
       2.764	  0.188
       2.768	  0.188
       2.772	  0.170
       2.776	  0.163
       2.780	  0.158
       2.784	  0.158
       2.788	  0.158
       2.792	  0.170
       2.796	  0.190
       2.800	  0.220
       2.804	  0.240
       2.808	  0.253
       2.812	  0.268
       2.816	  0.287
       2.820	  0.318
       2.824	  0.343
       2.828	  0.375
       2.832	  0.390
       2.836	  0.385
       2.840	  0.370
       2.844	  0.357
       2.848	  0.343
       2.852	  0.333
       2.856	  0.318
       2.860	  0.280
       2.864	  0.220
       2.868	  0.142
       2.872	  0.052
       2.876	 -0.025
       2.880	 -0.060
       2.884	 -0.085
       2.888	 -0.105
       2.892	 -0.122
       2.896	 -0.130
       2.900	 -0.135
       2.904	 -0.135
       2.908	 -0.138
       2.912	 -0.135
       2.916	 -0.130
       2.920	 -0.125
       2.924	 -0.130
       2.928	 -0.125
       2.932	 -0.117
       2.936	 -0.105
       2.940	 -0.098
       2.944	 -0.090
       2.948	 -0.085
       2.952	 -0.083
       2.956	 -0.083
       2.960	 -0.072
       2.964	 -0.065
       2.968	 -0.060
       2.972	 -0.058
       2.976	 -0.052
       2.980	 -0.040
       2.984	 -0.033
       2.988	 -0.033
       2.992	 -0.025
       2.996	  0.005
       3.000	  0.045
       3.004	  0.115
       3.008	  0.240
       3.012	  0.448
       3.016	  0.710
       3.020	  0.983
       3.024	  1.202
       3.028	  1.370
       3.032	  1.475
       3.036	  1.560
       3.040	  1.587
       3.044	  1.560
       3.048	  1.480
       3.052	  1.360
       3.056	  1.165
       3.060	  0.897
       3.064	  0.590
       3.068	  0.305
       3.072	  0.122
       3.076	  0.052
       3.080	  0.037
       3.084	  0.013
       3.088	 -0.072
       3.092	 -0.188
       3.096	 -0.310
       3.100	 -0.440
       3.104	 -0.585
       3.108	 -0.720
       3.112	 -0.787
       3.116	 -0.787
       3.120	 -0.748
       3.124	 -0.703
       3.128	 -0.657
       3.132	 -0.637
       3.136	 -0.625
       3.140	 -0.623
       3.144	 -0.605
       3.148	 -0.605
       3.152	 -0.603
       3.156	 -0.603
       3.160	 -0.593
       3.164	 -0.578
       3.168	 -0.557
       3.172	 -0.545
       3.176	 -0.515
       3.180	 -0.482
       3.184	 -0.450
       3.188	 -0.417
       3.192	 -0.385
       3.196	 -0.345
       3.200	 -0.305
       3.204	 -0.268
       3.208	 -0.233
       3.212	 -0.188
       3.216	 -0.138
       3.220	 -0.085
       3.224	 -0.040
       3.228	  0.018
       3.232	  0.050
       3.236	  0.077
       3.240	  0.092
       3.244	  0.122
       3.248	  0.142
       3.252	  0.158
       3.256	  0.168
       3.260	  0.182
       3.264	  0.195
       3.268	  0.207
       3.272	  0.212
       3.276	  0.215
       3.280	  0.215
       3.284	  0.212
       3.288	  0.207
       3.292	  0.200
       3.296	  0.195
       3.300	  0.195
       3.304	  0.200
       3.308	  0.212
       3.312	  0.235
       3.316	  0.268
       3.320	  0.292
       3.324	  0.312
       3.328	  0.333
       3.332	  0.345
       3.336	  0.375
       3.340	  0.403
       3.344	  0.440
       3.348	  0.455
       3.352	  0.460
       3.356	  0.440
       3.360	  0.415
       3.364	  0.395
       3.368	  0.383
       3.372	  0.357
       3.376	  0.320
       3.380	  0.273
       3.384	  0.200
       3.388	  0.110
       3.392	  0.033
       3.396	 -0.028
       3.400	 -0.065
       3.404	 -0.083
       3.408	 -0.098
       3.412	 -0.105
       3.416	 -0.115
       3.420	 -0.122
       3.424	 -0.130
       3.428	 -0.130
       3.432	 -0.135
       3.436	 -0.130
       3.440	 -0.135
       3.444	 -0.130
       3.448	 -0.122
       3.452	 -0.105
       3.456	 -0.102
       3.460	 -0.090
       3.464	 -0.083
       3.468	 -0.070
       3.472	 -0.065
       3.476	 -0.058
       3.480	 -0.040
       3.484	 -0.033
       3.488	 -0.025
       3.492	 -0.018
       3.496	  0.005
       3.500	  0.013
       3.504	  0.018
       3.508	  0.018
       3.512	  0.028
       3.516	  0.058
       3.520	  0.092
       3.524	  0.163
       3.528	  0.305
       3.532	  0.512
       3.536	  0.767
       3.540	  1.035
       3.544	  1.240
       3.548	  1.377
       3.552	  1.475
       3.556	  1.540
       3.560	  1.560
       3.564	  1.512
       3.568	  1.425
       3.572	  1.308
       3.576	  1.130
       3.580	  0.895
       3.584	  0.625
       3.588	  0.362
       3.592	  0.190
       3.596	  0.122
       3.600	  0.090
       3.604	  0.045
       3.608	 -0.045
       3.612	 -0.147
       3.616	 -0.253
       3.620	 -0.365
       3.624	 -0.492
       3.628	 -0.603
       3.632	 -0.667
       3.636	 -0.667
       3.640	 -0.635
       3.644	 -0.585
       3.648	 -0.545
       3.652	 -0.520
       3.656	 -0.520
       3.660	 -0.507
       3.664	 -0.492
       3.668	 -0.482
       3.672	 -0.487
       3.676	 -0.482
       3.680	 -0.468
       3.684	 -0.450
       3.688	 -0.440
       3.692	 -0.417
       3.696	 -0.395
       3.700	 -0.362
       3.704	 -0.330
       3.708	 -0.297
       3.712	 -0.265
       3.716	 -0.223
       3.720	 -0.182
       3.724	 -0.142
       3.728	 -0.098
       3.732	 -0.052
       3.736	  0.000
       3.740	  0.028
       3.744	  0.070
       3.748	  0.110
       3.752	  0.142
       3.756	  0.168
       3.760	  0.195
       3.764	  0.215
       3.768	  0.233
       3.772	  0.245
       3.776	  0.253
       3.780	  0.260
       3.784	  0.268
       3.788	  0.273
       3.792	  0.273
       3.796	  0.278
       3.800	  0.280
       3.804	  0.280
       3.808	  0.278
       3.812	  0.273
       3.816	  0.265
       3.820	  0.255
       3.824	  0.253
       3.828	  0.260
       3.832	  0.278
       3.836	  0.300
       3.840	  0.325
       3.844	  0.357
       3.848	  0.383
       3.852	  0.398
       3.856	  0.415
       3.860	  0.443
       3.864	  0.480
       3.868	  0.495
       3.872	  0.482
       3.876	  0.463
       3.880	  0.443
       3.884	  0.435
       3.888	  0.410
       3.892	  0.390
       3.896	  0.362
       3.900	  0.310
       3.904	  0.228
       3.908	  0.138
       3.912	  0.060
       3.916	  0.013
       3.920	 -0.028
       3.924	 -0.052
       3.928	 -0.060
       3.932	 -0.065
       3.936	 -0.072
       3.940	 -0.083
       3.944	 -0.085
       3.948	 -0.090
       3.952	 -0.090
       3.956	 -0.092
       3.960	 -0.090
       3.964	 -0.085
       3.968	 -0.072
       3.972	 -0.065
       3.976	 -0.060
       3.980	 -0.058
       3.984	 -0.050
       3.988	 -0.040
       3.992	 -0.033
       3.996	 -0.018
       4.000	  0.007
       4.004	  0.020
       4.008	  0.025
       4.012	  0.028
       4.016	  0.037
       4.020	  0.045
       4.024	  0.045
       4.028	  0.052
       4.032	  0.065
       4.036	  0.098
       4.040	  0.142
       4.044	  0.215
       4.048	  0.352
       4.052	  0.560
       4.056	  0.818
       4.060	  1.073
       4.064	  1.288
       4.068	  1.438
       4.072	  1.528
       4.076	  1.593
       4.080	  1.620
       4.084	  1.585
       4.088	  1.495
       4.092	  1.383
       4.096	  1.198
       4.100	  0.955
       4.104	  0.662
       4.108	  0.398
       4.112	  0.253
       4.116	  0.220
       4.120	  0.220
       4.124	  0.200
       4.128	  0.125
       4.132	  0.007
       4.136	 -0.135
       4.140	 -0.280
       4.144	 -0.440
       4.148	 -0.590
       4.152	 -0.670
       4.156	 -0.677
       4.160	 -0.637
       4.164	 -0.580
       4.168	 -0.532
       4.172	 -0.507
       4.176	 -0.505
       4.180	 -0.507
       4.184	 -0.507
       4.188	 -0.507
       4.192	 -0.500
       4.196	 -0.482
       4.200	 -0.460
       4.204	 -0.448
       4.208	 -0.443
       4.212	 -0.422
       4.216	 -0.398
       4.220	 -0.378
       4.224	 -0.352
       4.228	 -0.320
       4.232	 -0.285
       4.236	 -0.247
       4.240	 -0.215
       4.244	 -0.180
       4.248	 -0.130
       4.252	 -0.072
       4.256	 -0.025
       4.260	  0.028
       4.264	  0.060
       4.268	  0.090
       4.272	  0.105
       4.276	  0.142
       4.280	  0.182
       4.284	  0.220
       4.288	  0.240
       4.292	  0.260
       4.296	  0.273
       4.300	  0.285
       4.304	  0.285
       4.308	  0.287
       4.312	  0.305
       4.316	  0.318
       4.320	  0.318
       4.324	  0.310
       4.328	  0.310
       4.332	  0.310
       4.336	  0.312
       4.340	  0.312
       4.344	  0.305
       4.348	  0.285
       4.352	  0.278
       4.356	  0.278
       4.360	  0.305
       4.364	  0.338
       4.368	  0.362
       4.372	  0.375
       4.376	  0.385
       4.380	  0.395
       4.384	  0.417
       4.388	  0.460
       4.392	  0.495
       4.396	  0.525
       4.400	  0.532
       4.404	  0.520
       4.408	  0.487
       4.412	  0.463
       4.416	  0.450
       4.420	  0.440
       4.424	  0.417
       4.428	  0.378
       4.432	  0.305
       4.436	  0.220
       4.440	  0.138
       4.444	  0.085
       4.448	  0.040
       4.452	  0.018
       4.456	 -0.020
       4.460	 -0.033
       4.464	 -0.037
       4.468	 -0.033
       4.472	 -0.037
       4.476	 -0.037
       4.480	 -0.040
       4.484	 -0.033
       4.488	 -0.037
       4.492	 -0.037
       4.496	 -0.028
       4.500	 -0.018
       4.504	  0.000
       4.508	  0.005
       4.512	  0.018
       4.516	  0.025
       4.520	  0.028
       4.524	  0.033
       4.528	  0.050
       4.532	  0.058
       4.536	  0.065
       4.540	  0.072
       4.544	  0.083
       4.548	  0.083
       4.552	  0.085
       4.556	  0.085
       4.560	  0.092
       4.564	  0.117
       4.568	  0.168
       4.572	  0.255
       4.576	  0.417
       4.580	  0.655
       4.584	  0.927
       4.588	  1.170
       4.592	  1.365
       4.596	  1.495
       4.600	  1.593
       4.604	  1.657
       4.608	  1.670
       4.612	  1.620
       4.616	  1.532
       4.620	  1.397
       4.624	  1.188
       4.628	  0.927
       4.632	  0.635
       4.636	  0.385
       4.640	  0.255
       4.644	  0.220
       4.648	  0.188
       4.652	  0.102
       4.656	 -0.050
       4.660	 -0.195
       4.664	 -0.330
       4.668	 -0.455
       4.672	 -0.590
       4.676	 -0.690
       4.680	 -0.728
       4.684	 -0.700
       4.688	 -0.650
       4.692	 -0.605
       4.696	 -0.580
       4.700	 -0.570
       4.704	 -0.565
       4.708	 -0.560
       4.712	 -0.552
       4.716	 -0.547
       4.720	 -0.547
       4.724	 -0.545
       4.728	 -0.520
       4.732	 -0.505
       4.736	 -0.492
       4.740	 -0.472
       4.744	 -0.448
       4.748	 -0.422
       4.752	 -0.390
       4.756	 -0.362
       4.760	 -0.325
       4.764	 -0.285
       4.768	 -0.245
       4.772	 -0.203
       4.776	 -0.163
       4.780	 -0.110
       4.784	 -0.065
       4.788	 -0.018
       4.792	  0.028
       4.796	  0.060
       4.800	  0.098
       4.804	  0.125
       4.808	  0.150
       4.812	  0.175
       4.816	  0.190
       4.820	  0.203
       4.824	  0.207
       4.828	  0.223
       4.832	  0.235
       4.836	  0.245
       4.840	  0.240
       4.844	  0.245
       4.848	  0.245
       4.852	  0.235
       4.856	  0.228
       4.860	  0.223
       4.864	  0.215
       4.868	  0.212
       4.872	  0.203
       4.876	  0.203
       4.880	  0.220
       4.884	  0.245
       4.888	  0.268
       4.892	  0.292
       4.896	  0.318
       4.900	  0.330
       4.904	  0.345
       4.908	  0.370
       4.912	  0.403
       4.916	  0.427
       4.920	  0.430
       4.924	  0.415
       4.928	  0.403
       4.932	  0.385
       4.936	  0.365
       4.940	  0.343
       4.944	  0.318
       4.948	  0.273
       4.952	  0.207
       4.956	  0.125
       4.960	  0.050
       4.964	 -0.020
       4.968	 -0.060
       4.972	 -0.090
       4.976	 -0.105
       4.980	 -0.122
       4.984	 -0.125
       4.988	 -0.130
       4.992	 -0.138
       4.996	 -0.138
       5.000	 -0.138
       5.004	 -0.138
       5.008	 -0.147
       5.012	 -0.142
       5.016	 -0.138
       5.020	 -0.130
       5.024	 -0.122
       5.028	 -0.110
       5.032	 -0.102
       5.036	 -0.090
       5.040	 -0.083
       5.044	 -0.072
       5.048	 -0.070
       5.052	 -0.065
       5.056	 -0.065
       5.060	 -0.060
       5.064	 -0.050
       5.068	 -0.040
       5.072	 -0.033
       5.076	 -0.033
       5.080	 -0.025
       5.084	  0.000
       5.088	  0.033
       5.092	  0.092
       5.096	  0.223
       5.100	  0.417
       5.104	  0.670
       5.108	  0.930
       5.112	  1.155
       5.116	  1.325
       5.120	  1.430
       5.124	  1.512
       5.128	  1.560
       5.132	  1.540
       5.136	  1.470
       5.140	  1.360
       5.144	  1.190
       5.148	  0.943
       5.152	  0.650
       5.156	  0.357
       5.160	  0.155
       5.164	  0.065
       5.168	  0.037
       5.172	 -0.013
       5.176	 -0.085
       5.180	 -0.188
       5.184	 -0.297
       5.188	 -0.422
       5.192	 -0.560
       5.196	 -0.690
       5.200	 -0.767
       5.204	 -0.775
       5.208	 -0.743
       5.212	 -0.688
       5.216	 -0.635
       5.220	 -0.610
       5.224	 -0.603
       5.228	 -0.590
       5.232	 -0.580
       5.236	 -0.580
       5.240	 -0.585
       5.244	 -0.578
       5.248	 -0.570
       5.252	 -0.557
       5.256	 -0.545
       5.260	 -0.520
       5.264	 -0.500
       5.268	 -0.472
       5.272	 -0.448
       5.276	 -0.422
       5.280	 -0.390
       5.284	 -0.352
       5.288	 -0.318
       5.292	 -0.278
       5.296	 -0.233
       5.300	 -0.182
       5.304	 -0.138
       5.308	 -0.102
       5.312	 -0.060
       5.316	 -0.020
       5.320	  0.025
       5.324	  0.058
       5.328	  0.090
       5.332	  0.110
       5.336	  0.125
       5.340	  0.138
       5.344	  0.158
       5.348	  0.168
       5.352	  0.180
       5.356	  0.188
       5.360	  0.190
       5.364	  0.195
       5.368	  0.203
       5.372	  0.200
       5.376	  0.195
       5.380	  0.190
       5.384	  0.190
       5.388	  0.188
       5.392	  0.180
       5.396	  0.182
       5.400	  0.203
       5.404	  0.228
       5.408	  0.255
       5.412	  0.287
       5.416	  0.310
       5.420	  0.325
       5.424	  0.345
       5.428	  0.385
       5.432	  0.417
       5.436	  0.443
       5.440	  0.440
       5.444	  0.427
       5.448	  0.403
       5.452	  0.385
       5.456	  0.370
       5.460	  0.352
       5.464	  0.320
       5.468	  0.278
       5.472	  0.200
       5.476	  0.115
       5.480	  0.037
       5.484	 -0.033
       5.488	 -0.072
       5.492	 -0.098
       5.496	 -0.115
       5.500	 -0.130
       5.504	 -0.142
       5.508	 -0.150
       5.512	 -0.155
       5.516	 -0.158
       5.520	 -0.163
       5.524	 -0.168
       5.528	 -0.158
       5.532	 -0.155
       5.536	 -0.147
       5.540	 -0.147
       5.544	 -0.138
       5.548	 -0.130
       5.552	 -0.122
       5.556	 -0.117
       5.560	 -0.110
       5.564	 -0.102
       5.568	 -0.090
       5.572	 -0.083
       5.576	 -0.070
       5.580	 -0.058
       5.584	 -0.050
       5.588	 -0.052
       5.592	 -0.058
       5.596	 -0.058
       5.600	 -0.045
       5.604	 -0.018
       5.608	  0.033
       5.612	  0.105
       5.616	  0.235
       5.620	  0.427
       5.624	  0.688
       5.628	  0.943
       5.632	  1.150
       5.636	  1.308
       5.640	  1.403
       5.644	  1.480
       5.648	  1.508
       5.652	  1.468
       5.656	  1.377
       5.660	  1.268
       5.664	  1.097
       5.668	  0.877
       5.672	  0.613
       5.676	  0.343
       5.680	  0.158
       5.684	  0.077
       5.688	  0.037
       5.692	 -0.020
       5.696	 -0.092
       5.700	 -0.195
       5.704	 -0.305
       5.708	 -0.415
       5.712	 -0.532
       5.716	 -0.642
       5.720	 -0.710
       5.724	 -0.715
       5.728	 -0.677
       5.732	 -0.630
       5.736	 -0.585
       5.740	 -0.570
       5.744	 -0.557
       5.748	 -0.552
       5.752	 -0.540
       5.756	 -0.540
       5.760	 -0.537
       5.764	 -0.537
       5.768	 -0.520
       5.772	 -0.512
       5.776	 -0.495
       5.780	 -0.475
       5.784	 -0.448
       5.788	 -0.422
       5.792	 -0.395
       5.796	 -0.362
       5.800	 -0.325
       5.804	 -0.285
       5.808	 -0.247
       5.812	 -0.203
       5.816	 -0.163
       5.820	 -0.122
       5.824	 -0.077
       5.828	 -0.028
       5.832	  0.028
       5.836	  0.070
       5.840	  0.102
       5.844	  0.130
       5.848	  0.158
       5.852	  0.175
       5.856	  0.188
       5.860	  0.203
       5.864	  0.215
       5.868	  0.223
       5.872	  0.223
       5.876	  0.228
       5.880	  0.235
       5.884	  0.235
       5.888	  0.233
       5.892	  0.223
       5.896	  0.220
       5.900	  0.220
       5.904	  0.215
       5.908	  0.207
       5.912	  0.203
       5.916	  0.200
       5.920	  0.212
       5.924	  0.223
       5.928	  0.253
       5.932	  0.280
       5.936	  0.305
       5.940	  0.318
       5.944	  0.333
       5.948	  0.362
       5.952	  0.398
       5.956	  0.422
       5.960	  0.435
       5.964	  0.422
       5.968	  0.403
       5.972	  0.375
       5.976	  0.357
       5.980	  0.350
       5.984	  0.333
       5.988	  0.292
       5.992	  0.228
       5.996	  0.147
       6.000	  0.065
       6.004	  0.000
       6.008	 -0.052
       6.012	 -0.072
       6.016	 -0.090
       6.020	 -0.102
       6.024	 -0.117
       6.028	 -0.122
       6.032	 -0.130
       6.036	 -0.130
       6.040	 -0.130
       6.044	 -0.125
       6.048	 -0.125
       6.052	 -0.122
       6.056	 -0.117
       6.060	 -0.115
       6.064	 -0.105
       6.068	 -0.098
       6.072	 -0.098
       6.076	 -0.083
       6.080	 -0.060
       6.084	 -0.050
       6.088	 -0.050
       6.092	 -0.050
       6.096	 -0.037
       6.100	 -0.025
       6.104	 -0.018
       6.108	 -0.018
       6.112	  0.005
       6.116	  0.018
       6.120	  0.033
       6.124	  0.052
       6.128	  0.092
       6.132	  0.147
       6.136	  0.255
       6.140	  0.435
       6.144	  0.677
       6.148	  0.955
       6.152	  1.198
       6.156	  1.373
       6.160	  1.482
       6.164	  1.560
       6.168	  1.600
       6.172	  1.577
       6.176	  1.512
       6.180	  1.423
       6.184	  1.275
       6.188	  1.052
       6.192	  0.787
       6.196	  0.520
       6.200	  0.320
       6.204	  0.247
       6.208	  0.240
       6.212	  0.233
       6.216	  0.175
       6.220	  0.052
       6.224	 -0.115
       6.228	 -0.268
       6.232	 -0.430
       6.236	 -0.585
       6.240	 -0.695
       6.244	 -0.723
       6.248	 -0.703
       6.252	 -0.667
       6.256	 -0.635
       6.260	 -0.610
       6.264	 -0.598
       6.268	 -0.593
       6.272	 -0.585
       6.276	 -0.578
       6.280	 -0.570
       6.284	 -0.560
       6.288	 -0.560
       6.292	 -0.557
       6.296	 -0.547
       6.300	 -0.532
       6.304	 -0.520
       6.308	 -0.495
       6.312	 -0.463
       6.316	 -0.427
       6.320	 -0.385
       6.324	 -0.350
       6.328	 -0.312
       6.332	 -0.285
       6.336	 -0.255
       6.340	 -0.220
       6.344	 -0.168
       6.348	 -0.122
       6.352	 -0.072
       6.356	 -0.033
       6.360	  0.018
       6.364	  0.058
       6.368	  0.090
       6.372	  0.117
       6.376	  0.142
       6.380	  0.158
       6.384	  0.180
       6.388	  0.188
       6.392	  0.190
       6.396	  0.203
       6.400	  0.220
       6.404	  0.223
       6.408	  0.223
       6.412	  0.223
       6.416	  0.223
       6.420	  0.223
       6.424	  0.220
       6.428	  0.220
       6.432	  0.215
       6.436	  0.215
       6.440	  0.212
       6.444	  0.212
       6.448	  0.212
       6.452	  0.223
       6.456	  0.235
       6.460	  0.260
       6.464	  0.287
       6.468	  0.305
       6.472	  0.312
       6.476	  0.333
       6.480	  0.365
       6.484	  0.403
       6.488	  0.422
       6.492	  0.430
       6.496	  0.415
       6.500	  0.398
       6.504	  0.378
       6.508	  0.357
       6.512	  0.345
       6.516	  0.320
       6.520	  0.268
       6.524	  0.180
       6.528	  0.102
       6.532	  0.025
       6.536	 -0.040
       6.540	 -0.085
       6.544	 -0.110
       6.548	 -0.130
       6.552	 -0.138
       6.556	 -0.155
       6.560	 -0.163
       6.564	 -0.168
       6.568	 -0.168
       6.572	 -0.163
       6.576	 -0.158
       6.580	 -0.147
       6.584	 -0.142
       6.588	 -0.138
       6.592	 -0.122
       6.596	 -0.117
       6.600	 -0.105
       6.604	 -0.102
       6.608	 -0.102
       6.612	 -0.098
       6.616	 -0.085
       6.620	 -0.083
       6.624	 -0.083
       6.628	 -0.072
       6.632	 -0.070
       6.636	 -0.065
       6.640	 -0.065
       6.644	 -0.052
       6.648	 -0.045
       6.652	 -0.028
       6.656	  0.007
       6.660	  0.065
       6.664	  0.175
       6.668	  0.352
       6.672	  0.593
       6.676	  0.865
       6.680	  1.113
       6.684	  1.300
       6.688	  1.423
       6.692	  1.508
       6.696	  1.567
       6.700	  1.560
       6.704	  1.495
       6.708	  1.383
       6.712	  1.228
       6.716	  0.995
       6.720	  0.703
       6.724	  0.390
       6.728	  0.158
       6.732	  0.050
       6.736	  0.013
       6.740	 -0.040
       6.744	 -0.110
       6.748	 -0.223
       6.752	 -0.333
       6.756	 -0.443
       6.760	 -0.570
       6.764	 -0.695
       6.768	 -0.787
       6.772	 -0.818
       6.776	 -0.785
       6.780	 -0.733
       6.784	 -0.677
       6.788	 -0.657
       6.792	 -0.657
       6.796	 -0.655
       6.800	 -0.650
       6.804	 -0.650
       6.808	 -0.650
       6.812	 -0.642
       6.816	 -0.630
       6.820	 -0.623
       6.824	 -0.613
       6.828	 -0.603
       6.832	 -0.580
       6.836	 -0.557
       6.840	 -0.527
       6.844	 -0.495
       6.848	 -0.460
       6.852	 -0.422
       6.856	 -0.390
       6.860	 -0.350
       6.864	 -0.305
       6.868	 -0.255
       6.872	 -0.220
       6.876	 -0.182
       6.880	 -0.135
       6.884	 -0.090
       6.888	 -0.050
       6.892	 -0.018
       6.896	  0.025
       6.900	  0.050
       6.904	  0.070
       6.908	  0.083
       6.912	  0.098
       6.916	  0.115
       6.920	  0.122
       6.924	  0.117
       6.928	  0.125
       6.932	  0.125
       6.936	  0.130
       6.940	  0.125
       6.944	  0.125
       6.948	  0.125
       6.952	  0.122
       6.956	  0.110
       6.960	  0.110
       6.964	  0.110
       6.968	  0.115
       6.972	  0.122
       6.976	  0.138
       6.980	  0.158
       6.984	  0.182
       6.988	  0.200
       6.992	  0.212
       6.996	  0.228
       7.000	  0.255
       7.004	  0.287
       7.008	  0.310
       7.012	  0.330
       7.016	  0.325
       7.020	  0.310
       7.024	  0.280
       7.028	  0.260
       7.032	  0.247
       7.036	  0.235
       7.040	  0.203
       7.044	  0.147
       7.048	  0.065
       7.052	 -0.028
       7.056	 -0.098
       7.060	 -0.147
       7.064	 -0.175
       7.068	 -0.190
       7.072	 -0.212
       7.076	 -0.228
       7.080	 -0.233
       7.084	 -0.235
       7.088	 -0.235
       7.092	 -0.240
       7.096	 -0.235
       7.100	 -0.233
       7.104	 -0.228
       7.108	 -0.228
       7.112	 -0.215
       7.116	 -0.203
       7.120	 -0.195
       7.124	 -0.190
       7.128	 -0.182
       7.132	 -0.180
       7.136	 -0.175
       7.140	 -0.170
       7.144	 -0.163
       7.148	 -0.158
       7.152	 -0.150
       7.156	 -0.147
       7.160	 -0.135
       7.164	 -0.117
       7.168	 -0.105
       7.172	 -0.110
       7.176	 -0.102
       7.180	 -0.072
       7.184	 -0.020
       7.188	  0.090
       7.192	  0.255
       7.196	  0.487
       7.200	  0.752
       7.204	  0.995
       7.208	  1.177
       7.212	  1.305
       7.216	  1.393
       7.220	  1.450
       7.224	  1.438
       7.228	  1.373
       7.232	  1.275
       7.236	  1.130
       7.240	  0.905
       7.244	  0.642
       7.248	  0.357
       7.252	  0.125
       7.256	  0.000
       7.260	 -0.052
       7.264	 -0.090
       7.268	 -0.147
       7.272	 -0.247
       7.276	 -0.362
       7.280	 -0.480
       7.284	 -0.610
       7.288	 -0.743
       7.292	 -0.840
       7.296	 -0.863
       7.300	 -0.838
       7.304	 -0.787
       7.308	 -0.743
       7.312	 -0.708
       7.316	 -0.695
       7.320	 -0.690
       7.324	 -0.690
       7.328	 -0.677
       7.332	 -0.675
       7.336	 -0.675
       7.340	 -0.670
       7.344	 -0.657
       7.348	 -0.650
       7.352	 -0.625
       7.356	 -0.610
       7.360	 -0.585
       7.364	 -0.560
       7.368	 -0.532
       7.372	 -0.505
       7.376	 -0.463
       7.380	 -0.422
       7.384	 -0.378
       7.388	 -0.338
       7.392	 -0.305
       7.396	 -0.268
       7.400	 -0.228
       7.404	 -0.175
       7.408	 -0.130
       7.412	 -0.090
       7.416	 -0.060
       7.420	 -0.037
       7.424	 -0.020
       7.428	  0.018
       7.432	  0.033
       7.436	  0.045
       7.440	  0.050
       7.444	  0.060
       7.448	  0.070
       7.452	  0.077
       7.456	  0.077
       7.460	  0.085
       7.464	  0.090
       7.468	  0.092
       7.472	  0.090
       7.476	  0.090
       7.480	  0.090
       7.484	  0.085
       7.488	  0.083
       7.492	  0.090
       7.496	  0.110
       7.500	  0.142
       7.504	  0.175
       7.508	  0.195
       7.512	  0.212
       7.516	  0.228
       7.520	  0.255
       7.524	  0.287
       7.528	  0.318
       7.532	  0.325
       7.536	  0.310
       7.540	  0.280
       7.544	  0.260
       7.548	  0.240
       7.552	  0.223
       7.556	  0.195
       7.560	  0.158
       7.564	  0.092
       7.568	  0.018
       7.572	 -0.085
       7.576	 -0.158
       7.580	 -0.203
       7.584	 -0.233
       7.588	 -0.255
       7.592	 -0.278
       7.596	 -0.287
       7.600	 -0.292
       7.604	 -0.300
       7.608	 -0.300
       7.612	 -0.300
       7.616	 -0.300
       7.620	 -0.305
       7.624	 -0.310
       7.628	 -0.300
       7.632	 -0.300
       7.636	 -0.292
       7.640	 -0.292
       7.644	 -0.280
       7.648	 -0.265
       7.652	 -0.253
       7.656	 -0.247
       7.660	 -0.245
       7.664	 -0.235
       7.668	 -0.228
       7.672	 -0.223
       7.676	 -0.215
       7.680	 -0.212
       7.684	 -0.207
       7.688	 -0.200
       7.692	 -0.190
       7.696	 -0.168
       7.700	 -0.130
       7.704	 -0.077
       7.708	  0.045
       7.712	  0.233
       7.716	  0.472
       7.720	  0.755
       7.724	  0.975
       7.728	  1.110
       7.732	  1.208
       7.736	  1.280
       7.740	  1.312
       7.744	  1.295
       7.748	  1.220
       7.752	  1.113
       7.756	  0.950
       7.760	  0.728
       7.764	  0.463
       7.768	  0.200
       7.772	  0.000
       7.776	 -0.102
       7.780	 -0.115
       7.784	 -0.115
       7.788	 -0.155
       7.792	 -0.247
       7.796	 -0.365
       7.800	 -0.495
       7.804	 -0.637
       7.808	 -0.780
       7.812	 -0.873
       7.816	 -0.897
       7.820	 -0.865
       7.824	 -0.805
       7.828	 -0.752
       7.832	 -0.723
       7.836	 -0.715
       7.840	 -0.708
       7.844	 -0.700
       7.848	 -0.695
       7.852	 -0.688
       7.856	 -0.688
       7.860	 -0.675
       7.864	 -0.657
       7.868	 -0.635
       7.872	 -0.613
       7.876	 -0.590
       7.880	 -0.565
       7.884	 -0.537
       7.888	 -0.507
       7.892	 -0.472
       7.896	 -0.430
       7.900	 -0.390
       7.904	 -0.350
       7.908	 -0.310
       7.912	 -0.260
       7.916	 -0.215
       7.920	 -0.175
       7.924	 -0.130
       7.928	 -0.077
       7.932	 -0.037
       7.936	  0.007
       7.940	  0.028
       7.944	  0.050
       7.948	  0.060
       7.952	  0.072
       7.956	  0.090
       7.960	  0.110
       7.964	  0.115
       7.968	  0.130
       7.972	  0.125
       7.976	  0.125
       7.980	  0.130
       7.984	  0.138
       7.988	  0.142
       7.992	  0.138
       7.996	  0.130
       8.000	  0.125
       8.004	  0.122
       8.008	  0.115
       8.012	  0.105
       8.016	  0.105
       8.020	  0.115
       8.024	  0.125
       8.028	  0.155
       8.032	  0.175
       8.036	  0.190
       8.040	  0.203
       8.044	  0.223
       8.048	  0.253
       8.052	  0.280
       8.056	  0.305
       8.060	  0.320
       8.064	  0.325
       8.068	  0.318
       8.072	  0.287
       8.076	  0.268
       8.080	  0.260
       8.084	  0.245
       8.088	  0.212
       8.092	  0.155
       8.096	  0.077
       8.100	  0.000
       8.104	 -0.090
       8.108	 -0.150
       8.112	 -0.182
       8.116	 -0.203
       8.120	 -0.220
       8.124	 -0.228
       8.128	 -0.220
       8.132	 -0.215
       8.136	 -0.215
       8.140	 -0.215
       8.144	 -0.223
       8.148	 -0.235
       8.152	 -0.235
       8.156	 -0.240
       8.160	 -0.235
       8.164	 -0.228
       8.168	 -0.207
       8.172	 -0.195
       8.176	 -0.188
       8.180	 -0.180
       8.184	 -0.182
       8.188	 -0.188
       8.192	 -0.188
       8.196	 -0.180
       8.200	 -0.163
       8.204	 -0.155
       8.208	 -0.163
       8.212	 -0.158
       8.216	 -0.158
       8.220	 -0.158
       8.224	 -0.142
       8.228	 -0.098
       8.232	 -0.033
       8.236	  0.102
       8.240	  0.292
       8.244	  0.545
       8.248	  0.812
       8.252	  1.040
       8.256	  1.208
       8.260	  1.325
       8.264	  1.415
       8.268	  1.462
       8.272	  1.442
       8.276	  1.383
       8.280	  1.295
       8.284	  1.150
       8.288	  0.930
       8.292	  0.657
       8.296	  0.390
       8.300	  0.212
       8.304	  0.147
       8.308	  0.122
       8.312	  0.077
       8.316	 -0.037
       8.320	 -0.188
       8.324	 -0.350
       8.328	 -0.495
       8.332	 -0.650
       8.336	 -0.787
       8.340	 -0.870
       8.344	 -0.873
       8.348	 -0.833
       8.352	 -0.787
       8.356	 -0.765
       8.360	 -0.743
       8.364	 -0.733
       8.368	 -0.720
       8.372	 -0.710
       8.376	 -0.708
       8.380	 -0.710
       8.384	 -0.703
       8.388	 -0.700
       8.392	 -0.682
       8.396	 -0.667
       8.400	 -0.642
       8.404	 -0.618
       8.408	 -0.593
       8.412	 -0.565
       8.416	 -0.527
       8.420	 -0.492
       8.424	 -0.455
       8.428	 -0.403
       8.432	 -0.357
       8.436	 -0.310
       8.440	 -0.268
       8.444	 -0.223
       8.448	 -0.180
       8.452	 -0.138
       8.456	 -0.102
       8.460	 -0.065
       8.464	 -0.028
       8.468	  0.018
       8.472	  0.037
       8.476	  0.058
       8.480	  0.072
       8.484	  0.092
       8.488	  0.105
       8.492	  0.115
       8.496	  0.122
       8.500	  0.130
       8.504	  0.135
       8.508	  0.130
       8.512	  0.135
       8.516	  0.130
       8.520	  0.125
       8.524	  0.117
       8.528	  0.117
       8.532	  0.115
       8.536	  0.110
       8.540	  0.102
       8.544	  0.110
       8.548	  0.122
       8.552	  0.147
       8.556	  0.170
       8.560	  0.195
       8.564	  0.220
       8.568	  0.235
       8.572	  0.255
       8.576	  0.292
       8.580	  0.325
       8.584	  0.352
       8.588	  0.352
       8.592	  0.338
       8.596	  0.320
       8.600	  0.305
       8.604	  0.287
       8.608	  0.268
       8.612	  0.247
       8.616	  0.195
       8.620	  0.125
       8.624	  0.037
       8.628	 -0.040
       8.632	 -0.098
       8.636	 -0.130
       8.640	 -0.163
       8.644	 -0.180
       8.648	 -0.190
       8.652	 -0.203
       8.656	 -0.220
       8.660	 -0.223
       8.664	 -0.223
       8.668	 -0.212
       8.672	 -0.212
       8.676	 -0.200
       8.680	 -0.195
       8.684	 -0.190
       8.688	 -0.188
       8.692	 -0.182
       8.696	 -0.170
       8.700	 -0.155
       8.704	 -0.147
       8.708	 -0.147
       8.712	 -0.142
       8.716	 -0.142
       8.720	 -0.138
       8.724	 -0.138
       8.728	 -0.130
       8.732	 -0.125
       8.736	 -0.117
       8.740	 -0.117
       8.744	 -0.105
       8.748	 -0.092
       8.752	 -0.060
       8.756	 -0.018
       8.760	  0.083
       8.764	  0.240
       8.768	  0.480
       8.772	  0.733
       8.776	  0.975
       8.780	  1.177
       8.784	  1.317
       8.788	  1.415
       8.792	  1.488
       8.796	  1.508
       8.800	  1.458
       8.804	  1.370
       8.808	  1.235
       8.812	  1.028
       8.816	  0.715
       8.820	  0.415
       8.824	  0.182
       8.828	  0.040
       8.832	 -0.018
       8.836	 -0.045
       8.840	 -0.105
       8.844	 -0.190
       8.848	 -0.310
       8.852	 -0.422
       8.856	 -0.557
       8.860	 -0.703
       8.864	 -0.818
       8.868	 -0.865
       8.872	 -0.853
       8.876	 -0.805
       8.880	 -0.752
       8.884	 -0.715
       8.888	 -0.700
       8.892	 -0.695
       8.896	 -0.688
       8.900	 -0.677
       8.904	 -0.675
       8.908	 -0.675
       8.912	 -0.667
       8.916	 -0.655
       8.920	 -0.642
       8.924	 -0.625
       8.928	 -0.603
       8.932	 -0.578
       8.936	 -0.547
       8.940	 -0.520
       8.944	 -0.482
       8.948	 -0.443
       8.952	 -0.407
       8.956	 -0.370
       8.960	 -0.325
       8.964	 -0.280
       8.968	 -0.233
       8.972	 -0.190
       8.976	 -0.155
       8.980	 -0.110
       8.984	 -0.065
       8.988	 -0.028
       8.992	  0.013
       8.996	  0.045
       9.000	  0.065
       9.004	  0.083
       9.008	  0.090
       9.012	  0.105
       9.016	  0.117
       9.020	  0.122
       9.024	  0.122
       9.028	  0.122
       9.032	  0.122
       9.036	  0.130
       9.040	  0.130
       9.044	  0.135
       9.048	  0.125
       9.052	  0.122
       9.056	  0.110
       9.060	  0.110
       9.064	  0.115
       9.068	  0.125
       9.072	  0.142
       9.076	  0.168
       9.080	  0.200
       9.084	  0.228
       9.088	  0.247
       9.092	  0.278
       9.096	  0.318
       9.100	  0.352
       9.104	  0.375
       9.108	  0.365
       9.112	  0.350
       9.116	  0.320
       9.120	  0.300
       9.124	  0.278
       9.128	  0.260
       9.132	  0.228
       9.136	  0.180
       9.140	  0.102
       9.144	  0.018
       9.148	 -0.070
       9.152	 -0.125
       9.156	 -0.168
       9.160	 -0.190
       9.164	 -0.200
       9.168	 -0.200
       9.172	 -0.200
       9.176	 -0.195
       9.180	 -0.190
       9.184	 -0.190
       9.188	 -0.195
       9.192	 -0.195
       9.196	 -0.200
       9.200	 -0.195
       9.204	 -0.188
       9.208	 -0.188
       9.212	 -0.175
       9.216	 -0.163
       9.220	 -0.155
       9.224	 -0.150
       9.228	 -0.138
       9.232	 -0.135
       9.236	 -0.130
       9.240	 -0.130
       9.244	 -0.122
       9.248	 -0.117
       9.252	 -0.105
       9.256	 -0.098
       9.260	 -0.083
       9.264	 -0.065
       9.268	 -0.052
       9.272	 -0.037
       9.276	  0.018
       9.280	  0.098
       9.284	  0.247
       9.288	  0.455
       9.292	  0.708
       9.296	  0.955
       9.300	  1.150
       9.304	  1.280
       9.308	  1.365
       9.312	  1.430
       9.316	  1.435
       9.320	  1.373
       9.324	  1.275
       9.328	  1.155
       9.332	  0.963
       9.336	  0.710
       9.340	  0.435
       9.344	  0.195
       9.348	  0.050
       9.352	 -0.020
       9.356	 -0.060
       9.360	 -0.117
       9.364	 -0.212
       9.368	 -0.320
       9.372	 -0.435
       9.376	 -0.547
       9.380	 -0.657
       9.384	 -0.752
       9.388	 -0.785
       9.392	 -0.767
       9.396	 -0.720
       9.400	 -0.670
       9.404	 -0.642
       9.408	 -0.635
       9.412	 -0.625
       9.416	 -0.623
       9.420	 -0.613
       9.424	 -0.610
       9.428	 -0.598
       9.432	 -0.590
       9.436	 -0.578
       9.440	 -0.573
       9.444	 -0.557
       9.448	 -0.537
       9.452	 -0.512
       9.456	 -0.492
       9.460	 -0.463
       9.464	 -0.430
       9.468	 -0.390
       9.472	 -0.362
       9.476	 -0.320
       9.480	 -0.280
       9.484	 -0.235
       9.488	 -0.200
       9.492	 -0.158
       9.496	 -0.117
       9.500	 -0.077
       9.504	 -0.037
       9.508	  0.005
       9.512	  0.033
       9.516	  0.058
       9.520	  0.070
       9.524	  0.077
       9.528	  0.090
       9.532	  0.098
       9.536	  0.110
       9.540	  0.117
       9.544	  0.125
       9.548	  0.130
       9.552	  0.130
       9.556	  0.125
       9.560	  0.122
       9.564	  0.115
       9.568	  0.117
       9.572	  0.110
       9.576	  0.102
       9.580	  0.098
       9.584	  0.098
       9.588	  0.110
       9.592	  0.130
       9.596	  0.158
       9.600	  0.190
       9.604	  0.220
       9.608	  0.233
       9.612	  0.253
       9.616	  0.280
       9.620	  0.318
       9.624	  0.338
       9.628	  0.350
       9.632	  0.338
       9.636	  0.318
       9.640	  0.300
       9.644	  0.287
       9.648	  0.273
       9.652	  0.260
       9.656	  0.223
       9.660	  0.163
       9.664	  0.077
       9.668	 -0.025
       9.672	 -0.098
       9.676	 -0.138
       9.680	 -0.168
       9.684	 -0.182
       9.688	 -0.207
       9.692	 -0.228
       9.696	 -0.235
       9.700	 -0.235
       9.704	 -0.235
       9.708	 -0.235
       9.712	 -0.233
       9.716	 -0.223
       9.720	 -0.220
       9.724	 -0.223
       9.728	 -0.220
       9.732	 -0.212
       9.736	 -0.200
       9.740	 -0.195
       9.744	 -0.175
       9.748	 -0.158
       9.752	 -0.138
       9.756	 -0.130
       9.760	 -0.117
       9.764	 -0.110
       9.768	 -0.105
       9.772	 -0.105
       9.776	 -0.105
       9.780	 -0.102
       9.784	 -0.085
       9.788	 -0.072
       9.792	 -0.052
       9.796	 -0.020
       9.800	  0.052
       9.804	  0.170
       9.808	  0.357
       9.812	  0.613
       9.816	  0.877
       9.820	  1.105
       9.824	  1.272
       9.828	  1.385
       9.832	  1.458
       9.836	  1.508
       9.840	  1.488
       9.844	  1.417
       9.848	  1.312
       9.852	  1.163
       9.856	  0.943
       9.860	  0.682
       9.864	  0.417
       9.868	  0.233
       9.872	  0.158
       9.876	  0.142
       9.880	  0.130
       9.884	  0.065
       9.888	 -0.060
       9.892	 -0.195
       9.896	 -0.333
       9.900	 -0.480
       9.904	 -0.642
       9.908	 -0.767
       9.912	 -0.805
       9.916	 -0.787
       9.920	 -0.740
       9.924	 -0.690
       9.928	 -0.650
       9.932	 -0.637
       9.936	 -0.635
       9.940	 -0.635
       9.944	 -0.635
       9.948	 -0.637
       9.952	 -0.635
       9.956	 -0.630
       9.960	 -0.613
       9.964	 -0.598
       9.968	 -0.578
       9.972	 -0.560
       9.976	 -0.545
       9.980	 -0.507
       9.984	 -0.472
       9.988	 -0.448
       9.992	 -0.417
       9.996	 -0.383
