Elapsed_time	ECG
       0.000	  1.205
       0.004	  1.530
       0.008	  1.845
       0.012	  2.070
       0.016	  2.243
       0.020	  2.220
       0.024	  1.917
       0.028	  1.288
       0.032	  0.647
       0.036	  0.198
       0.040	 -0.055
       0.044	 -0.122
       0.048	 -0.133
       0.052	 -0.180
       0.056	 -0.233
       0.060	 -0.230
       0.064	 -0.195
       0.068	 -0.203
       0.072	 -0.240
       0.076	 -0.247
       0.080	 -0.225
       0.084	 -0.223
       0.088	 -0.250
       0.092	 -0.255
       0.096	 -0.242
       0.100	 -0.240
       0.104	 -0.258
       0.108	 -0.265
       0.112	 -0.260
       0.116	 -0.253
       0.120	 -0.258
       0.124	 -0.265
       0.128	 -0.268
       0.132	 -0.265
       0.136	 -0.270
       0.140	 -0.280
       0.144	 -0.282
       0.148	 -0.275
       0.152	 -0.280
       0.156	 -0.282
       0.160	 -0.287
       0.164	 -0.287
       0.168	 -0.290
       0.172	 -0.292
       0.176	 -0.295
       0.180	 -0.297
       0.184	 -0.297
       0.188	 -0.302
       0.192	 -0.302
       0.196	 -0.302
       0.200	 -0.305
       0.204	 -0.310
       0.208	 -0.310
       0.212	 -0.318
       0.216	 -0.315
       0.220	 -0.318
       0.224	 -0.320
       0.228	 -0.325
       0.232	 -0.325
       0.236	 -0.328
       0.240	 -0.328
       0.244	 -0.330
       0.248	 -0.333
       0.252	 -0.335
       0.256	 -0.333
       0.260	 -0.333
       0.264	 -0.330
       0.268	 -0.323
       0.272	 -0.320
       0.276	 -0.312
       0.280	 -0.302
       0.284	 -0.290
       0.288	 -0.280
       0.292	 -0.265
       0.296	 -0.253
       0.300	 -0.237
       0.304	 -0.215
       0.308	 -0.193
       0.312	 -0.172
       0.316	 -0.152
       0.320	 -0.135
       0.324	 -0.110
       0.328	 -0.085
       0.332	 -0.055
       0.336	 -0.030
       0.340	  0.005
       0.344	  0.020
       0.348	  0.037
       0.352	  0.050
       0.356	  0.060
       0.360	  0.068
       0.364	  0.077
       0.368	  0.083
       0.372	  0.087
       0.376	  0.085
       0.380	  0.085
       0.384	  0.083
       0.388	  0.077
       0.392	  0.070
       0.396	  0.068
       0.400	  0.065
       0.404	  0.060
       0.408	  0.060
       0.412	  0.058
       0.416	  0.055
       0.420	  0.055
       0.424	  0.050
       0.428	  0.045
       0.432	  0.043
       0.436	  0.040
       0.440	  0.043
       0.444	  0.043
       0.448	  0.048
       0.452	  0.048
       0.456	  0.048
       0.460	  0.040
       0.464	  0.040
       0.468	  0.040
       0.472	  0.040
       0.476	  0.043
       0.480	  0.045
       0.484	  0.045
       0.488	  0.040
       0.492	  0.040
       0.496	  0.040
       0.500	  0.040
       0.504	  0.040
       0.508	  0.040
       0.512	  0.037
       0.516	  0.043
       0.520	  0.223
       0.524	  0.113
       0.528	  0.045
       0.532	  0.025
       0.536	 -0.025
       0.540	  0.000
       0.544	  0.040
       0.548	  0.045
       0.552	  0.018
       0.556	  0.018
       0.560	  0.043
       0.564	  0.055
       0.568	  0.040
       0.572	  0.045
       0.576	  0.070
       0.580	  0.083
       0.584	  0.077
       0.588	  0.068
       0.592	  0.077
       0.596	  0.095
       0.600	  0.098
       0.604	  0.100
       0.608	  0.117
       0.612	  0.130
       0.616	  0.147
       0.620	  0.150
       0.624	  0.142
       0.628	  0.130
       0.632	  0.117
       0.636	  0.098
       0.640	  0.090
       0.644	  0.077
       0.648	  0.060
       0.652	  0.043
       0.656	  0.028
       0.660	  0.018
       0.664	  0.018
       0.668	  0.018
       0.672	  0.018
       0.676	  0.015
       0.680	  0.018
       0.684	  0.013
       0.688	  0.005
       0.692	  0.003
       0.696	  0.010
       0.700	  0.013
       0.704	  0.010
       0.708	  0.015
       0.712	  0.007
       0.716	 -0.020
       0.720	 -0.050
       0.724	 -0.080
       0.728	 -0.105
       0.732	 -0.092
       0.736	 -0.040
       0.740	  0.130
       0.744	  0.393
       0.748	  0.680
       0.752	  0.970
       0.756	  1.280
       0.760	  1.595
       0.764	  1.893
       0.768	  2.105
       0.772	  2.255
       0.776	  2.167
       0.780	  1.792
       0.784	  1.143
       0.788	  0.560
       0.792	  0.168
       0.796	 -0.043
       0.800	 -0.098
       0.804	 -0.133
       0.808	 -0.182
       0.812	 -0.225
       0.816	 -0.205
       0.820	 -0.180
       0.824	 -0.198
       0.828	 -0.233
       0.832	 -0.225
       0.836	 -0.205
       0.840	 -0.215
       0.844	 -0.240
       0.848	 -0.235
       0.852	 -0.220
       0.856	 -0.223
       0.860	 -0.242
       0.864	 -0.242
       0.868	 -0.235
       0.872	 -0.240
       0.876	 -0.253
       0.880	 -0.250
       0.884	 -0.242
       0.888	 -0.247
       0.892	 -0.255
       0.896	 -0.260
       0.900	 -0.258
       0.904	 -0.258
       0.908	 -0.260
       0.912	 -0.268
       0.916	 -0.270
       0.920	 -0.270
       0.924	 -0.270
       0.928	 -0.268
       0.932	 -0.265
       0.936	 -0.268
       0.940	 -0.270
       0.944	 -0.280
       0.948	 -0.282
       0.952	 -0.285
       0.956	 -0.287
       0.960	 -0.295
       0.964	 -0.297
       0.968	 -0.292
       0.972	 -0.290
       0.976	 -0.292
       0.980	 -0.292
       0.984	 -0.292
       0.988	 -0.297
       0.992	 -0.300
       0.996	 -0.297
       1.000	 -0.300
       1.004	 -0.302
       1.008	 -0.302
       1.012	 -0.312
       1.016	 -0.310
       1.020	 -0.305
       1.024	 -0.297
       1.028	 -0.297
       1.032	 -0.285
       1.036	 -0.280
       1.040	 -0.265
       1.044	 -0.253
       1.048	 -0.235
       1.052	 -0.220
       1.056	 -0.200
       1.060	 -0.182
       1.064	 -0.163
       1.068	 -0.142
       1.072	 -0.120
       1.076	 -0.100
       1.080	 -0.075
       1.084	 -0.050
       1.088	 -0.030
       1.092	  0.003
       1.096	  0.030
       1.100	  0.050
       1.104	  0.065
       1.108	  0.085
       1.112	  0.095
       1.116	  0.098
       1.120	  0.100
       1.124	  0.110
       1.128	  0.110
       1.132	  0.115
       1.136	  0.117
       1.140	  0.120
       1.144	  0.117
       1.148	  0.120
       1.152	  0.115
       1.156	  0.110
       1.160	  0.098
       1.164	  0.098
       1.168	  0.098
       1.172	  0.095
       1.176	  0.098
       1.180	  0.100
       1.184	  0.098
       1.188	  0.087
       1.192	  0.083
       1.196	  0.085
       1.200	  0.090
       1.204	  0.092
       1.208	  0.090
       1.212	  0.087
       1.216	  0.090
       1.220	  0.087
       1.224	  0.090
       1.228	  0.080
       1.232	  0.080
       1.236	  0.080
       1.240	  0.083
       1.244	  0.085
       1.248	  0.087
       1.252	  0.087
       1.256	  0.087
       1.260	  0.080
       1.264	  0.077
       1.268	  0.077
       1.272	  0.098
       1.276	  0.250
       1.280	  0.130
       1.284	  0.092
       1.288	  0.065
       1.292	  0.030
       1.296	  0.048
       1.300	  0.085
       1.304	  0.080
       1.308	  0.065
       1.312	  0.075
       1.316	  0.100
       1.320	  0.098
       1.324	  0.085
       1.328	  0.085
       1.332	  0.110
       1.336	  0.117
       1.340	  0.107
       1.344	  0.110
       1.348	  0.128
       1.352	  0.135
       1.356	  0.140
       1.360	  0.142
       1.364	  0.155
       1.368	  0.170
       1.372	  0.185
       1.376	  0.188
       1.380	  0.190
       1.384	  0.188
       1.388	  0.168
       1.392	  0.145
       1.396	  0.130
       1.400	  0.115
       1.404	  0.098
       1.408	  0.083
       1.412	  0.077
       1.416	  0.075
       1.420	  0.070
       1.424	  0.060
       1.428	  0.055
       1.432	  0.058
       1.436	  0.058
       1.440	  0.055
       1.444	  0.048
       1.448	  0.050
       1.452	  0.050
       1.456	  0.055
       1.460	  0.055
       1.464	  0.062
       1.468	  0.050
       1.472	  0.025
       1.476	 -0.018
       1.480	 -0.045
       1.484	 -0.068
       1.488	 -0.060
       1.492	  0.020
       1.496	  0.180
       1.500	  0.445
       1.504	  0.723
       1.508	  1.005
       1.512	  1.300
       1.516	  1.607
       1.520	  1.900
       1.524	  2.115
       1.528	  2.257
       1.532	  2.167
       1.536	  1.785
       1.540	  1.150
       1.544	  0.598
       1.548	  0.217
       1.552	  0.020
       1.556	 -0.055
       1.560	 -0.102
       1.564	 -0.160
       1.568	 -0.190
       1.572	 -0.165
       1.576	 -0.140
       1.580	 -0.160
       1.584	 -0.193
       1.588	 -0.188
       1.592	 -0.168
       1.596	 -0.175
       1.600	 -0.198
       1.604	 -0.200
       1.608	 -0.185
       1.612	 -0.200
       1.616	 -0.210
       1.620	 -0.210
       1.624	 -0.198
       1.628	 -0.205
       1.632	 -0.215
       1.636	 -0.223
       1.640	 -0.217
       1.644	 -0.223
       1.648	 -0.225
       1.652	 -0.228
       1.656	 -0.223
       1.660	 -0.228
       1.664	 -0.233
       1.668	 -0.235
       1.672	 -0.235
       1.676	 -0.240
       1.680	 -0.242
       1.684	 -0.245
       1.688	 -0.247
       1.692	 -0.247
       1.696	 -0.245
       1.700	 -0.247
       1.704	 -0.253
       1.708	 -0.255
       1.712	 -0.258
       1.716	 -0.260
       1.720	 -0.263
       1.724	 -0.265
       1.728	 -0.268
       1.732	 -0.268
       1.736	 -0.273
       1.740	 -0.273
       1.744	 -0.280
       1.748	 -0.282
       1.752	 -0.287
       1.756	 -0.290
       1.760	 -0.295
       1.764	 -0.292
       1.768	 -0.285
       1.772	 -0.282
       1.776	 -0.278
       1.780	 -0.273
       1.784	 -0.265
       1.788	 -0.265
       1.792	 -0.255
       1.796	 -0.245
       1.800	 -0.233
       1.804	 -0.217
       1.808	 -0.198
       1.812	 -0.182
       1.816	 -0.168
       1.820	 -0.152
       1.824	 -0.133
       1.828	 -0.110
       1.832	 -0.085
       1.836	 -0.065
       1.840	 -0.037
       1.844	  0.000
       1.848	  0.025
       1.852	  0.045
       1.856	  0.062
       1.860	  0.075
       1.864	  0.087
       1.868	  0.102
       1.872	  0.115
       1.876	  0.117
       1.880	  0.122
       1.884	  0.130
       1.888	  0.130
       1.892	  0.133
       1.896	  0.130
       1.900	  0.125
       1.904	  0.122
       1.908	  0.120
       1.912	  0.117
       1.916	  0.115
       1.920	  0.113
       1.924	  0.110
       1.928	  0.102
       1.932	  0.102
       1.936	  0.098
       1.940	  0.098
       1.944	  0.098
       1.948	  0.102
       1.952	  0.100
       1.956	  0.100
       1.960	  0.095
       1.964	  0.098
       1.968	  0.098
       1.972	  0.098
       1.976	  0.098
       1.980	  0.098
       1.984	  0.098
       1.988	  0.095
       1.992	  0.092
       1.996	  0.090
       2.000	  0.090
       2.004	  0.092
       2.008	  0.095
       2.012	  0.090
       2.016	  0.090
       2.020	  0.087
       2.024	  0.092
       2.028	  0.158
       2.032	  0.230
       2.036	  0.113
       2.040	  0.087
       2.044	  0.058
       2.048	  0.037
       2.052	  0.062
       2.056	  0.095
       2.060	  0.077
       2.064	  0.062
       2.068	  0.085
       2.072	  0.105
       2.076	  0.098
       2.080	  0.087
       2.084	  0.100
       2.088	  0.117
       2.092	  0.120
       2.096	  0.110
       2.100	  0.115
       2.104	  0.128
       2.108	  0.135
       2.112	  0.133
       2.116	  0.147
       2.120	  0.160
       2.124	  0.172
       2.128	  0.180
       2.132	  0.182
       2.136	  0.177
       2.140	  0.175
       2.144	  0.158
       2.148	  0.138
       2.152	  0.122
       2.156	  0.115
       2.160	  0.092
       2.164	  0.080
       2.168	  0.072
       2.172	  0.060
       2.176	  0.058
       2.180	  0.058
       2.184	  0.055
       2.188	  0.050
       2.192	  0.048
       2.196	  0.045
       2.200	  0.043
       2.204	  0.045
       2.208	  0.050
       2.212	  0.045
       2.216	  0.043
       2.220	  0.048
       2.224	  0.043
       2.228	  0.020
       2.232	 -0.020
       2.236	 -0.055
       2.240	 -0.075
       2.244	 -0.058
       2.248	  0.035
       2.252	  0.217
       2.256	  0.487
       2.260	  0.762
       2.264	  1.052
       2.268	  1.370
       2.272	  1.692
       2.276	  1.968
       2.280	  2.167
       2.284	  2.275
       2.288	  2.127
       2.292	  1.690
       2.296	  1.035
       2.300	  0.497
       2.304	  0.147
       2.308	 -0.028
       2.312	 -0.072
       2.316	 -0.102
       2.320	 -0.165
       2.324	 -0.190
       2.328	 -0.163
       2.332	 -0.142
       2.336	 -0.175
       2.340	 -0.205
       2.344	 -0.193
       2.348	 -0.175
       2.352	 -0.190
       2.356	 -0.205
       2.360	 -0.203
       2.364	 -0.195
       2.368	 -0.200
       2.372	 -0.210
       2.376	 -0.212
       2.380	 -0.205
       2.384	 -0.210
       2.388	 -0.225
       2.392	 -0.228
       2.396	 -0.220
       2.400	 -0.217
       2.404	 -0.228
       2.408	 -0.233
       2.412	 -0.233
       2.416	 -0.228
       2.420	 -0.237
       2.424	 -0.240
       2.428	 -0.240
       2.432	 -0.237
       2.436	 -0.242
       2.440	 -0.247
       2.444	 -0.250
       2.448	 -0.247
       2.452	 -0.247
       2.456	 -0.253
       2.460	 -0.260
       2.464	 -0.260
       2.468	 -0.255
       2.472	 -0.260
       2.476	 -0.265
       2.480	 -0.265
       2.484	 -0.270
       2.488	 -0.273
       2.492	 -0.273
       2.496	 -0.275
       2.500	 -0.275
       2.504	 -0.280
       2.508	 -0.282
       2.512	 -0.282
       2.516	 -0.282
       2.520	 -0.285
       2.524	 -0.282
       2.528	 -0.282
       2.532	 -0.278
       2.536	 -0.275
       2.540	 -0.265
       2.544	 -0.263
       2.548	 -0.250
       2.552	 -0.242
       2.556	 -0.223
       2.560	 -0.207
       2.564	 -0.190
       2.568	 -0.172
       2.572	 -0.158
       2.576	 -0.140
       2.580	 -0.115
       2.584	 -0.092
       2.588	 -0.072
       2.592	 -0.048
       2.596	 -0.025
       2.600	  0.010
       2.604	  0.037
       2.608	  0.062
       2.612	  0.072
       2.616	  0.090
       2.620	  0.107
       2.624	  0.120
       2.628	  0.125
       2.632	  0.135
       2.636	  0.138
       2.640	  0.138
       2.644	  0.138
       2.648	  0.140
       2.652	  0.135
       2.656	  0.125
       2.660	  0.125
       2.664	  0.128
       2.668	  0.125
       2.672	  0.120
       2.676	  0.117
       2.680	  0.115
       2.684	  0.113
       2.688	  0.105
       2.692	  0.107
       2.696	  0.105
       2.700	  0.102
       2.704	  0.102
       2.708	  0.107
       2.712	  0.105
       2.716	  0.107
       2.720	  0.100
       2.724	  0.105
       2.728	  0.102
       2.732	  0.105
       2.736	  0.107
       2.740	  0.113
       2.744	  0.105
       2.748	  0.105
       2.752	  0.100
       2.756	  0.102
       2.760	  0.102
       2.764	  0.105
       2.768	  0.107
       2.772	  0.107
       2.776	  0.102
       2.780	  0.105
       2.784	  0.237
       2.788	  0.220
       2.792	  0.117
       2.796	  0.100
       2.800	  0.068
       2.804	  0.052
       2.808	  0.098
       2.812	  0.113
       2.816	  0.092
       2.820	  0.075
       2.824	  0.105
       2.828	  0.120
       2.832	  0.110
       2.836	  0.100
       2.840	  0.120
       2.844	  0.145
       2.848	  0.140
       2.852	  0.133
       2.856	  0.140
       2.860	  0.152
       2.864	  0.158
       2.868	  0.158
       2.872	  0.165
       2.876	  0.180
       2.880	  0.198
       2.884	  0.210
       2.888	  0.203
       2.892	  0.198
       2.896	  0.190
       2.900	  0.175
       2.904	  0.155
       2.908	  0.150
       2.912	  0.128
       2.916	  0.110
       2.920	  0.092
       2.924	  0.085
       2.928	  0.083
       2.932	  0.077
       2.936	  0.075
       2.940	  0.077
       2.944	  0.072
       2.948	  0.072
       2.952	  0.070
       2.956	  0.070
       2.960	  0.068
       2.964	  0.072
       2.968	  0.070
       2.972	  0.065
       2.976	  0.062
       2.980	  0.055
       2.984	  0.037
       2.988	  0.005
       2.992	 -0.033
       2.996	 -0.043
       3.000	  0.003
       3.004	  0.102
       3.008	  0.323
       3.012	  0.605
       3.016	  0.895
       3.020	  1.205
       3.024	  1.535
       3.028	  1.855
       3.032	  2.100
       3.036	  2.277
       3.040	  2.310
       3.044	  2.053
       3.048	  1.488
       3.052	  0.828
       3.056	  0.347
       3.060	  0.062
       3.064	 -0.040
       3.068	 -0.058
       3.072	 -0.100
       3.076	 -0.158
       3.080	 -0.165
       3.084	 -0.128
       3.088	 -0.128
       3.092	 -0.165
       3.096	 -0.180
       3.100	 -0.160
       3.104	 -0.152
       3.108	 -0.172
       3.112	 -0.188
       3.116	 -0.177
       3.120	 -0.172
       3.124	 -0.180
       3.128	 -0.195
       3.132	 -0.193
       3.136	 -0.182
       3.140	 -0.193
       3.144	 -0.203
       3.148	 -0.203
       3.152	 -0.198
       3.156	 -0.200
       3.160	 -0.210
       3.164	 -0.210
       3.168	 -0.210
       3.172	 -0.212
       3.176	 -0.217
       3.180	 -0.220
       3.184	 -0.220
       3.188	 -0.223
       3.192	 -0.230
       3.196	 -0.233
       3.200	 -0.230
       3.204	 -0.233
       3.208	 -0.235
       3.212	 -0.240
       3.216	 -0.240
       3.220	 -0.242
       3.224	 -0.245
       3.228	 -0.247
       3.232	 -0.247
       3.236	 -0.250
       3.240	 -0.250
       3.244	 -0.253
       3.248	 -0.255
       3.252	 -0.260
       3.256	 -0.263
       3.260	 -0.268
       3.264	 -0.268
       3.268	 -0.268
       3.272	 -0.270
       3.276	 -0.273
       3.280	 -0.273
       3.284	 -0.263
       3.288	 -0.263
       3.292	 -0.253
       3.296	 -0.250
       3.300	 -0.242
       3.304	 -0.233
       3.308	 -0.220
       3.312	 -0.207
       3.316	 -0.190
       3.320	 -0.172
       3.324	 -0.158
       3.328	 -0.140
       3.332	 -0.117
       3.336	 -0.098
       3.340	 -0.075
       3.344	 -0.052
       3.348	 -0.025
       3.352	  0.007
       3.356	  0.033
       3.360	  0.050
       3.364	  0.072
       3.368	  0.092
       3.372	  0.107
       3.376	  0.117
       3.380	  0.130
       3.384	  0.140
       3.388	  0.140
       3.392	  0.145
       3.396	  0.145
       3.400	  0.145
       3.404	  0.142
       3.408	  0.142
       3.412	  0.130
       3.416	  0.133
       3.420	  0.125
       3.424	  0.122
       3.428	  0.117
       3.432	  0.117
       3.436	  0.115
       3.440	  0.110
       3.444	  0.107
       3.448	  0.105
       3.452	  0.107
       3.456	  0.110
       3.460	  0.105
       3.464	  0.102
       3.468	  0.098
       3.472	  0.098
       3.476	  0.098
       3.480	  0.102
       3.484	  0.102
       3.488	  0.098
       3.492	  0.100
       3.496	  0.100
       3.500	  0.100
       3.504	  0.100
       3.508	  0.102
       3.512	  0.102
       3.516	  0.102
       3.520	  0.098
       3.524	  0.095
       3.528	  0.092
       3.532	  0.100
       3.536	  0.100
       3.540	  0.270
       3.544	  0.180
       3.548	  0.100
       3.552	  0.083
       3.556	  0.048
       3.560	  0.048
       3.564	  0.092
       3.568	  0.105
       3.572	  0.077
       3.576	  0.065
       3.580	  0.092
       3.584	  0.107
       3.588	  0.095
       3.592	  0.095
       3.596	  0.115
       3.600	  0.130
       3.604	  0.128
       3.608	  0.125
       3.612	  0.135
       3.616	  0.147
       3.620	  0.145
       3.624	  0.147
       3.628	  0.155
       3.632	  0.170
       3.636	  0.182
       3.640	  0.193
       3.644	  0.185
       3.648	  0.185
       3.652	  0.175
       3.656	  0.158
       3.660	  0.142
       3.664	  0.133
       3.668	  0.113
       3.672	  0.092
       3.676	  0.077
       3.680	  0.070
       3.684	  0.068
       3.688	  0.060
       3.692	  0.060
       3.696	  0.060
       3.700	  0.060
       3.704	  0.058
       3.708	  0.052
       3.712	  0.050
       3.716	  0.052
       3.720	  0.055
       3.724	  0.055
       3.728	  0.052
       3.732	  0.058
       3.736	  0.043
       3.740	  0.018
       3.744	 -0.022
       3.748	 -0.045
       3.752	 -0.062
       3.756	 -0.037
       3.760	  0.068
       3.764	  0.273
       3.768	  0.557
       3.772	  0.840
       3.776	  1.140
       3.780	  1.462
       3.784	  1.780
       3.788	  2.042
       3.792	  2.235
       3.796	  2.297
       3.800	  2.087
       3.804	  1.567
       3.808	  0.910
       3.812	  0.403
       3.816	  0.095
       3.820	 -0.040
       3.824	 -0.072
       3.828	 -0.115
       3.832	 -0.170
       3.836	 -0.185
       3.840	 -0.150
       3.844	 -0.142
       3.848	 -0.177
       3.852	 -0.200
       3.856	 -0.182
       3.860	 -0.172
       3.864	 -0.190
       3.868	 -0.203
       3.872	 -0.195
       3.876	 -0.185
       3.880	 -0.198
       3.884	 -0.205
       3.888	 -0.205
       3.892	 -0.200
       3.896	 -0.205
       3.900	 -0.217
       3.904	 -0.220
       3.908	 -0.215
       3.912	 -0.223
       3.916	 -0.228
       3.920	 -0.230
       3.924	 -0.220
       3.928	 -0.223
       3.932	 -0.228
       3.936	 -0.237
       3.940	 -0.235
       3.944	 -0.242
       3.948	 -0.245
       3.952	 -0.247
       3.956	 -0.247
       3.960	 -0.258
       3.964	 -0.255
       3.968	 -0.255
       3.972	 -0.258
       3.976	 -0.260
       3.980	 -0.260
       3.984	 -0.260
       3.988	 -0.265
       3.992	 -0.263
       3.996	 -0.263
       4.000	 -0.268
       4.004	 -0.273
       4.008	 -0.275
       4.012	 -0.275
       4.016	 -0.278
       4.020	 -0.285
       4.024	 -0.285
       4.028	 -0.290
       4.032	 -0.292
       4.036	 -0.292
       4.040	 -0.285
       4.044	 -0.285
       4.048	 -0.282
       4.052	 -0.275
       4.056	 -0.263
       4.060	 -0.258
       4.064	 -0.237
       4.068	 -0.220
       4.072	 -0.203
       4.076	 -0.195
       4.080	 -0.177
       4.084	 -0.160
       4.088	 -0.138
       4.092	 -0.115
       4.096	 -0.095
       4.100	 -0.080
       4.104	 -0.058
       4.108	 -0.030
       4.112	  0.005
       4.116	  0.033
       4.120	  0.050
       4.124	  0.070
       4.128	  0.083
       4.132	  0.100
       4.136	  0.110
       4.140	  0.120
       4.144	  0.122
       4.148	  0.130
       4.152	  0.130
       4.156	  0.130
       4.160	  0.128
       4.164	  0.128
       4.168	  0.120
       4.172	  0.117
       4.176	  0.115
       4.180	  0.115
       4.184	  0.113
       4.188	  0.113
       4.192	  0.107
       4.196	  0.095
       4.200	  0.095
       4.204	  0.092
       4.208	  0.098
       4.212	  0.098
       4.216	  0.098
       4.220	  0.092
       4.224	  0.095
       4.228	  0.092
       4.232	  0.095
       4.236	  0.090
       4.240	  0.087
       4.244	  0.087
       4.248	  0.090
       4.252	  0.090
       4.256	  0.085
       4.260	  0.080
       4.264	  0.083
       4.268	  0.085
       4.272	  0.085
       4.276	  0.083
       4.280	  0.085
       4.284	  0.087
       4.288	  0.087
       4.292	  0.092
       4.296	  0.258
       4.300	  0.142
       4.304	  0.083
       4.308	  0.062
       4.312	  0.030
       4.316	  0.048
       4.320	  0.085
       4.324	  0.092
       4.328	  0.065
       4.332	  0.068
       4.336	  0.087
       4.340	  0.092
       4.344	  0.077
       4.348	  0.087
       4.352	  0.113
       4.356	  0.130
       4.360	  0.117
       4.364	  0.110
       4.368	  0.120
       4.372	  0.130
       4.376	  0.130
       4.380	  0.135
       4.384	  0.150
       4.388	  0.165
       4.392	  0.180
       4.396	  0.185
       4.400	  0.177
       4.404	  0.170
       4.408	  0.165
       4.412	  0.145
       4.416	  0.138
       4.420	  0.120
       4.424	  0.098
       4.428	  0.072
       4.432	  0.060
       4.436	  0.055
       4.440	  0.052
       4.444	  0.045
       4.448	  0.048
       4.452	  0.055
       4.456	  0.060
       4.460	  0.055
       4.464	  0.055
       4.468	  0.050
       4.472	  0.045
       4.476	  0.043
       4.480	  0.048
       4.484	  0.048
       4.488	  0.043
       4.492	  0.030
       4.496	  0.003
       4.500	 -0.040
       4.504	 -0.072
       4.508	 -0.072
       4.512	 -0.035
       4.516	  0.098
       4.520	  0.323
       4.524	  0.605
       4.528	  0.875
       4.532	  1.167
       4.536	  1.472
       4.540	  1.782
       4.544	  2.025
       4.548	  2.210
       4.552	  2.230
       4.556	  1.975
       4.560	  1.400
       4.564	  0.795
       4.568	  0.350
       4.572	  0.065
       4.576	 -0.060
       4.580	 -0.095
       4.584	 -0.142
       4.588	 -0.193
       4.592	 -0.182
       4.596	 -0.147
       4.600	 -0.160
       4.604	 -0.195
       4.608	 -0.200
       4.612	 -0.188
       4.616	 -0.185
       4.620	 -0.207
       4.624	 -0.220
       4.628	 -0.205
       4.632	 -0.195
       4.636	 -0.212
       4.640	 -0.223
       4.644	 -0.215
       4.648	 -0.207
       4.652	 -0.215
       4.656	 -0.220
       4.660	 -0.228
       4.664	 -0.228
       4.668	 -0.230
       4.672	 -0.235
       4.676	 -0.240
       4.680	 -0.240
       4.684	 -0.242
       4.688	 -0.247
       4.692	 -0.247
       4.696	 -0.253
       4.700	 -0.253
       4.704	 -0.255
       4.708	 -0.255
       4.712	 -0.255
       4.716	 -0.258
       4.720	 -0.265
       4.724	 -0.268
       4.728	 -0.273
       4.732	 -0.270
       4.736	 -0.275
       4.740	 -0.278
       4.744	 -0.282
       4.748	 -0.282
       4.752	 -0.282
       4.756	 -0.285
       4.760	 -0.290
       4.764	 -0.292
       4.768	 -0.295
       4.772	 -0.295
       4.776	 -0.295
       4.780	 -0.300
       4.784	 -0.297
       4.788	 -0.297
       4.792	 -0.295
       4.796	 -0.297
       4.800	 -0.295
       4.804	 -0.292
       4.808	 -0.285
       4.812	 -0.280
       4.816	 -0.268
       4.820	 -0.255
       4.824	 -0.240
       4.828	 -0.230
       4.832	 -0.207
       4.836	 -0.188
       4.840	 -0.165
       4.844	 -0.152
       4.848	 -0.133
       4.852	 -0.115
       4.856	 -0.087
       4.860	 -0.065
       4.864	 -0.037
       4.868	 -0.020
       4.872	  0.010
       4.876	  0.025
       4.880	  0.048
       4.884	  0.070
       4.888	  0.083
       4.892	  0.092
       4.896	  0.098
       4.900	  0.100
       4.904	  0.105
       4.908	  0.113
       4.912	  0.107
       4.916	  0.100
       4.920	  0.100
       4.924	  0.100
       4.928	  0.098
       4.932	  0.098
       4.936	  0.092
       4.940	  0.092
       4.944	  0.087
       4.948	  0.087
       4.952	  0.083
       4.956	  0.080
       4.960	  0.070
       4.964	  0.072
       4.968	  0.077
       4.972	  0.077
       4.976	  0.075
       4.980	  0.075
       4.984	  0.075
       4.988	  0.070
       4.992	  0.070
       4.996	  0.068
       5.000	  0.068
       5.004	  0.068
       5.008	  0.070
       5.012	  0.070
       5.016	  0.075
       5.020	  0.070
       5.024	  0.062
       5.028	  0.060
       5.032	  0.062
       5.036	  0.060
       5.040	  0.060
       5.044	  0.060
       5.048	  0.090
       5.052	  0.210
       5.056	  0.087
       5.060	  0.052
       5.064	  0.033
       5.068	  0.010
       5.072	  0.037
       5.076	  0.070
       5.080	  0.058
       5.084	  0.037
       5.088	  0.050
       5.092	  0.075
       5.096	  0.070
       5.100	  0.055
       5.104	  0.065
       5.108	  0.087
       5.112	  0.092
       5.116	  0.087
       5.120	  0.090
       5.124	  0.102
       5.128	  0.102
       5.132	  0.102
       5.136	  0.107
       5.140	  0.122
       5.144	  0.138
       5.148	  0.155
       5.152	  0.160
       5.156	  0.158
       5.160	  0.147
       5.164	  0.130
       5.168	  0.113
       5.172	  0.098
       5.176	  0.083
       5.180	  0.065
       5.184	  0.050
       5.188	  0.037
       5.192	  0.035
       5.196	  0.030
       5.200	  0.022
       5.204	  0.018
       5.208	  0.022
       5.212	  0.020
       5.216	  0.020
       5.220	  0.018
       5.224	  0.018
       5.228	  0.018
       5.232	  0.018
       5.236	  0.015
       5.240	  0.018
       5.244	  0.007
       5.248	 -0.018
       5.252	 -0.048
       5.256	 -0.080
       5.260	 -0.102
       5.264	 -0.098
       5.268	 -0.040
       5.272	  0.120
       5.276	  0.378
       5.280	  0.657
       5.284	  0.938
       5.288	  1.240
       5.292	  1.555
       5.296	  1.855
       5.300	  2.067
       5.304	  2.215
       5.308	  2.145
       5.312	  1.790
       5.316	  1.160
       5.320	  0.590
       5.324	  0.193
       5.328	 -0.040
       5.332	 -0.105
       5.336	 -0.135
       5.340	 -0.185
       5.344	 -0.230
       5.348	 -0.210
       5.352	 -0.182
       5.356	 -0.203
       5.360	 -0.237
       5.364	 -0.230
       5.368	 -0.210
       5.372	 -0.223
       5.376	 -0.247
       5.380	 -0.247
       5.384	 -0.235
       5.388	 -0.240
       5.392	 -0.253
       5.396	 -0.258
       5.400	 -0.247
       5.404	 -0.250
       5.408	 -0.263
       5.412	 -0.268
       5.416	 -0.263
       5.420	 -0.265
       5.424	 -0.273
       5.428	 -0.280
       5.432	 -0.275
       5.436	 -0.278
       5.440	 -0.282
       5.444	 -0.290
       5.448	 -0.290
       5.452	 -0.287
       5.456	 -0.287
       5.460	 -0.300
       5.464	 -0.300
       5.468	 -0.295
       5.472	 -0.300
       5.476	 -0.302
       5.480	 -0.302
       5.484	 -0.305
       5.488	 -0.310
       5.492	 -0.310
       5.496	 -0.315
       5.500	 -0.320
       5.504	 -0.320
       5.508	 -0.320
       5.512	 -0.328
       5.516	 -0.328
       5.520	 -0.330
       5.524	 -0.330
       5.528	 -0.338
       5.532	 -0.335
       5.536	 -0.340
       5.540	 -0.343
       5.544	 -0.343
       5.548	 -0.338
       5.552	 -0.340
       5.556	 -0.335
       5.560	 -0.333
       5.564	 -0.325
       5.568	 -0.310
       5.572	 -0.300
       5.576	 -0.290
       5.580	 -0.275
       5.584	 -0.258
       5.588	 -0.245
       5.592	 -0.223
       5.596	 -0.203
       5.600	 -0.180
       5.604	 -0.160
       5.608	 -0.138
       5.612	 -0.117
       5.616	 -0.092
       5.620	 -0.068
       5.624	 -0.045
       5.628	 -0.022
       5.632	  0.010
       5.636	  0.028
       5.640	  0.040
       5.644	  0.048
       5.648	  0.058
       5.652	  0.062
       5.656	  0.068
       5.660	  0.070
       5.664	  0.072
       5.668	  0.072
       5.672	  0.070
       5.676	  0.062
       5.680	  0.062
       5.684	  0.058
       5.688	  0.058
       5.692	  0.058
       5.696	  0.050
       5.700	  0.048
       5.704	  0.045
       5.708	  0.043
       5.712	  0.037
       5.716	  0.040
       5.720	  0.037
       5.724	  0.037
       5.728	  0.037
       5.732	  0.037
       5.736	  0.037
       5.740	  0.037
       5.744	  0.037
       5.748	  0.037
       5.752	  0.043
       5.756	  0.037
       5.760	  0.035
       5.764	  0.037
       5.768	  0.037
       5.772	  0.035
       5.776	  0.037
       5.780	  0.040
       5.784	  0.040
       5.788	  0.040
       5.792	  0.040
       5.796	  0.035
       5.800	  0.033
       5.804	  0.125
       5.808	  0.165
       5.812	  0.052
       5.816	  0.033
       5.820	  0.000
       5.824	 -0.030
       5.828	  0.018
       5.832	  0.045
       5.836	  0.025
       5.840	  0.007
       5.844	  0.025
       5.848	  0.052
       5.852	  0.045
       5.856	  0.035
       5.860	  0.050
       5.864	  0.070
       5.868	  0.077
       5.872	  0.060
       5.876	  0.062
       5.880	  0.080
       5.884	  0.085
       5.888	  0.085
       5.892	  0.098
       5.896	  0.110
       5.900	  0.125
       5.904	  0.138
       5.908	  0.135
       5.912	  0.128
       5.916	  0.120
       5.920	  0.102
       5.924	  0.087
       5.928	  0.077
       5.932	  0.060
       5.936	  0.040
       5.940	  0.028
       5.944	  0.018
       5.948	  0.015
       5.952	  0.007
       5.956	  0.003
       5.960	  0.003
       5.964	  0.005
       5.968	  0.005
       5.972	  0.000
       5.976	  0.000
       5.980	  0.003
       5.984	  0.003
       5.988	  0.000
       5.992	  0.000
       5.996	 -0.015
       6.000	 -0.022
       6.004	 -0.043
       6.008	 -0.070
       6.012	 -0.102
       6.016	 -0.110
       6.020	 -0.085
       6.024	  0.020
       6.028	  0.217
       6.032	  0.502
       6.036	  0.790
       6.040	  1.095
       6.044	  1.417
       6.048	  1.740
       6.052	  2.000
       6.056	  2.185
       6.060	  2.243
       6.064	  2.033
       6.068	  1.515
       6.072	  0.848
       6.076	  0.340
       6.080	  0.030
       6.084	 -0.102
       6.088	 -0.128
       6.092	 -0.160
       6.096	 -0.217
       6.100	 -0.235
       6.104	 -0.200
       6.108	 -0.188
       6.112	 -0.225
       6.116	 -0.245
       6.120	 -0.225
       6.124	 -0.215
       6.128	 -0.240
       6.132	 -0.250
       6.136	 -0.245
       6.140	 -0.235
       6.144	 -0.245
       6.148	 -0.258
       6.152	 -0.253
       6.156	 -0.247
       6.160	 -0.258
       6.164	 -0.263
       6.168	 -0.265
       6.172	 -0.260
       6.176	 -0.268
       6.180	 -0.273
       6.184	 -0.278
       6.188	 -0.273
       6.192	 -0.275
       6.196	 -0.280
       6.200	 -0.282
       6.204	 -0.282
       6.208	 -0.285
       6.212	 -0.290
       6.216	 -0.290
       6.220	 -0.292
       6.224	 -0.295
       6.228	 -0.297
       6.232	 -0.300
       6.236	 -0.302
       6.240	 -0.300
       6.244	 -0.307
       6.248	 -0.307
       6.252	 -0.310
       6.256	 -0.310
       6.260	 -0.318
       6.264	 -0.318
       6.268	 -0.318
       6.272	 -0.320
       6.276	 -0.325
       6.280	 -0.333
       6.284	 -0.333
       6.288	 -0.333
       6.292	 -0.330
       6.296	 -0.330
       6.300	 -0.330
       6.304	 -0.330
       6.308	 -0.323
       6.312	 -0.320
       6.316	 -0.310
       6.320	 -0.302
       6.324	 -0.290
       6.328	 -0.282
       6.332	 -0.270
       6.336	 -0.258
       6.340	 -0.242
       6.344	 -0.223
       6.348	 -0.203
       6.352	 -0.182
       6.356	 -0.163
       6.360	 -0.145
       6.364	 -0.117
       6.368	 -0.090
       6.372	 -0.065
       6.376	 -0.043
       6.380	 -0.020
       6.384	  0.013
       6.388	  0.028
       6.392	  0.048
       6.396	  0.060
       6.400	  0.075
       6.404	  0.077
       6.408	  0.083
       6.412	  0.080
       6.416	  0.083
       6.420	  0.083
       6.424	  0.083
       6.428	  0.077
       6.432	  0.077
       6.436	  0.072
       6.440	  0.070
       6.444	  0.062
       6.448	  0.058
       6.452	  0.058
       6.456	  0.058
       6.460	  0.050
       6.464	  0.050
       6.468	  0.048
       6.472	  0.043
       6.476	  0.045
       6.480	  0.052
       6.484	  0.052
       6.488	  0.048
       6.492	  0.050
       6.496	  0.045
       6.500	  0.045
       6.504	  0.048
       6.508	  0.050
       6.512	  0.045
       6.516	  0.045
       6.520	  0.043
       6.524	  0.043
       6.528	  0.045
       6.532	  0.048
       6.536	  0.048
       6.540	  0.050
       6.544	  0.048
       6.548	  0.045
       6.552	  0.043
       6.556	  0.043
       6.560	  0.190
       6.564	  0.150
       6.568	  0.060
       6.572	  0.037
       6.576	  0.003
       6.580	 -0.015
       6.584	  0.037
       6.588	  0.052
       6.592	  0.030
       6.596	  0.020
       6.600	  0.048
       6.604	  0.060
       6.608	  0.050
       6.612	  0.040
       6.616	  0.060
       6.620	  0.077
       6.624	  0.077
       6.628	  0.068
       6.632	  0.080
       6.636	  0.095
       6.640	  0.098
       6.644	  0.092
       6.648	  0.110
       6.652	  0.128
       6.656	  0.142
       6.660	  0.147
       6.664	  0.145
       6.668	  0.145
       6.672	  0.135
       6.676	  0.117
       6.680	  0.098
       6.684	  0.087
       6.688	  0.065
       6.692	  0.048
       6.696	  0.035
       6.700	  0.025
       6.704	  0.025
       6.708	  0.025
       6.712	  0.018
       6.716	  0.015
       6.720	  0.015
       6.724	  0.015
       6.728	  0.013
       6.732	  0.015
       6.736	  0.013
       6.740	  0.015
       6.744	  0.010
       6.748	  0.010
       6.752	  0.005
       6.756	  0.000
       6.760	 -0.033
       6.764	 -0.060
       6.768	 -0.090
       6.772	 -0.102
       6.776	 -0.065
       6.780	  0.068
       6.784	  0.297
       6.788	  0.590
       6.792	  0.870
       6.796	  1.167
       6.800	  1.485
       6.804	  1.798
       6.808	  2.042
       6.812	  2.223
       6.816	  2.228
       6.820	  1.945
       6.824	  1.357
       6.828	  0.733
       6.832	  0.290
       6.836	  0.030
       6.840	 -0.077
       6.844	 -0.115
       6.848	 -0.165
       6.852	 -0.220
       6.856	 -0.217
       6.860	 -0.180
       6.864	 -0.182
       6.868	 -0.223
       6.872	 -0.230
       6.876	 -0.210
       6.880	 -0.205
       6.884	 -0.228
       6.888	 -0.240
       6.892	 -0.223
       6.896	 -0.223
       6.900	 -0.237
       6.904	 -0.245
       6.908	 -0.237
       6.912	 -0.237
       6.916	 -0.242
       6.920	 -0.253
       6.924	 -0.250
       6.928	 -0.250
       6.932	 -0.255
       6.936	 -0.265
       6.940	 -0.265
       6.944	 -0.263
       6.948	 -0.260
       6.952	 -0.263
       6.956	 -0.268
       6.960	 -0.275
       6.964	 -0.280
       6.968	 -0.282
       6.972	 -0.285
       6.976	 -0.282
       6.980	 -0.280
       6.984	 -0.280
       6.988	 -0.285
       6.992	 -0.282
       6.996	 -0.287
       7.000	 -0.290
       7.004	 -0.300
       7.008	 -0.300
       7.012	 -0.305
       7.016	 -0.305
       7.020	 -0.305
       7.024	 -0.305
       7.028	 -0.310
       7.032	 -0.310
       7.036	 -0.310
       7.040	 -0.312
       7.044	 -0.320
       7.048	 -0.323
       7.052	 -0.325
       7.056	 -0.318
       7.060	 -0.312
       7.064	 -0.305
       7.068	 -0.302
       7.072	 -0.297
       7.076	 -0.287
       7.080	 -0.280
       7.084	 -0.263
       7.088	 -0.250
       7.092	 -0.235
       7.096	 -0.223
       7.100	 -0.200
       7.104	 -0.185
       7.108	 -0.170
       7.112	 -0.150
       7.116	 -0.120
       7.120	 -0.100
       7.124	 -0.075
       7.128	 -0.052
       7.132	 -0.030
       7.136	  0.003
       7.140	  0.028
       7.144	  0.043
       7.148	  0.058
       7.152	  0.070
       7.156	  0.080
       7.160	  0.092
       7.164	  0.102
       7.168	  0.105
       7.172	  0.102
       7.176	  0.100
       7.180	  0.100
       7.184	  0.092
       7.188	  0.085
       7.192	  0.090
       7.196	  0.083
       7.200	  0.080
       7.204	  0.083
       7.208	  0.083
       7.212	  0.080
       7.216	  0.077
       7.220	  0.075
       7.224	  0.072
       7.228	  0.070
       7.232	  0.072
       7.236	  0.070
       7.240	  0.068
       7.244	  0.065
       7.248	  0.070
       7.252	  0.072
       7.256	  0.068
       7.260	  0.062
       7.264	  0.062
       7.268	  0.065
       7.272	  0.072
       7.276	  0.075
       7.280	  0.070
       7.284	  0.070
       7.288	  0.062
       7.292	  0.068
       7.296	  0.070
       7.300	  0.077
       7.304	  0.068
       7.308	  0.065
       7.312	  0.062
       7.316	  0.220
       7.320	  0.125
       7.324	  0.068
       7.328	  0.048
       7.332	  0.015
       7.336	  0.025
       7.340	  0.065
       7.344	  0.068
       7.348	  0.048
       7.352	  0.048
       7.356	  0.075
       7.360	  0.083
       7.364	  0.068
       7.368	  0.068
       7.372	  0.085
       7.376	  0.092
       7.380	  0.087
       7.384	  0.090
       7.388	  0.113
       7.392	  0.125
       7.396	  0.120
       7.400	  0.117
       7.404	  0.130
       7.408	  0.145
       7.412	  0.155
       7.416	  0.168
       7.420	  0.165
       7.424	  0.163
       7.428	  0.152
       7.432	  0.138
       7.436	  0.115
       7.440	  0.102
       7.444	  0.083
       7.448	  0.068
       7.452	  0.062
       7.456	  0.058
       7.460	  0.050
       7.464	  0.040
       7.468	  0.035
       7.472	  0.037
       7.476	  0.033
       7.480	  0.030
       7.484	  0.030
       7.488	  0.035
       7.492	  0.040
       7.496	  0.037
       7.500	  0.037
       7.504	  0.033
       7.508	  0.035
       7.512	  0.018
       7.516	 -0.020
       7.520	 -0.060
       7.524	 -0.090
       7.528	 -0.087
       7.532	 -0.025
       7.536	  0.130
       7.540	  0.388
       7.544	  0.670
       7.548	  0.938
       7.552	  1.230
       7.556	  1.525
       7.560	  1.820
       7.564	  2.038
       7.568	  2.200
       7.572	  2.158
       7.576	  1.833
       7.580	  1.230
       7.584	  0.675
       7.588	  0.278
       7.592	  0.033
       7.596	 -0.072
       7.600	 -0.113
       7.604	 -0.168
       7.608	 -0.203
       7.612	 -0.182
       7.616	 -0.152
       7.620	 -0.175
       7.624	 -0.207
       7.628	 -0.200
       7.632	 -0.177
       7.636	 -0.193
       7.640	 -0.220
       7.644	 -0.225
       7.648	 -0.210
       7.652	 -0.212
       7.656	 -0.223
       7.660	 -0.223
       7.664	 -0.217
       7.668	 -0.217
       7.672	 -0.228
       7.676	 -0.233
       7.680	 -0.233
       7.684	 -0.230
       7.688	 -0.242
       7.692	 -0.247
       7.696	 -0.250
       7.700	 -0.242
       7.704	 -0.250
       7.708	 -0.253
       7.712	 -0.255
       7.716	 -0.253
       7.720	 -0.258
       7.724	 -0.258
       7.728	 -0.263
       7.732	 -0.263
       7.736	 -0.268
       7.740	 -0.273
       7.744	 -0.275
       7.748	 -0.275
       7.752	 -0.280
       7.756	 -0.282
       7.760	 -0.282
       7.764	 -0.280
       7.768	 -0.282
       7.772	 -0.287
       7.776	 -0.292
       7.780	 -0.292
       7.784	 -0.297
       7.788	 -0.302
       7.792	 -0.305
       7.796	 -0.312
       7.800	 -0.307
       7.804	 -0.312
       7.808	 -0.307
       7.812	 -0.315
       7.816	 -0.310
       7.820	 -0.305
       7.824	 -0.292
       7.828	 -0.287
       7.832	 -0.275
       7.836	 -0.263
       7.840	 -0.258
       7.844	 -0.247
       7.848	 -0.233
       7.852	 -0.212
       7.856	 -0.193
       7.860	 -0.182
       7.864	 -0.165
       7.868	 -0.142
       7.872	 -0.113
       7.876	 -0.090
       7.880	 -0.062
       7.884	 -0.043
       7.888	 -0.025
       7.892	  0.007
       7.896	  0.025
       7.900	  0.048
       7.904	  0.058
       7.908	  0.070
       7.912	  0.075
       7.916	  0.087
       7.920	  0.095
       7.924	  0.100
       7.928	  0.098
       7.932	  0.092
       7.936	  0.085
       7.940	  0.087
       7.944	  0.085
       7.948	  0.085
       7.952	  0.085
       7.956	  0.080
       7.960	  0.077
       7.964	  0.077
       7.968	  0.072
       7.972	  0.065
       7.976	  0.065
       7.980	  0.068
       7.984	  0.068
       7.988	  0.068
       7.992	  0.070
       7.996	  0.068
       8.000	  0.065
       8.004	  0.065
       8.008	  0.070
       8.012	  0.072
       8.016	  0.075
       8.020	  0.068
       8.024	  0.065
       8.028	  0.062
       8.032	  0.068
       8.036	  0.070
       8.040	  0.070
       8.044	  0.062
       8.048	  0.060
       8.052	  0.060
       8.056	  0.060
       8.060	  0.058
       8.064	  0.060
       8.068	  0.075
       8.072	  0.217
       8.076	  0.100
       8.080	  0.062
       8.084	  0.040
       8.088	  0.013
       8.092	  0.030
       8.096	  0.062
       8.100	  0.060
       8.104	  0.037
       8.108	  0.048
       8.112	  0.072
       8.116	  0.075
       8.120	  0.062
       8.124	  0.068
       8.128	  0.085
       8.132	  0.095
       8.136	  0.083
       8.140	  0.085
       8.144	  0.098
       8.148	  0.117
       8.152	  0.122
       8.156	  0.125
       8.160	  0.130
       8.164	  0.138
       8.168	  0.150
       8.172	  0.160
       8.176	  0.165
       8.180	  0.160
       8.184	  0.145
       8.188	  0.120
       8.192	  0.107
       8.196	  0.095
       8.200	  0.077
       8.204	  0.062
       8.208	  0.048
       8.212	  0.037
       8.216	  0.035
       8.220	  0.030
       8.224	  0.030
       8.228	  0.025
       8.232	  0.033
       8.236	  0.028
       8.240	  0.028
       8.244	  0.025
       8.248	  0.028
       8.252	  0.030
       8.256	  0.025
       8.260	  0.025
       8.264	  0.020
       8.268	  0.007
       8.272	 -0.035
       8.276	 -0.070
       8.280	 -0.090
       8.284	 -0.077
       8.288	  0.000
       8.292	  0.163
       8.296	  0.425
       8.300	  0.703
       8.304	  0.985
       8.308	  1.290
       8.312	  1.603
       8.316	  1.897
       8.320	  2.098
       8.324	  2.230
       8.328	  2.130
       8.332	  1.750
       8.336	  1.117
       8.340	  0.578
       8.344	  0.200
       8.348	 -0.015
       8.352	 -0.080
       8.356	 -0.122
       8.360	 -0.182
       8.364	 -0.215
       8.368	 -0.190
       8.372	 -0.170
       8.376	 -0.188
       8.380	 -0.220
       8.384	 -0.207
       8.388	 -0.195
       8.392	 -0.205
       8.396	 -0.228
       8.400	 -0.223
       8.404	 -0.212
       8.408	 -0.217
       8.412	 -0.235
       8.416	 -0.230
       8.420	 -0.225
       8.424	 -0.233
       8.428	 -0.247
       8.432	 -0.245
       8.436	 -0.240
       8.440	 -0.237
       8.444	 -0.250
       8.448	 -0.255
       8.452	 -0.253
       8.456	 -0.250
       8.460	 -0.250
       8.464	 -0.260
       8.468	 -0.263
       8.472	 -0.268
       8.476	 -0.273
       8.480	 -0.273
       8.484	 -0.268
       8.488	 -0.268
       8.492	 -0.270
       8.496	 -0.275
       8.500	 -0.280
       8.504	 -0.282
       8.508	 -0.280
       8.512	 -0.287
       8.516	 -0.287
       8.520	 -0.290
       8.524	 -0.287
       8.528	 -0.295
       8.532	 -0.297
       8.536	 -0.297
       8.540	 -0.300
       8.544	 -0.305
       8.548	 -0.307
       8.552	 -0.302
       8.556	 -0.305
       8.560	 -0.307
       8.564	 -0.305
       8.568	 -0.305
       8.572	 -0.310
       8.576	 -0.305
       8.580	 -0.292
       8.584	 -0.285
       8.588	 -0.275
       8.592	 -0.263
       8.596	 -0.253
       8.600	 -0.240
       8.604	 -0.220
       8.608	 -0.198
       8.612	 -0.182
       8.616	 -0.160
       8.620	 -0.142
       8.624	 -0.122
       8.628	 -0.100
       8.632	 -0.075
       8.636	 -0.050
       8.640	 -0.025
       8.644	  0.003
       8.648	  0.028
       8.652	  0.048
       8.656	  0.062
       8.660	  0.075
       8.664	  0.083
       8.668	  0.095
       8.672	  0.098
       8.676	  0.105
       8.680	  0.110
       8.684	  0.110
       8.688	  0.107
       8.692	  0.105
       8.696	  0.102
       8.700	  0.098
       8.704	  0.090
       8.708	  0.085
       8.712	  0.080
       8.716	  0.080
       8.720	  0.077
       8.724	  0.075
       8.728	  0.077
       8.732	  0.077
       8.736	  0.077
       8.740	  0.077
       8.744	  0.072
       8.748	  0.075
       8.752	  0.075
       8.756	  0.075
       8.760	  0.072
       8.764	  0.075
       8.768	  0.075
       8.772	  0.072
       8.776	  0.075
       8.780	  0.077
       8.784	  0.075
       8.788	  0.072
       8.792	  0.077
       8.796	  0.072
       8.800	  0.075
       8.804	  0.077
       8.808	  0.077
       8.812	  0.070
       8.816	  0.072
       8.820	  0.072
       8.824	  0.125
       8.828	  0.212
       8.832	  0.095
       8.836	  0.068
       8.840	  0.040
       8.844	  0.018
       8.848	  0.048
       8.852	  0.085
       8.856	  0.070
       8.860	  0.050
       8.864	  0.062
       8.868	  0.083
       8.872	  0.077
       8.876	  0.068
       8.880	  0.080
       8.884	  0.100
       8.888	  0.102
       8.892	  0.098
       8.896	  0.098
       8.900	  0.115
       8.904	  0.120
       8.908	  0.117
       8.912	  0.125
       8.916	  0.140
       8.920	  0.152
       8.924	  0.168
       8.928	  0.168
       8.932	  0.168
       8.936	  0.160
       8.940	  0.142
       8.944	  0.125
       8.948	  0.115
       8.952	  0.098
       8.956	  0.075
       8.960	  0.060
       8.964	  0.048
       8.968	  0.045
       8.972	  0.043
       8.976	  0.037
       8.980	  0.040
       8.984	  0.037
       8.988	  0.035
       8.992	  0.030
       8.996	  0.028
       9.000	  0.033
       9.004	  0.030
       9.008	  0.030
       9.012	  0.022
       9.016	  0.028
       9.020	  0.022
       9.024	  0.000
       9.028	 -0.050
       9.032	 -0.080
       9.036	 -0.090
       9.040	 -0.060
       9.044	  0.055
       9.048	  0.270
       9.052	  0.555
       9.056	  0.835
       9.060	  1.135
       9.064	  1.458
       9.068	  1.770
       9.072	  2.015
       9.076	  2.195
       9.080	  2.243
       9.084	  2.018
       9.088	  1.478
       9.092	  0.830
       9.096	  0.352
       9.100	  0.060
       9.104	 -0.062
       9.108	 -0.095
       9.112	 -0.138
       9.116	 -0.198
       9.120	 -0.207
       9.124	 -0.165
       9.128	 -0.165
       9.132	 -0.203
       9.136	 -0.210
       9.140	 -0.193
       9.144	 -0.190
       9.148	 -0.212
       9.152	 -0.228
       9.156	 -0.217
       9.160	 -0.207
       9.164	 -0.220
       9.168	 -0.230
       9.172	 -0.225
       9.176	 -0.220
       9.180	 -0.228
       9.184	 -0.240
       9.188	 -0.235
       9.192	 -0.230
       9.196	 -0.235
       9.200	 -0.242
       9.204	 -0.247
       9.208	 -0.245
       9.212	 -0.250
       9.216	 -0.250
       9.220	 -0.255
       9.224	 -0.253
       9.228	 -0.255
       9.232	 -0.263
       9.236	 -0.265
       9.240	 -0.263
       9.244	 -0.268
       9.248	 -0.273
       9.252	 -0.270
       9.256	 -0.273
       9.260	 -0.280
       9.264	 -0.278
       9.268	 -0.278
       9.272	 -0.282
       9.276	 -0.282
       9.280	 -0.285
       9.284	 -0.290
       9.288	 -0.290
       9.292	 -0.292
       9.296	 -0.297
       9.300	 -0.300
       9.304	 -0.302
       9.308	 -0.300
       9.312	 -0.302
       9.316	 -0.300
       9.320	 -0.300
       9.324	 -0.300
       9.328	 -0.300
       9.332	 -0.290
       9.336	 -0.285
       9.340	 -0.278
       9.344	 -0.268
       9.348	 -0.250
       9.352	 -0.240
       9.356	 -0.223
       9.360	 -0.210
       9.364	 -0.193
       9.368	 -0.168
       9.372	 -0.152
       9.376	 -0.133
       9.380	 -0.110
       9.384	 -0.087
       9.388	 -0.065
       9.392	 -0.037
       9.396	  0.000
       9.400	  0.022
       9.404	  0.037
       9.408	  0.055
       9.412	  0.068
       9.416	  0.080
       9.420	  0.087
       9.424	  0.098
       9.428	  0.102
       9.432	  0.107
       9.436	  0.107
       9.440	  0.105
       9.444	  0.100
       9.448	  0.098
       9.452	  0.098
       9.456	  0.092
       9.460	  0.087
       9.464	  0.080
       9.468	  0.080
       9.472	  0.077
       9.476	  0.075
       9.480	  0.070
       9.484	  0.068
       9.488	  0.060
       9.492	  0.065
       9.496	  0.062
       9.500	  0.068
       9.504	  0.062
       9.508	  0.062
       9.512	  0.060
       9.516	  0.062
       9.520	  0.060
       9.524	  0.060
       9.528	  0.058
       9.532	  0.060
       9.536	  0.060
       9.540	  0.062
       9.544	  0.058
       9.548	  0.058
       9.552	  0.058
       9.556	  0.058
       9.560	  0.058
       9.564	  0.058
       9.568	  0.060
       9.572	  0.060
       9.576	  0.058
       9.580	  0.175
       9.584	  0.177
       9.588	  0.070
       9.592	  0.050
       9.596	  0.015
       9.600	  0.005
       9.604	  0.040
       9.608	  0.065
       9.612	  0.037
       9.616	  0.028
       9.620	  0.043
       9.624	  0.062
       9.628	  0.058
       9.632	  0.045
       9.636	  0.062
       9.640	  0.087
       9.644	  0.083
       9.648	  0.075
       9.652	  0.080
       9.656	  0.098
       9.660	  0.100
       9.664	  0.100
       9.668	  0.113
       9.672	  0.125
       9.676	  0.140
       9.680	  0.147
       9.684	  0.145
       9.688	  0.138
       9.692	  0.130
       9.696	  0.115
       9.700	  0.098
       9.704	  0.090
       9.708	  0.075
       9.712	  0.050
       9.716	  0.035
       9.720	  0.020
       9.724	  0.018
       9.728	  0.015
       9.732	  0.013
       9.736	  0.013
       9.740	  0.015
       9.744	  0.007
       9.748	  0.010
       9.752	  0.010
       9.756	  0.010
       9.760	  0.007
       9.764	  0.010
       9.768	  0.007
       9.772	  0.000
       9.776	 -0.022
       9.780	 -0.048
       9.784	 -0.080
       9.788	 -0.107
       9.792	 -0.102
       9.796	 -0.062
       9.800	  0.077
       9.804	  0.307
       9.808	  0.600
       9.812	  0.880
       9.816	  1.190
       9.820	  1.508
       9.824	  1.815
       9.828	  2.040
       9.832	  2.208
       9.836	  2.195
       9.840	  1.905
       9.844	  1.298
       9.848	  0.682
       9.852	  0.258
       9.856	  0.005
       9.860	 -0.100
       9.864	 -0.133
       9.868	 -0.185
       9.872	 -0.233
       9.876	 -0.223
       9.880	 -0.185
       9.884	 -0.195
       9.888	 -0.237
       9.892	 -0.240
       9.896	 -0.223
       9.900	 -0.217
       9.904	 -0.242
       9.908	 -0.250
       9.912	 -0.237
       9.916	 -0.237
       9.920	 -0.255
       9.924	 -0.263
       9.928	 -0.255
       9.932	 -0.250
       9.936	 -0.263
       9.940	 -0.268
       9.944	 -0.270
       9.948	 -0.265
       9.952	 -0.273
       9.956	 -0.278
       9.960	 -0.278
       9.964	 -0.278
       9.968	 -0.278
       9.972	 -0.287
       9.976	 -0.292
       9.980	 -0.287
       9.984	 -0.290
       9.988	 -0.297
       9.992	 -0.297
       9.996	 -0.300
