Elapsed_time	ECG
       0.000	 -0.110
       0.004	 -0.052
       0.008	 -0.013
       0.012	  0.022
       0.016	  0.060
       0.020	  0.087
       0.024	  0.120
       0.028	  0.128
       0.032	  0.150
       0.036	  0.190
       0.040	  0.217
       0.044	  0.205
       0.048	  0.203
       0.052	  0.188
       0.056	  0.170
       0.060	  0.152
       0.064	  0.140
       0.068	  0.130
       0.072	  0.090
       0.076	  0.085
       0.080	  0.085
       0.084	  0.070
       0.088	  0.037
       0.092	  0.033
       0.096	  0.007
       0.100	 -0.013
       0.104	 -0.020
       0.108	  0.000
       0.112	  0.003
       0.116	  0.007
       0.120	  0.003
       0.124	 -0.013
       0.128	 -0.022
       0.132	 -0.020
       0.136	  0.010
       0.140	  0.007
       0.144	 -0.033
       0.148	 -0.043
       0.152	 -0.033
       0.156	 -0.030
       0.160	 -0.040
       0.164	 -0.048
       0.168	 -0.020
       0.172	  0.020
       0.176	  0.018
       0.180	  0.022
       0.184	  0.028
       0.188	  0.020
       0.192	  0.037
       0.196	  0.037
       0.200	  0.037
       0.204	  0.022
       0.208	  0.018
       0.212	  0.020
       0.216	  0.028
       0.220	  0.015
       0.224	  0.015
       0.228	  0.022
       0.232	  0.030
       0.236	  0.022
       0.240	  0.037
       0.244	  0.052
       0.248	  0.040
       0.252	  0.030
       0.256	  0.020
       0.260	  0.022
       0.264	  0.015
       0.268	  0.037
       0.272	  0.030
       0.276	  0.033
       0.280	  0.065
       0.284	  0.075
       0.288	  0.087
       0.292	  0.133
       0.296	  0.180
       0.300	  0.250
       0.304	  0.302
       0.308	  0.333
       0.312	  0.362
       0.316	  0.400
       0.320	  0.472
       0.324	  0.547
       0.328	  0.570
       0.332	  0.627
       0.336	  0.632
       0.340	  0.562
       0.344	  0.505
       0.348	  0.497
       0.352	  0.477
       0.356	  0.410
       0.360	  0.245
       0.364	  0.058
       0.368	 -0.095
       0.372	 -0.180
       0.376	 -0.185
       0.380	 -0.198
       0.384	 -0.182
       0.388	 -0.160
       0.392	 -0.130
       0.396	 -0.155
       0.400	 -0.200
       0.404	 -0.237
       0.408	 -0.223
       0.412	 -0.195
       0.416	 -0.185
       0.420	 -0.195
       0.424	 -0.190
       0.428	 -0.205
       0.432	 -0.242
       0.436	 -0.242
       0.440	 -0.170
       0.444	  0.075
       0.448	  0.427
       0.452	  0.723
       0.456	  0.985
       0.460	  1.345
       0.464	  1.417
       0.468	  1.248
       0.472	  1.035
       0.476	  0.980
       0.480	  1.095
       0.484	  1.465
       0.488	  1.655
       0.492	  1.390
       0.496	  0.745
       0.500	  0.113
       0.504	 -0.365
       0.508	 -0.642
       0.512	 -0.770
       0.516	 -0.820
       0.520	 -0.858
       0.524	 -0.833
       0.528	 -0.825
       0.532	 -0.787
       0.536	 -0.797
       0.540	 -0.787
       0.544	 -0.800
       0.548	 -0.752
       0.552	 -0.705
       0.556	 -0.682
       0.560	 -0.685
       0.564	 -0.698
       0.568	 -0.760
       0.572	 -0.782
       0.576	 -0.748
       0.580	 -0.710
       0.584	 -0.715
       0.588	 -0.755
       0.592	 -0.743
       0.596	 -0.745
       0.600	 -0.730
       0.604	 -0.723
       0.608	 -0.730
       0.612	 -0.760
       0.616	 -0.728
       0.620	 -0.723
       0.624	 -0.708
       0.628	 -0.693
       0.632	 -0.655
       0.636	 -0.650
       0.640	 -0.647
       0.644	 -0.645
       0.648	 -0.583
       0.652	 -0.505
       0.656	 -0.453
       0.660	 -0.422
       0.664	 -0.422
       0.668	 -0.425
       0.672	 -0.385
       0.676	 -0.340
       0.680	 -0.312
       0.684	 -0.282
       0.688	 -0.278
       0.692	 -0.233
       0.696	 -0.207
       0.700	 -0.182
       0.704	 -0.198
       0.708	 -0.212
       0.712	 -0.210
       0.716	 -0.180
       0.720	 -0.098
       0.724	 -0.077
       0.728	 -0.070
       0.732	 -0.083
       0.736	 -0.105
       0.740	 -0.130
       0.744	 -0.107
       0.748	 -0.033
       0.752	 -0.015
       0.756	 -0.035
       0.760	 -0.025
       0.764	  0.010
       0.768	  0.095
       0.772	  0.203
       0.776	  0.263
       0.780	  0.250
       0.784	  0.225
       0.788	  0.247
       0.792	  0.350
       0.796	  0.440
       0.800	  0.540
       0.804	  0.510
       0.808	  0.390
       0.812	  0.310
       0.816	  0.300
       0.820	  0.312
       0.824	  0.310
       0.828	  0.207
       0.832	 -0.033
       0.836	 -0.220
       0.840	 -0.302
       0.844	 -0.325
       0.848	 -0.340
       0.852	 -0.345
       0.856	 -0.312
       0.860	 -0.302
       0.864	 -0.305
       0.868	 -0.282
       0.872	 -0.258
       0.876	 -0.268
       0.880	 -0.278
       0.884	 -0.278
       0.888	 -0.318
       0.892	 -0.323
       0.896	 -0.255
       0.900	 -0.172
       0.904	 -0.185
       0.908	 -0.240
       0.912	 -0.255
       0.916	 -0.107
       0.920	  0.203
       0.924	  0.537
       0.928	  0.833
       0.932	  1.130
       0.936	  1.433
       0.940	  1.458
       0.944	  1.288
       0.948	  1.208
       0.952	  1.165
       0.956	  1.310
       0.960	  1.555
       0.964	  1.708
       0.968	  1.455
       0.972	  1.000
       0.976	  0.507
       0.980	  0.052
       0.984	 -0.305
       0.988	 -0.537
       0.992	 -0.613
       0.996	 -0.688
       1.000	 -0.752
       1.004	 -0.780
       1.008	 -0.733
       1.012	 -0.652
       1.016	 -0.710
       1.020	 -0.703
       1.024	 -0.675
       1.028	 -0.700
       1.032	 -0.695
       1.036	 -0.593
       1.040	 -0.580
       1.044	 -0.580
       1.048	 -0.588
       1.052	 -0.600
       1.056	 -0.593
       1.060	 -0.613
       1.064	 -0.662
       1.068	 -0.713
       1.072	 -0.703
       1.076	 -0.685
       1.080	 -0.620
       1.084	 -0.568
       1.088	 -0.603
       1.092	 -0.640
       1.096	 -0.655
       1.100	 -0.655
       1.104	 -0.637
       1.108	 -0.545
       1.112	 -0.500
       1.116	 -0.412
       1.120	 -0.415
       1.124	 -0.427
       1.128	 -0.343
       1.132	 -0.285
       1.136	 -0.250
       1.140	 -0.268
       1.144	 -0.250
       1.148	 -0.182
       1.152	 -0.142
       1.156	 -0.122
       1.160	 -0.087
       1.164	 -0.095
       1.168	 -0.142
       1.172	 -0.140
       1.176	 -0.110
       1.180	 -0.020
       1.184	  0.058
       1.188	  0.055
       1.192	  0.083
       1.196	  0.055
       1.200	  0.043
       1.204	  0.060
       1.208	  0.068
       1.212	  0.010
       1.216	 -0.043
       1.220	  0.058
       1.224	  0.098
       1.228	  0.055
       1.232	  0.055
       1.236	  0.142
       1.240	  0.388
       1.244	  0.660
       1.248	  0.980
       1.252	  1.360
       1.256	  1.478
       1.260	  1.255
       1.264	  1.030
       1.268	  0.988
       1.272	  1.058
       1.276	  1.140
       1.280	  0.797
       1.284	  0.185
       1.288	 -0.510
       1.292	 -1.107
       1.296	 -1.320
       1.300	 -1.185
       1.304	 -0.945
       1.308	 -0.642
       1.312	 -0.410
       1.316	 -0.352
       1.320	 -0.352
       1.324	 -0.320
       1.328	 -0.255
       1.332	 -0.188
       1.336	 -0.207
       1.340	 -0.245
       1.344	 -0.207
       1.348	 -0.158
       1.352	 -0.165
       1.356	 -0.195
       1.360	 -0.175
       1.364	 -0.138
       1.368	 -0.160
       1.372	 -0.193
       1.376	 -0.185
       1.380	 -0.158
       1.384	 -0.170
       1.388	 -0.193
       1.392	 -0.172
       1.396	 -0.138
       1.400	 -0.110
       1.404	 -0.122
       1.408	 -0.102
       1.412	 -0.062
       1.416	  0.018
       1.420	  0.075
       1.424	  0.115
       1.428	  0.147
       1.432	  0.180
       1.436	  0.223
       1.440	  0.258
       1.444	  0.270
       1.448	  0.275
       1.452	  0.280
       1.456	  0.275
       1.460	  0.278
       1.464	  0.263
       1.468	  0.253
       1.472	  0.228
       1.476	  0.212
       1.480	  0.198
       1.484	  0.188
       1.488	  0.177
       1.492	  0.182
       1.496	  0.165
       1.500	  0.158
       1.504	  0.135
       1.508	  0.128
       1.512	  0.113
       1.516	  0.115
       1.520	  0.120
       1.524	  0.098
       1.528	  0.098
       1.532	  0.100
       1.536	  0.090
       1.540	  0.083
       1.544	  0.085
       1.548	  0.092
       1.552	  0.098
       1.556	  0.098
       1.560	  0.107
       1.564	  0.125
       1.568	  0.142
       1.572	  0.150
       1.576	  0.160
       1.580	  0.147
       1.584	  0.140
       1.588	  0.140
       1.592	  0.138
       1.596	  0.147
       1.600	  0.165
       1.604	  0.170
       1.608	  0.177
       1.612	  0.180
       1.616	  0.185
       1.620	  0.180
       1.624	  0.182
       1.628	  0.190
       1.632	  0.190
       1.636	  0.190
       1.640	  0.175
       1.644	  0.175
       1.648	  0.190
       1.652	  0.205
       1.656	  0.223
       1.660	  0.225
       1.664	  0.223
       1.668	  0.220
       1.672	  0.215
       1.676	  0.225
       1.680	  0.228
       1.684	  0.240
       1.688	  0.247
       1.692	  0.278
       1.696	  0.310
       1.700	  0.355
       1.704	  0.395
       1.708	  0.435
       1.712	  0.495
       1.716	  0.580
       1.720	  0.645
       1.724	  0.698
       1.728	  0.740
       1.732	  0.810
       1.736	  0.892
       1.740	  0.943
       1.744	  0.970
       1.748	  0.955
       1.752	  0.910
       1.756	  0.865
       1.760	  0.823
       1.764	  0.777
       1.768	  0.710
       1.772	  0.545
       1.776	  0.330
       1.780	  0.135
       1.784	  0.020
       1.788	 -0.022
       1.792	 -0.015
       1.796	 -0.013
       1.800	 -0.025
       1.804	 -0.062
       1.808	 -0.062
       1.812	 -0.077
       1.816	 -0.090
       1.820	 -0.113
       1.824	 -0.125
       1.828	 -0.130
       1.832	 -0.135
       1.836	 -0.140
       1.840	 -0.133
       1.844	 -0.150
       1.848	 -0.155
       1.852	 -0.075
       1.856	  0.160
       1.860	  0.507
       1.864	  0.860
       1.868	  1.130
       1.872	  1.468
       1.876	  1.788
       1.880	  1.732
       1.884	  1.515
       1.888	  1.327
       1.892	  1.285
       1.896	  1.498
       1.900	  1.885
       1.904	  1.875
       1.908	  1.425
       1.912	  0.780
       1.916	  0.255
       1.920	 -0.142
       1.924	 -0.438
       1.928	 -0.605
       1.932	 -0.730
       1.936	 -0.805
       1.940	 -0.848
       1.944	 -0.840
       1.948	 -0.815
       1.952	 -0.787
       1.956	 -0.765
       1.960	 -0.740
       1.964	 -0.728
       1.968	 -0.745
       1.972	 -0.748
       1.976	 -0.728
       1.980	 -0.723
       1.984	 -0.738
       1.988	 -0.748
       1.992	 -0.750
       1.996	 -0.757
       2.000	 -0.743
       2.004	 -0.745
       2.008	 -0.745
       2.012	 -0.755
       2.016	 -0.745
       2.020	 -0.735
       2.024	 -0.730
       2.028	 -0.733
       2.032	 -0.728
       2.036	 -0.718
       2.040	 -0.695
       2.044	 -0.685
       2.048	 -0.655
       2.052	 -0.632
       2.056	 -0.613
       2.060	 -0.573
       2.064	 -0.527
       2.068	 -0.477
       2.072	 -0.448
       2.076	 -0.403
       2.080	 -0.362
       2.084	 -0.325
       2.088	 -0.290
       2.092	 -0.245
       2.096	 -0.223
       2.100	 -0.205
       2.104	 -0.193
       2.108	 -0.163
       2.112	 -0.128
       2.116	 -0.105
       2.120	 -0.098
       2.124	 -0.080
       2.128	 -0.077
       2.132	 -0.065
       2.136	 -0.052
       2.140	 -0.043
       2.144	 -0.022
       2.148	  0.020
       2.152	  0.033
       2.156	  0.043
       2.160	  0.062
       2.164	  0.090
       2.168	  0.122
       2.172	  0.142
       2.176	  0.168
       2.180	  0.198
       2.184	  0.255
       2.188	  0.340
       2.192	  0.403
       2.196	  0.430
       2.200	  0.460
       2.204	  0.500
       2.208	  0.560
       2.212	  0.600
       2.216	  0.627
       2.220	  0.598
       2.224	  0.557
       2.228	  0.510
       2.232	  0.487
       2.236	  0.450
       2.240	  0.372
       2.244	  0.215
       2.248	  0.000
       2.252	 -0.215
       2.256	 -0.340
       2.260	 -0.380
       2.264	 -0.365
       2.268	 -0.345
       2.272	 -0.350
       2.276	 -0.357
       2.280	 -0.360
       2.284	 -0.347
       2.288	 -0.343
       2.292	 -0.328
       2.296	 -0.320
       2.300	 -0.297
       2.304	 -0.287
       2.308	 -0.282
       2.312	 -0.278
       2.316	 -0.253
       2.320	 -0.255
       2.324	 -0.275
       2.328	 -0.233
       2.332	 -0.055
       2.336	  0.285
       2.340	  0.670
       2.344	  0.988
       2.348	  1.308
       2.352	  1.698
       2.356	  1.782
       2.360	  1.660
       2.364	  1.528
       2.368	  1.488
       2.372	  1.615
       2.376	  1.970
       2.380	  2.138
       2.384	  1.915
       2.388	  1.395
       2.392	  0.820
       2.396	  0.367
       2.400	 -0.065
       2.404	 -0.378
       2.408	 -0.568
       2.412	 -0.723
       2.416	 -0.802
       2.420	 -0.828
       2.424	 -0.802
       2.428	 -0.772
       2.432	 -0.740
       2.436	 -0.720
       2.440	 -0.713
       2.444	 -0.708
       2.448	 -0.713
       2.452	 -0.710
       2.456	 -0.703
       2.460	 -0.695
       2.464	 -0.698
       2.468	 -0.693
       2.472	 -0.703
       2.476	 -0.720
       2.480	 -0.723
       2.484	 -0.725
       2.488	 -0.743
       2.492	 -0.757
       2.496	 -0.762
       2.500	 -0.752
       2.504	 -0.755
       2.508	 -0.752
       2.512	 -0.745
       2.516	 -0.738
       2.520	 -0.708
       2.524	 -0.680
       2.528	 -0.662
       2.532	 -0.632
       2.536	 -0.590
       2.540	 -0.537
       2.544	 -0.490
       2.548	 -0.440
       2.552	 -0.393
       2.556	 -0.365
       2.560	 -0.325
       2.564	 -0.278
       2.568	 -0.250
       2.572	 -0.223
       2.576	 -0.185
       2.580	 -0.160
       2.584	 -0.135
       2.588	 -0.113
       2.592	 -0.085
       2.596	 -0.077
       2.600	 -0.058
       2.604	 -0.050
       2.608	 -0.030
       2.612	 -0.018
       2.616	  0.020
       2.620	  0.033
       2.624	  0.050
       2.628	  0.060
       2.632	  0.065
       2.636	  0.045
       2.640	  0.010
       2.644	 -0.015
       2.648	  0.058
       2.652	  0.247
       2.656	  0.530
       2.660	  0.833
       2.664	  1.268
       2.668	  1.635
       2.672	  1.583
       2.676	  1.340
       2.680	  1.208
       2.684	  1.190
       2.688	  1.298
       2.692	  1.165
       2.696	  0.588
       2.700	 -0.115
       2.704	 -0.823
       2.708	 -1.268
       2.712	 -1.302
       2.716	 -1.103
       2.720	 -0.860
       2.724	 -0.600
       2.728	 -0.485
       2.732	 -0.485
       2.736	 -0.455
       2.740	 -0.367
       2.744	 -0.268
       2.748	 -0.265
       2.752	 -0.310
       2.756	 -0.310
       2.760	 -0.260
       2.764	 -0.260
       2.768	 -0.290
       2.772	 -0.282
       2.776	 -0.258
       2.780	 -0.260
       2.784	 -0.292
       2.788	 -0.318
       2.792	 -0.320
       2.796	 -0.320
       2.800	 -0.312
       2.804	 -0.320
       2.808	 -0.302
       2.812	 -0.300
       2.816	 -0.285
       2.820	 -0.265
       2.824	 -0.210
       2.828	 -0.142
       2.832	 -0.098
       2.836	 -0.075
       2.840	 -0.037
       2.844	  0.013
       2.848	  0.055
       2.852	  0.098
       2.856	  0.130
       2.860	  0.142
       2.864	  0.150
       2.868	  0.160
       2.872	  0.163
       2.876	  0.155
       2.880	  0.122
       2.884	  0.115
       2.888	  0.095
       2.892	  0.077
       2.896	  0.062
       2.900	  0.065
       2.904	  0.048
       2.908	  0.030
       2.912	  0.010
       2.916	  0.000
       2.920	 -0.030
       2.924	 -0.045
       2.928	 -0.055
       2.932	 -0.060
       2.936	 -0.043
       2.940	 -0.030
       2.944	 -0.030
       2.948	 -0.022
       2.952	 -0.010
       2.956	 -0.010
       2.960	 -0.015
       2.964	  0.005
       2.968	  0.010
       2.972	  0.000
       2.976	  0.003
       2.980	  0.015
       2.984	 -0.010
       2.988	 -0.028
       2.992	 -0.013
       2.996	  0.015
       3.000	  0.037
       3.004	  0.040
       3.008	  0.037
       3.012	  0.050
       3.016	  0.050
       3.020	  0.035
       3.024	  0.052
       3.028	  0.062
       3.032	  0.070
       3.036	  0.087
       3.040	  0.087
       3.044	  0.080
       3.048	  0.077
       3.052	  0.077
       3.056	  0.092
       3.060	  0.095
       3.064	  0.085
       3.068	  0.077
       3.072	  0.098
       3.076	  0.117
       3.080	  0.115
       3.084	  0.113
       3.088	  0.110
       3.092	  0.115
       3.096	  0.125
       3.100	  0.152
       3.104	  0.160
       3.108	  0.175
       3.112	  0.198
       3.116	  0.240
       3.120	  0.282
       3.124	  0.310
       3.128	  0.367
       3.132	  0.480
       3.136	  0.580
       3.140	  0.650
       3.144	  0.705
       3.148	  0.748
       3.152	  0.830
       3.156	  0.895
       3.160	  0.940
       3.164	  0.938
       3.168	  0.900
       3.172	  0.835
       3.176	  0.800
       3.180	  0.757
       3.184	  0.690
       3.188	  0.527
       3.192	  0.302
       3.196	  0.098
       3.200	 -0.040
       3.204	 -0.090
       3.208	 -0.087
       3.212	 -0.085
       3.216	 -0.090
       3.220	 -0.102
       3.224	 -0.113
       3.228	 -0.120
       3.232	 -0.138
       3.236	 -0.150
       3.240	 -0.158
       3.244	 -0.147
       3.248	 -0.150
       3.252	 -0.168
       3.256	 -0.180
       3.260	 -0.205
       3.264	 -0.223
       3.268	 -0.170
       3.272	  0.028
       3.276	  0.367
       3.280	  0.718
       3.284	  0.998
       3.288	  1.327
       3.292	  1.755
       3.296	  1.830
       3.300	  1.738
       3.304	  1.655
       3.308	  1.643
       3.312	  1.768
       3.316	  2.123
       3.320	  2.165
       3.324	  1.768
       3.328	  1.150
       3.332	  0.568
       3.336	  0.145
       3.340	 -0.205
       3.344	 -0.432
       3.348	 -0.595
       3.352	 -0.770
       3.356	 -0.890
       3.360	 -0.915
       3.364	 -0.895
       3.368	 -0.855
       3.372	 -0.823
       3.376	 -0.800
       3.380	 -0.790
       3.384	 -0.805
       3.388	 -0.805
       3.392	 -0.797
       3.396	 -0.807
       3.400	 -0.785
       3.404	 -0.797
       3.408	 -0.782
       3.412	 -0.765
       3.416	 -0.762
       3.420	 -0.782
       3.424	 -0.795
       3.428	 -0.800
       3.432	 -0.805
       3.436	 -0.815
       3.440	 -0.805
       3.444	 -0.807
       3.448	 -0.802
       3.452	 -0.772
       3.456	 -0.762
       3.460	 -0.748
       3.464	 -0.723
       3.468	 -0.682
       3.472	 -0.660
       3.476	 -0.647
       3.480	 -0.615
       3.484	 -0.573
       3.488	 -0.545
       3.492	 -0.505
       3.496	 -0.472
       3.500	 -0.440
       3.504	 -0.417
       3.508	 -0.388
       3.512	 -0.345
       3.516	 -0.302
       3.520	 -0.285
       3.524	 -0.263
       3.528	 -0.242
       3.532	 -0.220
       3.536	 -0.198
       3.540	 -0.180
       3.544	 -0.172
       3.548	 -0.170
       3.552	 -0.170
       3.556	 -0.147
       3.560	 -0.128
       3.564	 -0.105
       3.568	 -0.070
       3.572	 -0.040
       3.576	 -0.037
       3.580	 -0.030
       3.584	  0.007
       3.588	  0.018
       3.592	  0.060
       3.596	  0.113
       3.600	  0.163
       3.604	  0.230
       3.608	  0.330
       3.612	  0.403
       3.616	  0.458
       3.620	  0.477
       3.624	  0.522
       3.628	  0.575
       3.632	  0.608
       3.636	  0.610
       3.640	  0.565
       3.644	  0.502
       3.648	  0.465
       3.652	  0.450
       3.656	  0.417
       3.660	  0.330
       3.664	  0.147
       3.668	 -0.068
       3.672	 -0.233
       3.676	 -0.305
       3.680	 -0.305
       3.684	 -0.287
       3.688	 -0.290
       3.692	 -0.305
       3.696	 -0.292
       3.700	 -0.245
       3.704	 -0.237
       3.708	 -0.230
       3.712	 -0.220
       3.716	 -0.203
       3.720	 -0.195
       3.724	 -0.190
       3.728	 -0.177
       3.732	 -0.168
       3.736	 -0.165
       3.740	 -0.182
       3.744	 -0.190
       3.748	 -0.102
       3.752	  0.133
       3.756	  0.487
       3.760	  0.812
       3.764	  1.073
       3.768	  1.380
       3.772	  1.590
       3.776	  1.472
       3.780	  1.365
       3.784	  1.327
       3.788	  1.400
       3.792	  1.660
       3.796	  1.960
       3.800	  1.890
       3.804	  1.478
       3.808	  0.922
       3.812	  0.415
       3.816	  0.000
       3.820	 -0.315
       3.824	 -0.475
       3.828	 -0.570
       3.832	 -0.635
       3.836	 -0.662
       3.840	 -0.645
       3.844	 -0.608
       3.848	 -0.573
       3.852	 -0.552
       3.856	 -0.545
       3.860	 -0.545
       3.864	 -0.545
       3.868	 -0.525
       3.872	 -0.495
       3.876	 -0.485
       3.880	 -0.515
       3.884	 -0.530
       3.888	 -0.540
       3.892	 -0.540
       3.896	 -0.532
       3.900	 -0.532
       3.904	 -0.542
       3.908	 -0.555
       3.912	 -0.560
       3.916	 -0.542
       3.920	 -0.535
       3.924	 -0.532
       3.928	 -0.537
       3.932	 -0.525
       3.936	 -0.502
       3.940	 -0.465
       3.944	 -0.425
       3.948	 -0.390
       3.952	 -0.362
       3.956	 -0.340
       3.960	 -0.297
       3.964	 -0.255
       3.968	 -0.225
       3.972	 -0.200
       3.976	 -0.160
       3.980	 -0.130
       3.984	 -0.087
       3.988	 -0.060
       3.992	 -0.052
       3.996	 -0.050
       4.000	 -0.030
       4.004	  0.003
       4.008	  0.022
       4.012	  0.037
       4.016	  0.037
       4.020	  0.037
       4.024	  0.055
       4.028	  0.068
       4.032	  0.087
       4.036	  0.102
       4.040	  0.102
       4.044	  0.115
       4.048	  0.147
       4.052	  0.152
       4.056	  0.107
       4.060	  0.087
       4.064	  0.135
       4.068	  0.287
       4.072	  0.535
       4.076	  0.772
       4.080	  1.065
       4.084	  1.355
       4.088	  1.323
       4.092	  1.110
       4.096	  0.940
       4.100	  0.920
       4.104	  1.020
       4.108	  0.917
       4.112	  0.375
       4.116	 -0.290
       4.120	 -0.910
       4.124	 -1.295
       4.128	 -1.282
       4.132	 -1.065
       4.136	 -0.818
       4.140	 -0.573
       4.144	 -0.383
       4.148	 -0.318
       4.152	 -0.310
       4.156	 -0.253
       4.160	 -0.172
       4.164	 -0.152
       4.168	 -0.175
       4.172	 -0.170
       4.176	 -0.133
       4.180	 -0.117
       4.184	 -0.138
       4.188	 -0.155
       4.192	 -0.140
       4.196	 -0.130
       4.200	 -0.138
       4.204	 -0.160
       4.208	 -0.147
       4.212	 -0.135
       4.216	 -0.133
       4.220	 -0.138
       4.224	 -0.128
       4.228	 -0.113
       4.232	 -0.090
       4.236	 -0.072
       4.240	 -0.040
       4.244	  0.005
       4.248	  0.045
       4.252	  0.087
       4.256	  0.142
       4.260	  0.177
       4.264	  0.190
       4.268	  0.198
       4.272	  0.215
       4.276	  0.217
       4.280	  0.207
       4.284	  0.220
       4.288	  0.220
       4.292	  0.207
       4.296	  0.198
       4.300	  0.195
       4.304	  0.177
       4.308	  0.170
       4.312	  0.150
       4.316	  0.147
       4.320	  0.135
       4.324	  0.120
       4.328	  0.100
       4.332	  0.090
       4.336	  0.080
       4.340	  0.065
       4.344	  0.077
       4.348	  0.077
       4.352	  0.050
       4.356	  0.033
       4.360	  0.028
       4.364	  0.048
       4.368	  0.052
       4.372	  0.035
       4.376	  0.028
       4.380	  0.030
       4.384	  0.033
       4.388	  0.028
       4.392	  0.028
       4.396	  0.030
       4.400	  0.030
       4.404	  0.033
       4.408	  0.045
       4.412	  0.043
       4.416	  0.040
       4.420	  0.037
       4.424	  0.050
       4.428	  0.052
       4.432	  0.070
       4.436	  0.072
       4.440	  0.077
       4.444	  0.060
       4.448	  0.062
       4.452	  0.062
       4.456	  0.060
       4.460	  0.058
       4.464	  0.055
       4.468	  0.068
       4.472	  0.070
       4.476	  0.070
       4.480	  0.060
       4.484	  0.060
       4.488	  0.062
       4.492	  0.068
       4.496	  0.077
       4.500	  0.092
       4.504	  0.095
       4.508	  0.110
       4.512	  0.107
       4.516	  0.117
       4.520	  0.128
       4.524	  0.147
       4.528	  0.170
       4.532	  0.210
       4.536	  0.253
       4.540	  0.310
       4.544	  0.398
       4.548	  0.468
       4.552	  0.500
       4.556	  0.540
       4.560	  0.603
       4.564	  0.652
       4.568	  0.718
       4.572	  0.755
       4.576	  0.728
       4.580	  0.680
       4.584	  0.655
       4.588	  0.632
       4.592	  0.600
       4.596	  0.540
       4.600	  0.395
       4.604	  0.195
       4.608	  0.030
       4.612	 -0.065
       4.616	 -0.075
       4.620	 -0.065
       4.624	 -0.052
       4.628	 -0.070
       4.632	 -0.090
       4.636	 -0.100
       4.640	 -0.120
       4.644	 -0.133
       4.648	 -0.125
       4.652	 -0.110
       4.656	 -0.120
       4.660	 -0.147
       4.664	 -0.163
       4.668	 -0.168
       4.672	 -0.168
       4.676	 -0.142
       4.680	 -0.080
       4.684	  0.133
       4.688	  0.448
       4.692	  0.762
       4.696	  1.030
       4.700	  1.370
       4.704	  1.590
       4.708	  1.490
       4.712	  1.298
       4.716	  1.215
       4.720	  1.260
       4.724	  1.548
       4.728	  1.870
       4.732	  1.750
       4.736	  1.195
       4.740	  0.552
       4.744	  0.048
       4.748	 -0.328
       4.752	 -0.547
       4.756	 -0.647
       4.760	 -0.725
       4.764	 -0.762
       4.768	 -0.782
       4.772	 -0.775
       4.776	 -0.755
       4.780	 -0.740
       4.784	 -0.705
       4.788	 -0.685
       4.792	 -0.675
       4.796	 -0.685
       4.800	 -0.677
       4.804	 -0.680
       4.808	 -0.685
       4.812	 -0.703
       4.816	 -0.700
       4.820	 -0.698
       4.824	 -0.700
       4.828	 -0.720
       4.832	 -0.720
       4.836	 -0.718
       4.840	 -0.718
       4.844	 -0.715
       4.848	 -0.708
       4.852	 -0.700
       4.856	 -0.703
       4.860	 -0.690
       4.864	 -0.680
       4.868	 -0.657
       4.872	 -0.642
       4.876	 -0.623
       4.880	 -0.578
       4.884	 -0.547
       4.888	 -0.517
       4.892	 -0.482
       4.896	 -0.463
       4.900	 -0.417
       4.904	 -0.375
       4.908	 -0.340
       4.912	 -0.318
       4.916	 -0.287
       4.920	 -0.273
       4.924	 -0.255
       4.928	 -0.242
       4.932	 -0.207
       4.936	 -0.182
       4.940	 -0.155
       4.944	 -0.138
       4.948	 -0.110
       4.952	 -0.092
       4.956	 -0.090
       4.960	 -0.095
       4.964	 -0.092
       4.968	 -0.090
       4.972	 -0.070
       4.976	 -0.045
       4.980	 -0.043
       4.984	 -0.030
       4.988	  0.000
       4.992	  0.037
       4.996	  0.055
       5.000	  0.083
       5.004	  0.120
       5.008	  0.172
       5.012	  0.235
       5.016	  0.307
       5.020	  0.380
       5.024	  0.410
       5.028	  0.403
       5.032	  0.435
       5.036	  0.475
       5.040	  0.490
       5.044	  0.515
       5.048	  0.510
       5.052	  0.472
       5.056	  0.427
       5.060	  0.403
       5.064	  0.367
       5.068	  0.273
       5.072	  0.110
       5.076	 -0.095
       5.080	 -0.260
       5.084	 -0.347
       5.088	 -0.380
       5.092	 -0.362
       5.096	 -0.347
       5.100	 -0.347
       5.104	 -0.352
       5.108	 -0.333
       5.112	 -0.318
       5.116	 -0.302
       5.120	 -0.285
       5.124	 -0.275
       5.128	 -0.268
       5.132	 -0.253
       5.136	 -0.255
       5.140	 -0.230
       5.144	 -0.212
       5.148	 -0.240
       5.152	 -0.255
       5.156	 -0.193
       5.160	  0.030
       5.164	  0.390
       5.168	  0.775
       5.172	  1.075
       5.176	  1.417
       5.180	  1.675
       5.184	  1.583
       5.188	  1.423
       5.192	  1.320
       5.196	  1.347
       5.200	  1.607
       5.204	  1.965
       5.208	  1.962
       5.212	  1.583
       5.216	  1.032
       5.220	  0.520
       5.224	  0.095
       5.228	 -0.273
       5.232	 -0.472
       5.236	 -0.623
       5.240	 -0.740
       5.244	 -0.787
       5.248	 -0.765
       5.252	 -0.738
       5.256	 -0.710
       5.260	 -0.682
       5.264	 -0.660
       5.268	 -0.660
       5.272	 -0.675
       5.276	 -0.682
       5.280	 -0.672
       5.284	 -0.670
       5.288	 -0.667
       5.292	 -0.667
       5.296	 -0.680
       5.300	 -0.682
       5.304	 -0.693
       5.308	 -0.700
       5.312	 -0.700
       5.316	 -0.698
       5.320	 -0.710
       5.324	 -0.705
       5.328	 -0.708
       5.332	 -0.703
       5.336	 -0.693
       5.340	 -0.682
       5.344	 -0.670
       5.348	 -0.640
       5.352	 -0.610
       5.356	 -0.568
       5.360	 -0.530
       5.364	 -0.492
       5.368	 -0.445
       5.372	 -0.412
       5.376	 -0.393
       5.380	 -0.365
       5.384	 -0.312
       5.388	 -0.285
       5.392	 -0.245
       5.396	 -0.215
       5.400	 -0.185
       5.404	 -0.182
       5.408	 -0.150
       5.412	 -0.117
       5.416	 -0.090
       5.420	 -0.085
       5.424	 -0.080
       5.428	 -0.077
       5.432	 -0.060
       5.436	 -0.035
       5.440	  0.000
       5.444	  0.015
       5.448	  0.020
       5.452	  0.025
       5.456	  0.050
       5.460	  0.070
       5.464	  0.050
       5.468	  0.007
       5.472	  0.005
       5.476	  0.100
       5.480	  0.310
       5.484	  0.608
       5.488	  0.920
       5.492	  1.308
       5.496	  1.522
       5.500	  1.370
       5.504	  1.140
       5.508	  1.040
       5.512	  1.067
       5.516	  1.185
       5.520	  0.910
       5.524	  0.278
       5.528	 -0.412
       5.532	 -1.002
       5.536	 -1.288
       5.540	 -1.250
       5.544	 -1.060
       5.548	 -0.823
       5.552	 -0.593
       5.556	 -0.480
       5.560	 -0.458
       5.564	 -0.432
       5.568	 -0.345
       5.572	 -0.263
       5.576	 -0.263
       5.580	 -0.305
       5.584	 -0.287
       5.588	 -0.260
       5.592	 -0.258
       5.596	 -0.278
       5.600	 -0.265
       5.604	 -0.250
       5.608	 -0.250
       5.612	 -0.263
       5.616	 -0.250
       5.620	 -0.253
       5.624	 -0.250
       5.628	 -0.265
       5.632	 -0.273
       5.636	 -0.273
       5.640	 -0.263
       5.644	 -0.250
       5.648	 -0.210
       5.652	 -0.168
       5.656	 -0.120
       5.660	 -0.072
       5.664	 -0.035
       5.668	  0.028
       5.672	  0.080
       5.676	  0.117
       5.680	  0.133
       5.684	  0.152
       5.688	  0.168
       5.692	  0.175
       5.696	  0.175
       5.700	  0.172
       5.704	  0.158
       5.708	  0.138
       5.712	  0.117
       5.716	  0.117
       5.720	  0.095
       5.724	  0.080
       5.728	  0.058
       5.732	  0.058
       5.736	  0.037
       5.740	  0.018
       5.744	  0.005
       5.748	  0.018
       5.752	  0.013
       5.756	 -0.020
       5.760	 -0.035
       5.764	 -0.050
       5.768	 -0.052
       5.772	 -0.065
       5.776	 -0.062
       5.780	 -0.055
       5.784	 -0.040
       5.788	 -0.022
       5.792	 -0.033
       5.796	 -0.050
       5.800	 -0.050
       5.804	 -0.037
       5.808	 -0.028
       5.812	 -0.025
       5.816	 -0.022
       5.820	 -0.030
       5.824	 -0.020
       5.828	 -0.018
       5.832	 -0.013
       5.836	 -0.015
       5.840	  0.007
       5.844	  0.005
       5.848	  0.010
       5.852	  0.018
       5.856	  0.025
       5.860	  0.035
       5.864	  0.043
       5.868	  0.048
       5.872	  0.045
       5.876	  0.045
       5.880	  0.040
       5.884	  0.050
       5.888	  0.055
       5.892	  0.062
       5.896	  0.065
       5.900	  0.075
       5.904	  0.098
       5.908	  0.110
       5.912	  0.095
       5.916	  0.102
       5.920	  0.095
       5.924	  0.095
       5.928	  0.110
       5.932	  0.135
       5.936	  0.150
       5.940	  0.175
       5.944	  0.215
       5.948	  0.265
       5.952	  0.330
       5.956	  0.422
       5.960	  0.505
       5.964	  0.573
       5.968	  0.630
       5.972	  0.685
       5.976	  0.770
       5.980	  0.845
       5.984	  0.877
       5.988	  0.865
       5.992	  0.823
       5.996	  0.785
       6.000	  0.765
       6.004	  0.735
       6.008	  0.665
       6.012	  0.530
       6.016	  0.335
       6.020	  0.128
       6.024	  0.003
       6.028	 -0.075
       6.032	 -0.080
       6.036	 -0.083
       6.040	 -0.110
       6.044	 -0.140
       6.048	 -0.142
       6.052	 -0.133
       6.056	 -0.135
       6.060	 -0.160
       6.064	 -0.180
       6.068	 -0.185
       6.072	 -0.198
       6.076	 -0.205
       6.080	 -0.212
       6.084	 -0.195
       6.088	 -0.198
       6.092	 -0.155
       6.096	  0.005
       6.100	  0.305
       6.104	  0.665
       6.108	  0.983
       6.112	  1.295
       6.116	  1.720
       6.120	  1.847
       6.124	  1.705
       6.128	  1.520
       6.132	  1.450
       6.136	  1.548
       6.140	  1.948
       6.144	  2.170
       6.148	  1.893
       6.152	  1.270
       6.156	  0.630
       6.160	  0.135
       6.164	 -0.242
       6.168	 -0.472
       6.172	 -0.642
       6.176	 -0.762
       6.180	 -0.863
       6.184	 -0.900
       6.188	 -0.885
       6.192	 -0.860
       6.196	 -0.845
       6.200	 -0.825
       6.204	 -0.815
       6.208	 -0.815
       6.212	 -0.820
       6.216	 -0.815
       6.220	 -0.820
       6.224	 -0.825
       6.228	 -0.830
       6.232	 -0.823
       6.236	 -0.823
       6.240	 -0.840
       6.244	 -0.855
       6.248	 -0.838
       6.252	 -0.820
       6.256	 -0.812
       6.260	 -0.828
       6.264	 -0.843
       6.268	 -0.845
       6.272	 -0.845
       6.276	 -0.825
       6.280	 -0.815
       6.284	 -0.812
       6.288	 -0.797
       6.292	 -0.762
       6.296	 -0.725
       6.300	 -0.693
       6.304	 -0.652
       6.308	 -0.613
       6.312	 -0.580
       6.316	 -0.527
       6.320	 -0.490
       6.324	 -0.460
       6.328	 -0.432
       6.332	 -0.393
       6.336	 -0.360
       6.340	 -0.343
       6.344	 -0.320
       6.348	 -0.282
       6.352	 -0.268
       6.356	 -0.247
       6.360	 -0.225
       6.364	 -0.210
       6.368	 -0.172
       6.372	 -0.160
       6.376	 -0.130
       6.380	 -0.122
       6.384	 -0.100
       6.388	 -0.083
       6.392	 -0.065
       6.396	 -0.055
       6.400	 -0.018
       6.404	  0.010
       6.408	  0.045
       6.412	  0.060
       6.416	  0.110
       6.420	  0.130
       6.424	  0.168
       6.428	  0.240
       6.432	  0.338
       6.436	  0.398
       6.440	  0.440
       6.444	  0.465
       6.448	  0.522
       6.452	  0.580
       6.456	  0.613
       6.460	  0.603
       6.464	  0.565
       6.468	  0.515
       6.472	  0.475
       6.476	  0.458
       6.480	  0.393
       6.484	  0.290
       6.488	  0.105
       6.492	 -0.113
       6.496	 -0.285
       6.500	 -0.365
       6.504	 -0.395
       6.508	 -0.372
       6.512	 -0.355
       6.516	 -0.347
       6.520	 -0.357
       6.524	 -0.350
       6.528	 -0.330
       6.532	 -0.320
       6.536	 -0.320
       6.540	 -0.315
       6.544	 -0.305
       6.548	 -0.300
       6.552	 -0.290
       6.556	 -0.282
       6.560	 -0.297
       6.564	 -0.330
       6.568	 -0.320
       6.572	 -0.223
       6.576	  0.058
       6.580	  0.425
       6.584	  0.792
       6.588	  1.115
       6.592	  1.495
       6.596	  1.798
       6.600	  1.740
       6.604	  1.650
       6.608	  1.633
       6.612	  1.690
       6.616	  1.897
       6.620	  2.183
       6.624	  2.095
       6.628	  1.710
       6.632	  1.190
       6.636	  0.672
       6.640	  0.250
       6.644	 -0.125
       6.648	 -0.365
       6.652	 -0.568
       6.656	 -0.752
       6.660	 -0.845
       6.664	 -0.838
       6.668	 -0.787
       6.672	 -0.757
       6.676	 -0.733
       6.680	 -0.733
       6.684	 -0.715
       6.688	 -0.695
       6.692	 -0.695
       6.696	 -0.703
       6.700	 -0.695
       6.704	 -0.690
       6.708	 -0.690
       6.712	 -0.693
       6.716	 -0.685
       6.720	 -0.713
       6.724	 -0.723
       6.728	 -0.715
       6.732	 -0.725
       6.736	 -0.738
       6.740	 -0.743
       6.744	 -0.733
       6.748	 -0.725
       6.752	 -0.723
       6.756	 -0.723
       6.760	 -0.720
       6.764	 -0.688
       6.768	 -0.645
       6.772	 -0.620
       6.776	 -0.585
       6.780	 -0.547
       6.784	 -0.502
       6.788	 -0.463
       6.792	 -0.407
       6.796	 -0.378
       6.800	 -0.352
       6.804	 -0.320
       6.808	 -0.285
       6.812	 -0.255
       6.816	 -0.217
       6.820	 -0.175
       6.824	 -0.145
       6.828	 -0.138
       6.832	 -0.130
       6.836	 -0.113
       6.840	 -0.107
       6.844	 -0.090
       6.848	 -0.058
       6.852	 -0.045
       6.856	 -0.030
       6.860	  0.000
       6.864	  0.007
       6.868	  0.015
       6.872	  0.025
       6.876	  0.030
       6.880	 -0.022
       6.884	 -0.068
       6.888	 -0.040
       6.892	  0.113
       6.896	  0.367
       6.900	  0.695
       6.904	  1.125
       6.908	  1.560
       6.912	  1.680
       6.916	  1.490
       6.920	  1.282
       6.924	  1.245
       6.928	  1.355
       6.932	  1.417
       6.936	  0.975
       6.940	  0.280
       6.944	 -0.497
       6.948	 -1.080
       6.952	 -1.255
       6.956	 -1.127
       6.960	 -0.943
       6.964	 -0.693
       6.968	 -0.512
       6.972	 -0.463
       6.976	 -0.450
       6.980	 -0.390
       6.984	 -0.282
       6.988	 -0.250
       6.992	 -0.275
       6.996	 -0.280
       7.000	 -0.247
       7.004	 -0.240
       7.008	 -0.263
       7.012	 -0.305
       7.016	 -0.292
       7.020	 -0.292
       7.024	 -0.305
       7.028	 -0.320
       7.032	 -0.302
       7.036	 -0.302
       7.040	 -0.310
       7.044	 -0.320
       7.048	 -0.295
       7.052	 -0.278
       7.056	 -0.275
       7.060	 -0.268
       7.064	 -0.242
       7.068	 -0.190
       7.072	 -0.128
       7.076	 -0.065
       7.080	 -0.020
       7.084	  0.037
       7.088	  0.077
       7.092	  0.113
       7.096	  0.110
       7.100	  0.125
       7.104	  0.135
       7.108	  0.150
       7.112	  0.133
       7.116	  0.130
       7.120	  0.110
       7.124	  0.087
       7.128	  0.072
       7.132	  0.070
       7.136	  0.058
       7.140	  0.065
       7.144	  0.060
       7.148	  0.040
       7.152	  0.020
       7.156	  0.003
       7.160	 -0.033
       7.164	 -0.033
       7.168	 -0.033
       7.172	 -0.045
       7.176	 -0.033
       7.180	 -0.025
       7.184	 -0.025
       7.188	 -0.020
       7.192	 -0.025
       7.196	 -0.030
       7.200	 -0.030
       7.204	 -0.028
       7.208	 -0.015
       7.212	  0.010
       7.216	  0.035
       7.220	  0.028
       7.224	  0.005
       7.228	 -0.020
       7.232	  0.013
       7.236	  0.015
       7.240	  0.015
       7.244	  0.013
       7.248	  0.018
       7.252	  0.025
       7.256	  0.048
       7.260	  0.062
       7.264	  0.068
       7.268	  0.070
       7.272	  0.068
       7.276	  0.072
       7.280	  0.083
       7.284	  0.092
       7.288	  0.080
       7.292	  0.087
       7.296	  0.102
       7.300	  0.113
       7.304	  0.102
       7.308	  0.102
       7.312	  0.100
       7.316	  0.115
       7.320	  0.122
       7.324	  0.145
       7.328	  0.138
       7.332	  0.128
       7.336	  0.130
       7.340	  0.155
       7.344	  0.170
       7.348	  0.195
       7.352	  0.217
       7.356	  0.230
       7.360	  0.263
       7.364	  0.328
       7.368	  0.398
       7.372	  0.502
       7.376	  0.603
       7.380	  0.660
       7.384	  0.718
       7.388	  0.760
       7.392	  0.835
       7.396	  0.900
       7.400	  0.955
       7.404	  0.968
       7.408	  0.938
       7.412	  0.900
       7.416	  0.887
       7.420	  0.843
       7.424	  0.770
       7.428	  0.637
       7.432	  0.440
       7.436	  0.220
       7.440	  0.075
       7.444	  0.010
       7.448	  0.007
       7.452	  0.005
       7.456	 -0.025
       7.460	 -0.050
       7.464	 -0.062
       7.468	 -0.060
       7.472	 -0.068
       7.476	 -0.077
       7.480	 -0.077
       7.484	 -0.065
       7.488	 -0.077
       7.492	 -0.095
       7.496	 -0.105
       7.500	 -0.110
       7.504	 -0.125
       7.508	 -0.107
       7.512	  0.033
       7.516	  0.350
       7.520	  0.728
       7.524	  1.067
       7.528	  1.380
       7.532	  1.782
       7.536	  1.897
       7.540	  1.738
       7.544	  1.552
       7.548	  1.472
       7.552	  1.550
       7.556	  1.900
       7.560	  2.080
       7.564	  1.790
       7.568	  1.200
       7.572	  0.588
       7.576	  0.125
       7.580	 -0.242
       7.584	 -0.460
       7.588	 -0.593
       7.592	 -0.715
       7.596	 -0.830
       7.600	 -0.875
       7.604	 -0.868
       7.608	 -0.830
       7.612	 -0.800
       7.616	 -0.767
       7.620	 -0.762
       7.624	 -0.765
       7.628	 -0.760
       7.632	 -0.743
       7.636	 -0.743
       7.640	 -0.760
       7.644	 -0.767
       7.648	 -0.752
       7.652	 -0.740
       7.656	 -0.738
       7.660	 -0.745
       7.664	 -0.760
       7.668	 -0.775
       7.672	 -0.777
       7.676	 -0.777
       7.680	 -0.762
       7.684	 -0.757
       7.688	 -0.770
       7.692	 -0.765
       7.696	 -0.757
       7.700	 -0.752
       7.704	 -0.740
       7.708	 -0.705
       7.712	 -0.667
       7.716	 -0.623
       7.720	 -0.590
       7.724	 -0.552
       7.728	 -0.507
       7.732	 -0.465
       7.736	 -0.422
       7.740	 -0.383
       7.744	 -0.367
       7.748	 -0.335
       7.752	 -0.295
       7.756	 -0.270
       7.760	 -0.258
       7.764	 -0.225
       7.768	 -0.200
       7.772	 -0.182
       7.776	 -0.158
       7.780	 -0.135
       7.784	 -0.115
       7.788	 -0.107
       7.792	 -0.092
       7.796	 -0.100
       7.800	 -0.100
       7.804	 -0.098
       7.808	 -0.087
       7.812	 -0.075
       7.816	 -0.033
       7.820	  0.005
       7.824	  0.043
       7.828	  0.062
       7.832	  0.105
       7.836	  0.138
       7.840	  0.185
       7.844	  0.263
       7.848	  0.352
       7.852	  0.410
       7.856	  0.435
       7.860	  0.475
       7.864	  0.535
       7.868	  0.590
       7.872	  0.620
       7.876	  0.610
       7.880	  0.562
       7.884	  0.510
       7.888	  0.475
       7.892	  0.445
       7.896	  0.362
       7.900	  0.228
       7.904	  0.015
       7.908	 -0.200
       7.912	 -0.340
       7.916	 -0.390
       7.920	 -0.385
       7.924	 -0.350
       7.928	 -0.338
       7.932	 -0.343
       7.936	 -0.335
       7.940	 -0.320
       7.944	 -0.325
       7.948	 -0.307
       7.952	 -0.287
       7.956	 -0.270
       7.960	 -0.260
       7.964	 -0.245
       7.968	 -0.228
       7.972	 -0.230
       7.976	 -0.242
       7.980	 -0.263
       7.984	 -0.223
       7.988	 -0.095
       7.992	  0.210
       7.996	  0.605
       8.000	  0.965
       8.004	  1.280
       8.008	  1.690
       8.012	  1.840
       8.016	  1.710
       8.020	  1.583
       8.024	  1.530
       8.028	  1.620
       8.032	  1.925
       8.036	  2.127
       8.040	  1.907
       8.044	  1.387
       8.048	  0.820
       8.052	  0.365
       8.056	 -0.045
       8.060	 -0.335
       8.064	 -0.522
       8.068	 -0.670
       8.072	 -0.767
       8.076	 -0.805
       8.080	 -0.782
       8.084	 -0.725
       8.088	 -0.670
       8.092	 -0.650
       8.096	 -0.665
       8.100	 -0.670
       8.104	 -0.690
       8.108	 -0.682
       8.112	 -0.672
       8.116	 -0.665
       8.120	 -0.672
       8.124	 -0.672
       8.128	 -0.675
       8.132	 -0.682
       8.136	 -0.700
       8.140	 -0.693
       8.144	 -0.693
       8.148	 -0.693
       8.152	 -0.710
       8.156	 -0.733
       8.160	 -0.730
       8.164	 -0.713
       8.168	 -0.703
       8.172	 -0.695
       8.176	 -0.675
       8.180	 -0.655
       8.184	 -0.618
       8.188	 -0.578
       8.192	 -0.527
       8.196	 -0.485
       8.200	 -0.450
       8.204	 -0.420
       8.208	 -0.375
       8.212	 -0.340
       8.216	 -0.300
       8.220	 -0.260
       8.224	 -0.225
       8.228	 -0.200
       8.232	 -0.163
       8.236	 -0.135
       8.240	 -0.122
       8.244	 -0.117
       8.248	 -0.102
       8.252	 -0.083
       8.256	 -0.065
       8.260	 -0.048
       8.264	 -0.033
       8.268	 -0.013
       8.272	  0.025
       8.276	  0.043
       8.280	  0.058
       8.284	  0.080
       8.288	  0.098
       8.292	  0.095
       8.296	  0.062
       8.300	  0.055
       8.304	  0.102
       8.308	  0.260
       8.312	  0.527
       8.316	  0.830
       8.320	  1.218
       8.324	  1.600
       8.328	  1.610
       8.332	  1.407
       8.336	  1.238
       8.340	  1.202
       8.344	  1.308
       8.348	  1.208
       8.352	  0.623
       8.356	 -0.105
       8.360	 -0.805
       8.364	 -1.280
       8.368	 -1.343
       8.372	 -1.185
       8.376	 -0.953
       8.380	 -0.685
       8.384	 -0.505
       8.388	 -0.463
       8.392	 -0.450
       8.396	 -0.385
       8.400	 -0.275
       8.404	 -0.250
       8.408	 -0.278
       8.412	 -0.280
       8.416	 -0.237
       8.420	 -0.225
       8.424	 -0.240
       8.428	 -0.253
       8.432	 -0.245
       8.436	 -0.265
       8.440	 -0.270
       8.444	 -0.280
       8.448	 -0.263
       8.452	 -0.247
       8.456	 -0.270
       8.460	 -0.300
       8.464	 -0.300
       8.468	 -0.270
       8.472	 -0.245
       8.476	 -0.223
       8.480	 -0.185
       8.484	 -0.138
       8.488	 -0.092
       8.492	 -0.045
       8.496	  0.007
       8.500	  0.065
       8.504	  0.092
       8.508	  0.125
       8.512	  0.130
       8.516	  0.145
       8.520	  0.138
       8.524	  0.135
       8.528	  0.135
       8.532	  0.142
       8.536	  0.145
       8.540	  0.133
       8.544	  0.085
       8.548	  0.080
       8.552	  0.062
       8.556	  0.050
       8.560	  0.037
       8.564	  0.015
       8.568	  0.003
       8.572	 -0.020
       8.576	 -0.030
       8.580	 -0.040
       8.584	 -0.043
       8.588	 -0.052
       8.592	 -0.048
       8.596	 -0.043
       8.600	 -0.040
       8.604	 -0.048
       8.608	 -0.048
       8.612	 -0.048
       8.616	 -0.043
       8.620	 -0.048
       8.624	 -0.037
       8.628	 -0.025
       8.632	 -0.020
       8.636	 -0.025
       8.640	 -0.018
       8.644	 -0.015
       8.648	 -0.013
       8.652	  0.010
       8.656	  0.010
       8.660	  0.007
       8.664	  0.033
       8.668	  0.060
       8.672	  0.062
       8.676	  0.052
       8.680	  0.052
       8.684	  0.062
       8.688	  0.083
       8.692	  0.113
       8.696	  0.105
       8.700	  0.100
       8.704	  0.107
       8.708	  0.117
       8.712	  0.117
       8.716	  0.140
       8.720	  0.138
       8.724	  0.147
       8.728	  0.163
       8.732	  0.163
       8.736	  0.147
       8.740	  0.140
       8.744	  0.140
       8.748	  0.140
       8.752	  0.145
       8.756	  0.160
       8.760	  0.165
       8.764	  0.190
       8.768	  0.220
       8.772	  0.255
       8.776	  0.310
       8.780	  0.380
       8.784	  0.458
       8.788	  0.532
       8.792	  0.598
       8.796	  0.637
       8.800	  0.680
       8.804	  0.743
       8.808	  0.833
       8.812	  0.887
       8.816	  0.920
       8.820	  0.892
       8.824	  0.845
       8.828	  0.810
       8.832	  0.790
       8.836	  0.718
       8.840	  0.600
       8.844	  0.403
       8.848	  0.203
       8.852	  0.043
       8.856	 -0.058
       8.860	 -0.090
       8.864	 -0.085
       8.868	 -0.083
       8.872	 -0.098
       8.876	 -0.115
       8.880	 -0.120
       8.884	 -0.145
       8.888	 -0.147
       8.892	 -0.117
       8.896	 -0.090
       8.900	 -0.080
       8.904	 -0.087
       8.908	 -0.098
       8.912	 -0.110
       8.916	 -0.120
       8.920	 -0.085
       8.924	  0.052
       8.928	  0.302
       8.932	  0.660
       8.936	  0.990
       8.940	  1.310
       8.944	  1.732
       8.948	  1.942
       8.952	  1.808
       8.956	  1.565
       8.960	  1.430
       8.964	  1.485
       8.968	  1.815
       8.972	  2.078
       8.976	  1.855
       8.980	  1.265
       8.984	  0.615
       8.988	  0.107
       8.992	 -0.273
       8.996	 -0.505
       9.000	 -0.642
       9.004	 -0.770
       9.008	 -0.860
       9.012	 -0.902
       9.016	 -0.887
       9.020	 -0.858
       9.024	 -0.843
       9.028	 -0.833
       9.032	 -0.810
       9.036	 -0.782
       9.040	 -0.775
       9.044	 -0.807
       9.048	 -0.828
       9.052	 -0.845
       9.056	 -0.863
       9.060	 -0.850
       9.064	 -0.820
       9.068	 -0.812
       9.072	 -0.830
       9.076	 -0.830
       9.080	 -0.838
       9.084	 -0.863
       9.088	 -0.880
       9.092	 -0.863
       9.096	 -0.860
       9.100	 -0.873
       9.104	 -0.875
       9.108	 -0.873
       9.112	 -0.848
       9.116	 -0.807
       9.120	 -0.790
       9.124	 -0.760
       9.128	 -0.745
       9.132	 -0.703
       9.136	 -0.642
       9.140	 -0.613
       9.144	 -0.573
       9.148	 -0.527
       9.152	 -0.480
       9.156	 -0.445
       9.160	 -0.390
       9.164	 -0.352
       9.168	 -0.318
       9.172	 -0.312
       9.176	 -0.300
       9.180	 -0.270
       9.184	 -0.260
       9.188	 -0.220
       9.192	 -0.180
       9.196	 -0.168
       9.200	 -0.158
       9.204	 -0.155
       9.208	 -0.140
       9.212	 -0.122
       9.216	 -0.098
       9.220	 -0.090
       9.224	 -0.075
       9.228	 -0.077
       9.232	 -0.030
       9.236	  0.025
       9.240	  0.048
       9.244	  0.072
       9.248	  0.095
       9.252	  0.150
       9.256	  0.225
       9.260	  0.310
       9.264	  0.372
       9.268	  0.398
       9.272	  0.417
       9.276	  0.507
       9.280	  0.578
       9.284	  0.632
       9.288	  0.637
       9.292	  0.588
       9.296	  0.522
       9.300	  0.477
       9.304	  0.425
       9.308	  0.370
       9.312	  0.270
       9.316	  0.077
       9.320	 -0.155
       9.324	 -0.323
       9.328	 -0.398
       9.332	 -0.395
       9.336	 -0.365
       9.340	 -0.352
       9.344	 -0.370
       9.348	 -0.352
       9.352	 -0.325
       9.356	 -0.305
       9.360	 -0.302
       9.364	 -0.310
       9.368	 -0.297
       9.372	 -0.285
       9.376	 -0.287
       9.380	 -0.280
       9.384	 -0.245
       9.388	 -0.228
       9.392	 -0.242
       9.396	 -0.242
       9.400	 -0.133
       9.404	  0.140
       9.408	  0.550
       9.412	  0.950
       9.416	  1.275
       9.420	  1.647
       9.424	  1.863
       9.428	  1.748
       9.432	  1.620
       9.436	  1.558
       9.440	  1.610
       9.444	  1.857
       9.448	  2.127
       9.452	  1.980
       9.456	  1.505
       9.460	  0.920
       9.464	  0.430
       9.468	  0.020
       9.472	 -0.312
       9.476	 -0.502
       9.480	 -0.655
       9.484	 -0.772
       9.488	 -0.807
       9.492	 -0.767
       9.496	 -0.733
       9.500	 -0.710
       9.504	 -0.708
       9.508	 -0.693
       9.512	 -0.688
       9.516	 -0.682
       9.520	 -0.665
       9.524	 -0.642
       9.528	 -0.650
       9.532	 -0.650
       9.536	 -0.642
       9.540	 -0.660
       9.544	 -0.677
       9.548	 -0.680
       9.552	 -0.698
       9.556	 -0.725
       9.560	 -0.743
       9.564	 -0.740
       9.568	 -0.740
       9.572	 -0.738
       9.576	 -0.738
       9.580	 -0.738
       9.584	 -0.725
       9.588	 -0.715
       9.592	 -0.688
       9.596	 -0.645
       9.600	 -0.603
       9.604	 -0.557
       9.608	 -0.505
       9.612	 -0.468
       9.616	 -0.427
       9.620	 -0.398
       9.624	 -0.352
       9.628	 -0.320
       9.632	 -0.290
       9.636	 -0.255
       9.640	 -0.198
       9.644	 -0.142
       9.648	 -0.113
       9.652	 -0.115
       9.656	 -0.117
       9.660	 -0.128
       9.664	 -0.095
       9.668	 -0.060
       9.672	 -0.045
       9.676	 -0.030
       9.680	  0.005
       9.684	  0.030
       9.688	  0.043
       9.692	  0.060
       9.696	  0.075
       9.700	  0.098
       9.704	  0.100
       9.708	  0.062
       9.712	  0.033
       9.716	  0.077
       9.720	  0.230
       9.724	  0.510
       9.728	  0.805
       9.732	  1.175
       9.736	  1.575
       9.740	  1.680
       9.744	  1.510
       9.748	  1.333
       9.752	  1.270
       9.756	  1.333
       9.760	  1.308
       9.764	  0.815
       9.768	  0.125
       9.772	 -0.580
       9.776	 -1.150
       9.780	 -1.323
       9.784	 -1.212
       9.788	 -0.990
       9.792	 -0.723
       9.796	 -0.532
       9.800	 -0.468
       9.804	 -0.465
       9.808	 -0.405
       9.812	 -0.292
       9.816	 -0.240
       9.820	 -0.282
       9.824	 -0.320
       9.828	 -0.280
       9.832	 -0.240
       9.836	 -0.260
       9.840	 -0.273
       9.844	 -0.258
       9.848	 -0.235
       9.852	 -0.242
       9.856	 -0.265
       9.860	 -0.273
       9.864	 -0.280
       9.868	 -0.287
       9.872	 -0.302
       9.876	 -0.297
       9.880	 -0.273
       9.884	 -0.250
       9.888	 -0.230
       9.892	 -0.190
       9.896	 -0.140
       9.900	 -0.085
       9.904	 -0.037
       9.908	  0.022
       9.912	  0.060
       9.916	  0.087
       9.920	  0.102
       9.924	  0.122
       9.928	  0.145
       9.932	  0.165
       9.936	  0.165
       9.940	  0.160
       9.944	  0.160
       9.948	  0.160
       9.952	  0.145
       9.956	  0.122
       9.960	  0.105
       9.964	  0.092
       9.968	  0.077
       9.972	  0.062
       9.976	  0.058
       9.980	  0.058
       9.984	  0.045
       9.988	  0.028
       9.992	  0.007
       9.996	 -0.025
