Elapsed_time	ECG
       0.000	  0.163
       0.004	  0.175
       0.008	  0.180
       0.012	  0.180
       0.016	  0.170
       0.020	  0.168
       0.024	  0.175
       0.028	  0.190
       0.032	  0.188
       0.036	  0.170
       0.040	  0.150
       0.044	  0.147
       0.048	  0.147
       0.052	  0.158
       0.056	  0.168
       0.060	  0.188
       0.064	  0.190
       0.068	  0.207
       0.072	  0.215
       0.076	  0.233
       0.080	  0.247
       0.084	  0.273
       0.088	  0.300
       0.092	  0.338
       0.096	  0.370
       0.100	  0.385
       0.104	  0.375
       0.108	  0.357
       0.112	  0.345
       0.116	  0.343
       0.120	  0.330
       0.124	  0.310
       0.128	  0.280
       0.132	  0.240
       0.136	  0.168
       0.140	  0.072
       0.144	  0.000
       0.148	 -0.065
       0.152	 -0.098
       0.156	 -0.117
       0.160	 -0.125
       0.164	 -0.138
       0.168	 -0.147
       0.172	 -0.147
       0.176	 -0.147
       0.180	 -0.138
       0.184	 -0.130
       0.188	 -0.125
       0.192	 -0.122
       0.196	 -0.117
       0.200	 -0.115
       0.204	 -0.115
       0.208	 -0.105
       0.212	 -0.098
       0.216	 -0.085
       0.220	 -0.077
       0.224	 -0.065
       0.228	 -0.045
       0.232	 -0.025
       0.236	  0.000
       0.240	 -0.018
       0.244	  0.000
       0.248	  0.005
       0.252	  0.013
       0.256	  0.007
       0.260	  0.025
       0.264	  0.050
       0.268	  0.098
       0.272	  0.182
       0.276	  0.343
       0.280	  0.573
       0.284	  0.853
       0.288	  1.123
       0.292	  1.337
       0.296	  1.480
       0.300	  1.577
       0.304	  1.620
       0.308	  1.593
       0.312	  1.490
       0.316	  1.370
       0.320	  1.222
       0.324	  1.040
       0.328	  0.805
       0.332	  0.537
       0.336	  0.305
       0.340	  0.180
       0.344	  0.125
       0.348	  0.050
       0.352	 -0.085
       0.356	 -0.245
       0.360	 -0.383
       0.364	 -0.495
       0.368	 -0.613
       0.372	 -0.723
       0.376	 -0.767
       0.380	 -0.748
       0.384	 -0.695
       0.388	 -0.655
       0.392	 -0.625
       0.396	 -0.613
       0.400	 -0.603
       0.404	 -0.598
       0.408	 -0.593
       0.412	 -0.593
       0.416	 -0.590
       0.420	 -0.585
       0.424	 -0.585
       0.428	 -0.578
       0.432	 -0.570
       0.436	 -0.557
       0.440	 -0.540
       0.444	 -0.512
       0.448	 -0.487
       0.452	 -0.460
       0.456	 -0.430
       0.460	 -0.385
       0.464	 -0.350
       0.468	 -0.312
       0.472	 -0.273
       0.476	 -0.233
       0.480	 -0.188
       0.484	 -0.147
       0.488	 -0.110
       0.492	 -0.083
       0.496	 -0.050
       0.500	  0.000
       0.504	  0.028
       0.508	  0.050
       0.512	  0.070
       0.516	  0.090
       0.520	  0.105
       0.524	  0.117
       0.528	  0.130
       0.532	  0.138
       0.536	  0.138
       0.540	  0.138
       0.544	  0.147
       0.548	  0.155
       0.552	  0.163
       0.556	  0.163
       0.560	  0.163
       0.564	  0.158
       0.568	  0.147
       0.572	  0.125
       0.576	  0.122
       0.580	  0.125
       0.584	  0.138
       0.588	  0.150
       0.592	  0.175
       0.596	  0.200
       0.600	  0.228
       0.604	  0.245
       0.608	  0.255
       0.612	  0.278
       0.616	  0.312
       0.620	  0.345
       0.624	  0.370
       0.628	  0.383
       0.632	  0.370
       0.636	  0.343
       0.640	  0.310
       0.644	  0.287
       0.648	  0.278
       0.652	  0.265
       0.656	  0.228
       0.660	  0.175
       0.664	  0.092
       0.668	  0.007
       0.672	 -0.070
       0.676	 -0.110
       0.680	 -0.135
       0.684	 -0.155
       0.688	 -0.180
       0.692	 -0.200
       0.696	 -0.203
       0.700	 -0.200
       0.704	 -0.200
       0.708	 -0.188
       0.712	 -0.180
       0.716	 -0.175
       0.720	 -0.175
       0.724	 -0.175
       0.728	 -0.170
       0.732	 -0.168
       0.736	 -0.163
       0.740	 -0.168
       0.744	 -0.168
       0.748	 -0.168
       0.752	 -0.168
       0.756	 -0.175
       0.760	 -0.168
       0.764	 -0.155
       0.768	 -0.138
       0.772	 -0.125
       0.776	 -0.115
       0.780	 -0.105
       0.784	 -0.098
       0.788	 -0.092
       0.792	 -0.072
       0.796	 -0.033
       0.800	  0.052
       0.804	  0.190
       0.808	  0.398
       0.812	  0.675
       0.816	  0.960
       0.820	  1.175
       0.824	  1.312
       0.828	  1.397
       0.832	  1.448
       0.836	  1.423
       0.840	  1.312
       0.844	  1.190
       0.848	  1.067
       0.852	  0.922
       0.856	  0.720
       0.860	  0.472
       0.864	  0.235
       0.868	  0.092
       0.872	  0.018
       0.876	 -0.065
       0.880	 -0.182
       0.884	 -0.325
       0.888	 -0.472
       0.892	 -0.590
       0.896	 -0.690
       0.900	 -0.780
       0.904	 -0.825
       0.908	 -0.818
       0.912	 -0.775
       0.916	 -0.748
       0.920	 -0.720
       0.924	 -0.695
       0.928	 -0.690
       0.932	 -0.715
       0.936	 -0.743
       0.940	 -0.760
       0.944	 -0.752
       0.948	 -0.735
       0.952	 -0.735
       0.956	 -0.780
       0.960	 -0.812
       0.964	 -0.830
       0.968	 -0.838
       0.972	 -0.800
       0.976	 -0.723
       0.980	 -0.675
       0.984	 -0.667
       0.988	 -0.682
       0.992	 -0.695
       0.996	 -0.675
       1.000	 -0.590
       1.004	 -0.495
       1.008	 -0.440
       1.012	 -0.410
       1.016	 -0.395
       1.020	 -0.362
       1.024	 -0.318
       1.028	 -0.278
       1.032	 -0.235
       1.036	 -0.223
       1.040	 -0.220
       1.044	 -0.182
       1.048	 -0.138
       1.052	 -0.130
       1.056	 -0.155
       1.060	 -0.147
       1.064	 -0.163
       1.068	 -0.180
       1.072	 -0.170
       1.076	 -0.130
       1.080	 -0.090
       1.084	 -0.065
       1.088	 -0.060
       1.092	 -0.065
       1.096	 -0.077
       1.100	 -0.065
       1.104	 -0.037
       1.108	 -0.045
       1.112	 -0.060
       1.116	 -0.077
       1.120	 -0.110
       1.124	 -0.138
       1.128	 -0.175
       1.132	 -0.240
       1.136	 -0.305
       1.140	 -0.338
       1.144	 -0.285
       1.148	 -0.175
       1.152	 -0.060
       1.156	  0.013
       1.160	  0.007
       1.164	 -0.025
       1.168	 -0.028
       1.172	 -0.018
       1.176	 -0.060
       1.180	 -0.163
       1.184	 -0.268
       1.188	 -0.352
       1.192	 -0.417
       1.196	 -0.450
       1.200	 -0.468
       1.204	 -0.505
       1.208	 -0.532
       1.212	 -0.527
       1.216	 -0.495
       1.220	 -0.487
       1.224	 -0.507
       1.228	 -0.527
       1.232	 -0.537
       1.236	 -0.527
       1.240	 -0.515
       1.244	 -0.487
       1.248	 -0.450
       1.252	 -0.415
       1.256	 -0.403
       1.260	 -0.398
       1.264	 -0.415
       1.268	 -0.430
       1.272	 -0.443
       1.276	 -0.398
       1.280	 -0.325
       1.284	 -0.268
       1.288	 -0.265
       1.292	 -0.273
       1.296	 -0.285
       1.300	 -0.287
       1.304	 -0.268
       1.308	 -0.235
       1.312	 -0.215
       1.316	 -0.200
       1.320	 -0.170
       1.324	 -0.115
       1.328	 -0.040
       1.332	  0.098
       1.336	  0.287
       1.340	  0.547
       1.344	  0.818
       1.348	  1.008
       1.352	  1.130
       1.356	  1.220
       1.360	  1.268
       1.364	  1.230
       1.368	  1.137
       1.372	  1.048
       1.376	  0.970
       1.380	  0.873
       1.384	  0.740
       1.388	  0.540
       1.392	  0.318
       1.396	  0.147
       1.400	  0.013
       1.404	 -0.138
       1.408	 -0.300
       1.412	 -0.450
       1.416	 -0.570
       1.420	 -0.645
       1.424	 -0.710
       1.428	 -0.765
       1.432	 -0.785
       1.436	 -0.775
       1.440	 -0.752
       1.444	 -0.703
       1.448	 -0.670
       1.452	 -0.650
       1.456	 -0.635
       1.460	 -0.610
       1.464	 -0.590
       1.468	 -0.560
       1.472	 -0.552
       1.476	 -0.552
       1.480	 -0.557
       1.484	 -0.557
       1.488	 -0.552
       1.492	 -0.537
       1.496	 -0.512
       1.500	 -0.492
       1.504	 -0.460
       1.508	 -0.410
       1.512	 -0.352
       1.516	 -0.310
       1.520	 -0.273
       1.524	 -0.245
       1.528	 -0.215
       1.532	 -0.175
       1.536	 -0.122
       1.540	 -0.072
       1.544	 -0.025
       1.548	  0.025
       1.552	  0.050
       1.556	  0.072
       1.560	  0.105
       1.564	  0.142
       1.568	  0.175
       1.572	  0.190
       1.576	  0.203
       1.580	  0.207
       1.584	  0.220
       1.588	  0.228
       1.592	  0.228
       1.596	  0.228
       1.600	  0.235
       1.604	  0.233
       1.608	  0.233
       1.612	  0.235
       1.616	  0.233
       1.620	  0.220
       1.624	  0.207
       1.628	  0.212
       1.632	  0.223
       1.636	  0.245
       1.640	  0.260
       1.644	  0.287
       1.648	  0.318
       1.652	  0.350
       1.656	  0.365
       1.660	  0.383
       1.664	  0.398
       1.668	  0.430
       1.672	  0.460
       1.676	  0.482
       1.680	  0.480
       1.684	  0.460
       1.688	  0.422
       1.692	  0.407
       1.696	  0.395
       1.700	  0.390
       1.704	  0.362
       1.708	  0.310
       1.712	  0.233
       1.716	  0.138
       1.720	  0.050
       1.724	 -0.033
       1.728	 -0.070
       1.732	 -0.085
       1.736	 -0.090
       1.740	 -0.092
       1.744	 -0.098
       1.748	 -0.105
       1.752	 -0.117
       1.756	 -0.130
       1.760	 -0.125
       1.764	 -0.117
       1.768	 -0.105
       1.772	 -0.102
       1.776	 -0.092
       1.780	 -0.085
       1.784	 -0.077
       1.788	 -0.077
       1.792	 -0.083
       1.796	 -0.077
       1.800	 -0.072
       1.804	 -0.072
       1.808	 -0.065
       1.812	 -0.040
       1.816	 -0.025
       1.820	  0.000
       1.824	  0.000
       1.828	  0.005
       1.832	  0.007
       1.836	  0.020
       1.840	  0.033
       1.844	  0.052
       1.848	  0.060
       1.852	  0.085
       1.856	  0.130
       1.860	  0.212
       1.864	  0.350
       1.868	  0.565
       1.872	  0.825
       1.876	  1.090
       1.880	  1.317
       1.884	  1.462
       1.888	  1.535
       1.892	  1.593
       1.896	  1.585
       1.900	  1.500
       1.904	  1.377
       1.908	  1.240
       1.912	  1.067
       1.916	  0.873
       1.920	  0.635
       1.924	  0.357
       1.928	  0.142
       1.932	 -0.018
       1.936	 -0.135
       1.940	 -0.247
       1.944	 -0.370
       1.948	 -0.495
       1.952	 -0.590
       1.956	 -0.670
       1.960	 -0.755
       1.964	 -0.797
       1.968	 -0.748
       1.972	 -0.650
       1.976	 -0.525
       1.980	 -0.422
       1.984	 -0.398
       1.988	 -0.427
       1.992	 -0.460
       1.996	 -0.482
       2.000	 -0.512
       2.004	 -0.532
       2.008	 -0.512
       2.012	 -0.460
       2.016	 -0.410
       2.020	 -0.362
       2.024	 -0.325
       2.028	 -0.312
       2.032	 -0.310
       2.036	 -0.305
       2.040	 -0.320
       2.044	 -0.333
       2.048	 -0.320
       2.052	 -0.278
       2.056	 -0.228
       2.060	 -0.163
       2.064	 -0.115
       2.068	 -0.090
       2.072	 -0.060
       2.076	  0.007
       2.080	  0.083
       2.084	  0.168
       2.088	  0.223
       2.092	  0.247
       2.096	  0.245
       2.100	  0.233
       2.104	  0.220
       2.108	  0.223
       2.112	  0.228
       2.116	  0.228
       2.120	  0.223
       2.124	  0.233
       2.128	  0.273
       2.132	  0.310
       2.136	  0.330
       2.140	  0.318
       2.144	  0.292
       2.148	  0.265
       2.152	  0.235
       2.156	  0.207
       2.160	  0.195
       2.164	  0.203
       2.168	  0.223
       2.172	  0.235
       2.176	  0.245
       2.180	  0.265
       2.184	  0.297
       2.188	  0.318
       2.192	  0.343
       2.196	  0.350
       2.200	  0.362
       2.204	  0.398
       2.208	  0.430
       2.212	  0.443
       2.216	  0.422
       2.220	  0.375
       2.224	  0.320
       2.228	  0.278
       2.232	  0.233
       2.236	  0.155
       2.240	  0.070
       2.244	 -0.020
       2.248	 -0.090
       2.252	 -0.135
       2.256	 -0.170
       2.260	 -0.190
       2.264	 -0.207
       2.268	 -0.228
       2.272	 -0.255
       2.276	 -0.278
       2.280	 -0.287
       2.284	 -0.310
       2.288	 -0.310
       2.292	 -0.265
       2.296	 -0.223
       2.300	 -0.215
       2.304	 -0.228
       2.308	 -0.212
       2.312	 -0.175
       2.316	 -0.135
       2.320	 -0.125
       2.324	 -0.130
       2.328	 -0.122
       2.332	 -0.083
       2.336	 -0.020
       2.340	  0.020
       2.344	  0.007
       2.348	 -0.050
       2.352	 -0.077
       2.356	 -0.098
       2.360	 -0.098
       2.364	 -0.098
       2.368	 -0.090
       2.372	 -0.072
       2.376	 -0.058
       2.380	 -0.033
       2.384	  0.000
       2.388	  0.000
       2.392	  0.028
       2.396	  0.122
       2.400	  0.312
       2.404	  0.570
       2.408	  0.853
       2.412	  1.123
       2.416	  1.308
       2.420	  1.403
       2.424	  1.448
       2.428	  1.442
       2.432	  1.373
       2.436	  1.268
       2.440	  1.143
       2.444	  1.008
       2.448	  0.825
       2.452	  0.603
       2.456	  0.357
       2.460	  0.168
       2.464	  0.050
       2.468	 -0.058
       2.472	 -0.188
       2.476	 -0.352
       2.480	 -0.500
       2.484	 -0.598
       2.488	 -0.667
       2.492	 -0.710
       2.496	 -0.733
       2.500	 -0.710
       2.504	 -0.667
       2.508	 -0.623
       2.512	 -0.593
       2.516	 -0.593
       2.520	 -0.598
       2.524	 -0.593
       2.528	 -0.578
       2.532	 -0.570
       2.536	 -0.557
       2.540	 -0.552
       2.544	 -0.552
       2.548	 -0.560
       2.552	 -0.560
       2.556	 -0.547
       2.560	 -0.512
       2.564	 -0.472
       2.568	 -0.422
       2.572	 -0.395
       2.576	 -0.375
       2.580	 -0.352
       2.584	 -0.318
       2.588	 -0.273
       2.592	 -0.215
       2.596	 -0.155
       2.600	 -0.115
       2.604	 -0.077
       2.608	 -0.050
       2.612	  0.000
       2.616	  0.040
       2.620	  0.090
       2.624	  0.125
       2.628	  0.168
       2.632	  0.200
       2.636	  0.207
       2.640	  0.207
       2.644	  0.228
       2.648	  0.240
       2.652	  0.240
       2.656	  0.235
       2.660	  0.245
       2.664	  0.245
       2.668	  0.247
       2.672	  0.253
       2.676	  0.255
       2.680	  0.255
       2.684	  0.268
       2.688	  0.265
       2.692	  0.253
       2.696	  0.228
       2.700	  0.220
       2.704	  0.220
       2.708	  0.220
       2.712	  0.245
       2.716	  0.280
       2.720	  0.297
       2.724	  0.312
       2.728	  0.343
       2.732	  0.362
       2.736	  0.365
       2.740	  0.395
       2.744	  0.440
       2.748	  0.450
       2.752	  0.440
       2.756	  0.417
       2.760	  0.410
       2.764	  0.415
       2.768	  0.427
       2.772	  0.415
       2.776	  0.375
       2.780	  0.338
       2.784	  0.287
       2.788	  0.223
       2.792	  0.142
       2.796	  0.060
       2.800	  0.000
       2.804	 -0.065
       2.808	 -0.138
       2.812	 -0.233
       2.816	 -0.318
       2.820	 -0.375
       2.824	 -0.395
       2.828	 -0.375
       2.832	 -0.352
       2.836	 -0.330
       2.840	 -0.300
       2.844	 -0.265
       2.848	 -0.260
       2.852	 -0.268
       2.856	 -0.268
       2.860	 -0.260
       2.864	 -0.253
       2.868	 -0.260
       2.872	 -0.297
       2.876	 -0.320
       2.880	 -0.297
       2.884	 -0.260
       2.888	 -0.260
       2.892	 -0.253
       2.896	 -0.203
       2.900	 -0.147
       2.904	 -0.090
       2.908	 -0.090
       2.912	 -0.158
       2.916	 -0.188
       2.920	 -0.158
       2.924	 -0.115
       2.928	 -0.040
       2.932	  0.092
       2.936	  0.268
       2.940	  0.482
       2.944	  0.765
       2.948	  1.048
       2.952	  1.268
       2.956	  1.405
       2.960	  1.522
       2.964	  1.585
       2.968	  1.540
       2.972	  1.488
       2.976	  1.450
       2.980	  1.345
       2.984	  1.097
       2.988	  0.733
       2.992	  0.343
       2.996	  0.028
       3.000	 -0.158
       3.004	 -0.228
       3.008	 -0.318
       3.012	 -0.475
       3.016	 -0.682
       3.020	 -0.818
       3.024	 -0.840
       3.028	 -0.812
       3.032	 -0.787
       3.036	 -0.775
       3.040	 -0.787
       3.044	 -0.805
       3.048	 -0.797
       3.052	 -0.728
       3.056	 -0.655
       3.060	 -0.650
       3.064	 -0.682
       3.068	 -0.740
       3.072	 -0.805
       3.076	 -0.800
       3.080	 -0.765
       3.084	 -0.740
       3.088	 -0.735
       3.092	 -0.735
       3.096	 -0.695
       3.100	 -0.603
       3.104	 -0.532
       3.108	 -0.505
       3.112	 -0.495
       3.116	 -0.507
       3.120	 -0.532
       3.124	 -0.515
       3.128	 -0.463
       3.132	 -0.378
       3.136	 -0.280
       3.140	 -0.215
       3.144	 -0.207
       3.148	 -0.220
       3.152	 -0.195
       3.156	 -0.168
       3.160	 -0.138
       3.164	 -0.090
       3.168	 -0.028
       3.172	  0.045
       3.176	  0.083
       3.180	  0.060
       3.184	  0.033
       3.188	  0.018
       3.192	  0.065
       3.196	  0.098
       3.200	  0.098
       3.204	  0.060
       3.208	  0.037
       3.212	  0.052
       3.216	  0.122
       3.220	  0.150
       3.224	  0.117
       3.228	  0.070
       3.232	  0.018
       3.236	 -0.033
       3.240	 -0.065
       3.244	 -0.092
       3.248	 -0.098
       3.252	 -0.058
       3.256	  0.020
       3.260	  0.110
       3.264	  0.142
       3.268	  0.168
       3.272	  0.163
       3.276	  0.158
       3.280	  0.155
       3.284	  0.188
       3.288	  0.215
       3.292	  0.233
       3.296	  0.182
       3.300	  0.115
       3.304	  0.065
       3.308	  0.105
       3.312	  0.163
       3.316	  0.180
       3.320	  0.138
       3.324	  0.007
       3.328	 -0.122
       3.332	 -0.223
       3.336	 -0.300
       3.340	 -0.310
       3.344	 -0.260
       3.348	 -0.240
       3.352	 -0.297
       3.356	 -0.352
       3.360	 -0.375
       3.364	 -0.390
       3.368	 -0.385
       3.372	 -0.383
       3.376	 -0.383
       3.380	 -0.365
       3.384	 -0.292
       3.388	 -0.233
       3.392	 -0.233
       3.396	 -0.278
       3.400	 -0.320
       3.404	 -0.318
       3.408	 -0.265
       3.412	 -0.207
       3.416	 -0.163
       3.420	 -0.155
       3.424	 -0.175
       3.428	 -0.203
       3.432	 -0.215
       3.436	 -0.207
       3.440	 -0.182
       3.444	 -0.150
       3.448	 -0.115
       3.452	 -0.115
       3.456	 -0.138
       3.460	 -0.115
       3.464	 -0.060
       3.468	  0.045
       3.472	  0.235
       3.476	  0.472
       3.480	  0.715
       3.484	  0.960
       3.488	  1.157
       3.492	  1.317
       3.496	  1.450
       3.500	  1.565
       3.504	  1.577
       3.508	  1.470
       3.512	  1.365
       3.516	  1.300
       3.520	  1.198
       3.524	  1.002
       3.528	  0.728
       3.532	  0.460
       3.536	  0.278
       3.540	  0.170
       3.544	  0.065
       3.548	 -0.130
       3.552	 -0.370
       3.556	 -0.570
       3.560	 -0.655
       3.564	 -0.657
       3.568	 -0.635
       3.572	 -0.625
       3.576	 -0.630
       3.580	 -0.642
       3.584	 -0.645
       3.588	 -0.670
       3.592	 -0.715
       3.596	 -0.723
       3.600	 -0.688
       3.604	 -0.630
       3.608	 -0.570
       3.612	 -0.520
       3.616	 -0.495
       3.620	 -0.507
       3.624	 -0.515
       3.628	 -0.480
       3.632	 -0.440
       3.636	 -0.410
       3.640	 -0.407
       3.644	 -0.407
       3.648	 -0.427
       3.652	 -0.422
       3.656	 -0.375
       3.660	 -0.312
       3.664	 -0.260
       3.668	 -0.212
       3.672	 -0.175
       3.676	 -0.117
       3.680	 -0.052
       3.684	  0.025
       3.688	  0.058
       3.692	  0.085
       3.696	  0.102
       3.700	  0.110
       3.704	  0.092
       3.708	  0.083
       3.712	  0.077
       3.716	  0.085
       3.720	  0.092
       3.724	  0.115
       3.728	  0.135
       3.732	  0.155
       3.736	  0.163
       3.740	  0.163
       3.744	  0.175
       3.748	  0.175
       3.752	  0.180
       3.756	  0.170
       3.760	  0.170
       3.764	  0.170
       3.768	  0.175
       3.772	  0.190
       3.776	  0.212
       3.780	  0.233
       3.784	  0.255
       3.788	  0.273
       3.792	  0.297
       3.796	  0.325
       3.800	  0.357
       3.804	  0.385
       3.808	  0.415
       3.812	  0.450
       3.816	  0.475
       3.820	  0.480
       3.824	  0.472
       3.828	  0.455
       3.832	  0.427
       3.836	  0.390
       3.840	  0.350
       3.844	  0.310
       3.848	  0.255
       3.852	  0.195
       3.856	  0.115
       3.860	  0.050
       3.864	 -0.028
       3.868	 -0.072
       3.872	 -0.115
       3.876	 -0.130
       3.880	 -0.138
       3.884	 -0.130
       3.888	 -0.130
       3.892	 -0.135
       3.896	 -0.135
       3.900	 -0.130
       3.904	 -0.130
       3.908	 -0.122
       3.912	 -0.110
       3.916	 -0.092
       3.920	 -0.072
       3.924	 -0.060
       3.928	 -0.050
       3.932	 -0.045
       3.936	 -0.040
       3.940	 -0.037
       3.944	 -0.020
       3.948	  0.007
       3.952	  0.018
       3.956	  0.018
       3.960	  0.025
       3.964	  0.037
       3.968	  0.052
       3.972	  0.060
       3.976	  0.070
       3.980	  0.077
       3.984	  0.090
       3.988	  0.098
       3.992	  0.115
       3.996	  0.155
       4.000	  0.228
       4.004	  0.362
       4.008	  0.570
       4.012	  0.830
       4.016	  1.090
       4.020	  1.295
       4.024	  1.423
       4.028	  1.502
       4.032	  1.560
       4.036	  1.540
       4.040	  1.438
       4.044	  1.317
       4.048	  1.165
       4.052	  0.993
       4.056	  0.767
       4.060	  0.515
       4.064	  0.268
       4.068	  0.110
       4.072	  0.013
       4.076	 -0.077
       4.080	 -0.180
       4.084	 -0.297
       4.088	 -0.398
       4.092	 -0.468
       4.096	 -0.537
       4.100	 -0.598
       4.104	 -0.625
       4.108	 -0.603
       4.112	 -0.540
       4.116	 -0.500
       4.120	 -0.492
       4.124	 -0.495
       4.128	 -0.512
       4.132	 -0.520
       4.136	 -0.532
       4.140	 -0.540
       4.144	 -0.527
       4.148	 -0.505
       4.152	 -0.482
       4.156	 -0.468
       4.160	 -0.448
       4.164	 -0.427
       4.168	 -0.398
       4.172	 -0.370
       4.176	 -0.333
       4.180	 -0.297
       4.184	 -0.253
       4.188	 -0.212
       4.192	 -0.170
       4.196	 -0.130
       4.200	 -0.098
       4.204	 -0.065
       4.208	 -0.033
       4.212	  0.033
       4.216	  0.085
       4.220	  0.122
       4.224	  0.147
       4.228	  0.175
       4.232	  0.195
       4.236	  0.212
       4.240	  0.223
       4.244	  0.240
       4.248	  0.253
       4.252	  0.255
       4.256	  0.253
       4.260	  0.255
       4.264	  0.253
       4.268	  0.253
       4.272	  0.245
       4.276	  0.240
       4.280	  0.228
       4.284	  0.212
       4.288	  0.200
       4.292	  0.195
       4.296	  0.190
       4.300	  0.188
       4.304	  0.175
       4.308	  0.180
       4.312	  0.195
       4.316	  0.212
       4.320	  0.233
       4.324	  0.253
       4.328	  0.268
       4.332	  0.278
       4.336	  0.297
       4.340	  0.320
       4.344	  0.365
       4.348	  0.390
       4.352	  0.390
       4.356	  0.357
       4.360	  0.320
       4.364	  0.297
       4.368	  0.278
       4.372	  0.255
       4.376	  0.228
       4.380	  0.180
       4.384	  0.117
       4.388	  0.028
       4.392	 -0.040
       4.396	 -0.090
       4.400	 -0.117
       4.404	 -0.147
       4.408	 -0.170
       4.412	 -0.188
       4.416	 -0.195
       4.420	 -0.212
       4.424	 -0.233
       4.428	 -0.235
       4.432	 -0.233
       4.436	 -0.215
       4.440	 -0.203
       4.444	 -0.195
       4.448	 -0.195
       4.452	 -0.203
       4.456	 -0.212
       4.460	 -0.203
       4.464	 -0.190
       4.468	 -0.175
       4.472	 -0.158
       4.476	 -0.135
       4.480	 -0.122
       4.484	 -0.115
       4.488	 -0.110
       4.492	 -0.110
       4.496	 -0.115
       4.500	 -0.110
       4.504	 -0.115
       4.508	 -0.115
       4.512	 -0.105
       4.516	 -0.072
       4.520	 -0.025
       4.524	  0.037
       4.528	  0.117
       4.532	  0.253
       4.536	  0.450
       4.540	  0.710
       4.544	  0.993
       4.548	  1.220
       4.552	  1.373
       4.556	  1.480
       4.560	  1.545
       4.564	  1.515
       4.568	  1.397
       4.572	  1.235
       4.576	  1.052
       4.580	  0.840
       4.584	  0.603
       4.588	  0.330
       4.592	  0.092
       4.596	 -0.052
       4.600	 -0.117
       4.604	 -0.170
       4.608	 -0.253
       4.612	 -0.362
       4.616	 -0.468
       4.620	 -0.570
       4.624	 -0.677
       4.628	 -0.780
       4.632	 -0.820
       4.636	 -0.797
       4.640	 -0.743
       4.644	 -0.688
       4.648	 -0.667
       4.652	 -0.667
       4.656	 -0.677
       4.660	 -0.670
       4.664	 -0.655
       4.668	 -0.642
       4.672	 -0.655
       4.676	 -0.657
       4.680	 -0.655
       4.684	 -0.637
       4.688	 -0.623
       4.692	 -0.590
       4.696	 -0.557
       4.700	 -0.527
       4.704	 -0.505
       4.708	 -0.475
       4.712	 -0.443
       4.716	 -0.407
       4.720	 -0.375
       4.724	 -0.333
       4.728	 -0.287
       4.732	 -0.245
       4.736	 -0.203
       4.740	 -0.175
       4.744	 -0.135
       4.748	 -0.085
       4.752	 -0.040
       4.756	  0.000
       4.760	  0.028
       4.764	  0.070
       4.768	  0.090
       4.772	  0.098
       4.776	  0.115
       4.780	  0.125
       4.784	  0.142
       4.788	  0.155
       4.792	  0.158
       4.796	  0.158
       4.800	  0.155
       4.804	  0.150
       4.808	  0.138
       4.812	  0.125
       4.816	  0.125
       4.820	  0.138
       4.824	  0.142
       4.828	  0.142
       4.832	  0.142
       4.836	  0.147
       4.840	  0.163
       4.844	  0.190
       4.848	  0.220
       4.852	  0.247
       4.856	  0.260
       4.860	  0.280
       4.864	  0.310
       4.868	  0.350
       4.872	  0.383
       4.876	  0.398
       4.880	  0.390
       4.884	  0.370
       4.888	  0.343
       4.892	  0.318
       4.896	  0.292
       4.900	  0.273
       4.904	  0.240
       4.908	  0.182
       4.912	  0.115
       4.916	  0.028
       4.920	 -0.058
       4.924	 -0.105
       4.928	 -0.130
       4.932	 -0.150
       4.936	 -0.170
       4.940	 -0.195
       4.944	 -0.203
       4.948	 -0.215
       4.952	 -0.220
       4.956	 -0.220
       4.960	 -0.212
       4.964	 -0.200
       4.968	 -0.190
       4.972	 -0.188
       4.976	 -0.180
       4.980	 -0.170
       4.984	 -0.168
       4.988	 -0.163
       4.992	 -0.150
       4.996	 -0.135
       5.000	 -0.115
       5.004	 -0.110
       5.008	 -0.102
       5.012	 -0.090
       5.016	 -0.083
       5.020	 -0.072
       5.024	 -0.070
       5.028	 -0.060
       5.032	 -0.052
       5.036	 -0.040
       5.040	 -0.037
       5.044	  0.007
       5.048	  0.072
       5.052	  0.195
       5.056	  0.378
       5.060	  0.625
       5.064	  0.905
       5.068	  1.170
       5.072	  1.357
       5.076	  1.475
       5.080	  1.552
       5.084	  1.573
       5.088	  1.488
       5.092	  1.333
       5.096	  1.163
       5.100	  0.963
       5.104	  0.728
       5.108	  0.463
       5.112	  0.200
       5.116	  0.013
       5.120	 -0.090
       5.124	 -0.125
       5.128	 -0.168
       5.132	 -0.260
       5.136	 -0.378
       5.140	 -0.482
       5.144	 -0.585
       5.148	 -0.700
       5.152	 -0.785
       5.156	 -0.812
       5.160	 -0.772
       5.164	 -0.708
       5.168	 -0.650
       5.172	 -0.618
       5.176	 -0.603
       5.180	 -0.598
       5.184	 -0.585
       5.188	 -0.593
       5.192	 -0.598
       5.196	 -0.598
       5.200	 -0.585
       5.204	 -0.570
       5.208	 -0.552
       5.212	 -0.532
       5.216	 -0.512
       5.220	 -0.495
       5.224	 -0.475
       5.228	 -0.440
       5.232	 -0.398
       5.236	 -0.362
       5.240	 -0.325
       5.244	 -0.280
       5.248	 -0.245
       5.252	 -0.200
       5.256	 -0.163
       5.260	 -0.115
       5.264	 -0.065
       5.268	 -0.020
       5.272	  0.028
       5.276	  0.060
       5.280	  0.085
       5.284	  0.105
       5.288	  0.122
       5.292	  0.130
       5.296	  0.142
       5.300	  0.155
       5.304	  0.150
       5.308	  0.155
       5.312	  0.163
       5.316	  0.175
       5.320	  0.180
       5.324	  0.182
       5.328	  0.190
       5.332	  0.188
       5.336	  0.175
       5.340	  0.158
       5.344	  0.155
       5.348	  0.150
       5.352	  0.147
       5.356	  0.138
       5.360	  0.135
       5.364	  0.135
       5.368	  0.150
       5.372	  0.175
       5.376	  0.200
       5.380	  0.228
       5.384	  0.253
       5.388	  0.255
       5.392	  0.273
       5.396	  0.300
       5.400	  0.345
       5.404	  0.375
       5.408	  0.378
       5.412	  0.375
       5.416	  0.357
       5.420	  0.338
       5.424	  0.318
       5.428	  0.305
       5.432	  0.292
       5.436	  0.268
       5.440	  0.203
       5.444	  0.122
       5.448	  0.045
       5.452	 -0.025
       5.456	 -0.065
       5.460	 -0.077
       5.464	 -0.090
       5.468	 -0.102
       5.472	 -0.110
       5.476	 -0.105
       5.480	 -0.098
       5.484	 -0.090
       5.488	 -0.085
       5.492	 -0.083
       5.496	 -0.072
       5.500	 -0.070
       5.504	 -0.072
       5.508	 -0.072
       5.512	 -0.060
       5.516	 -0.045
       5.520	 -0.033
       5.524	 -0.025
       5.528	  0.005
       5.532	  0.020
       5.536	  0.025
       5.540	  0.025
       5.544	  0.028
       5.548	  0.033
       5.552	  0.040
       5.556	  0.050
       5.560	  0.060
       5.564	  0.065
       5.568	  0.090
       5.572	  0.125
       5.576	  0.215
       5.580	  0.362
       5.584	  0.580
       5.588	  0.853
       5.592	  1.133
       5.596	  1.370
       5.600	  1.520
       5.604	  1.617
       5.608	  1.670
       5.612	  1.650
       5.616	  1.540
       5.620	  1.390
       5.624	  1.208
       5.628	  1.015
       5.632	  0.787
       5.636	  0.547
       5.640	  0.333
       5.644	  0.228
       5.648	  0.195
       5.652	  0.142
       5.656	  0.028
       5.660	 -0.138
       5.664	 -0.297
       5.668	 -0.422
       5.672	 -0.545
       5.676	 -0.655
       5.680	 -0.710
       5.684	 -0.700
       5.688	 -0.642
       5.692	 -0.585
       5.696	 -0.547
       5.700	 -0.527
       5.704	 -0.515
       5.708	 -0.505
       5.712	 -0.492
       5.716	 -0.487
       5.720	 -0.492
       5.724	 -0.482
       5.728	 -0.472
       5.732	 -0.455
       5.736	 -0.443
       5.740	 -0.427
       5.744	 -0.398
       5.748	 -0.375
       5.752	 -0.345
       5.756	 -0.318
       5.760	 -0.280
       5.764	 -0.245
       5.768	 -0.212
       5.772	 -0.180
       5.776	 -0.138
       5.780	 -0.098
       5.784	 -0.052
       5.788	 -0.018
       5.792	  0.033
       5.796	  0.072
       5.800	  0.117
       5.804	  0.155
       5.808	  0.182
       5.812	  0.207
       5.816	  0.228
       5.820	  0.245
       5.824	  0.247
       5.828	  0.255
       5.832	  0.265
       5.836	  0.278
       5.840	  0.280
       5.844	  0.287
       5.848	  0.292
       5.852	  0.292
       5.856	  0.285
       5.860	  0.285
       5.864	  0.292
       5.868	  0.297
       5.872	  0.297
       5.876	  0.292
       5.880	  0.280
       5.884	  0.278
       5.888	  0.268
       5.892	  0.273
       5.896	  0.292
       5.900	  0.318
       5.904	  0.343
       5.908	  0.357
       5.912	  0.375
       5.916	  0.390
       5.920	  0.410
       5.924	  0.440
       5.928	  0.463
       5.932	  0.480
       5.936	  0.468
       5.940	  0.443
       5.944	  0.422
       5.948	  0.403
       5.952	  0.385
       5.956	  0.365
       5.960	  0.343
       5.964	  0.287
       5.968	  0.212
       5.972	  0.130
       5.976	  0.060
       5.980	  0.013
       5.984	 -0.028
       5.988	 -0.052
       5.992	 -0.072
       5.996	 -0.085
       6.000	 -0.085
       6.004	 -0.090
       6.008	 -0.098
       6.012	 -0.090
       6.016	 -0.085
       6.020	 -0.085
       6.024	 -0.090
       6.028	 -0.085
       6.032	 -0.077
       6.036	 -0.065
       6.040	 -0.058
       6.044	 -0.045
       6.048	 -0.040
       6.052	 -0.028
       6.056	 -0.025
       6.060	  0.000
       6.064	  0.000
       6.068	  0.005
       6.072	  0.005
       6.076	  0.007
       6.080	  0.013
       6.084	  0.018
       6.088	  0.025
       6.092	  0.040
       6.096	  0.072
       6.100	  0.130
       6.104	  0.228
       6.108	  0.398
       6.112	  0.645
       6.116	  0.935
       6.120	  1.202
       6.124	  1.410
       6.128	  1.535
       6.132	  1.625
       6.136	  1.663
       6.140	  1.600
       6.144	  1.470
       6.148	  1.295
       6.152	  1.105
       6.156	  0.910
       6.160	  0.662
       6.164	  0.407
       6.168	  0.207
       6.172	  0.098
       6.176	  0.058
       6.180	  0.000
       6.184	 -0.125
       6.188	 -0.278
       6.192	 -0.403
       6.196	 -0.520
       6.200	 -0.625
       6.204	 -0.715
       6.208	 -0.752
       6.212	 -0.715
       6.216	 -0.655
       6.220	 -0.598
       6.224	 -0.570
       6.228	 -0.547
       6.232	 -0.540
       6.236	 -0.532
       6.240	 -0.537
       6.244	 -0.527
       6.248	 -0.527
       6.252	 -0.520
       6.256	 -0.520
       6.260	 -0.505
       6.264	 -0.492
       6.268	 -0.472
       6.272	 -0.455
       6.276	 -0.427
       6.280	 -0.407
       6.284	 -0.378
       6.288	 -0.350
       6.292	 -0.312
       6.296	 -0.273
       6.300	 -0.233
       6.304	 -0.188
       6.308	 -0.147
       6.312	 -0.098
       6.316	 -0.050
       6.320	  0.005
       6.324	  0.037
       6.328	  0.070
       6.332	  0.102
       6.336	  0.130
       6.340	  0.150
       6.344	  0.180
       6.348	  0.195
       6.352	  0.207
       6.356	  0.215
       6.360	  0.223
       6.364	  0.228
       6.368	  0.233
       6.372	  0.235
       6.376	  0.240
       6.380	  0.245
       6.384	  0.245
       6.388	  0.233
       6.392	  0.228
       6.396	  0.223
       6.400	  0.223
       6.404	  0.212
       6.408	  0.207
       6.412	  0.215
       6.416	  0.228
       6.420	  0.240
       6.424	  0.260
       6.428	  0.292
       6.432	  0.318
       6.436	  0.343
       6.440	  0.352
       6.444	  0.385
       6.448	  0.410
       6.452	  0.435
       6.456	  0.440
       6.460	  0.435
       6.464	  0.415
       6.468	  0.395
       6.472	  0.375
       6.476	  0.357
       6.480	  0.333
       6.484	  0.297
       6.488	  0.235
       6.492	  0.155
       6.496	  0.083
       6.500	  0.018
       6.504	 -0.037
       6.508	 -0.070
       6.512	 -0.090
       6.516	 -0.102
       6.520	 -0.110
       6.524	 -0.115
       6.528	 -0.115
       6.532	 -0.117
       6.536	 -0.117
       6.540	 -0.125
       6.544	 -0.122
       6.548	 -0.117
       6.552	 -0.115
       6.556	 -0.115
       6.560	 -0.102
       6.564	 -0.098
       6.568	 -0.085
       6.572	 -0.083
       6.576	 -0.070
       6.580	 -0.065
       6.584	 -0.052
       6.588	 -0.045
       6.592	 -0.040
       6.596	 -0.037
       6.600	 -0.033
       6.604	 -0.033
       6.608	 -0.033
       6.612	 -0.020
       6.616	  0.005
       6.620	  0.028
       6.624	  0.083
       6.628	  0.190
       6.632	  0.362
       6.636	  0.603
       6.640	  0.877
       6.644	  1.150
       6.648	  1.353
       6.652	  1.480
       6.656	  1.552
       6.660	  1.585
       6.664	  1.520
       6.668	  1.377
       6.672	  1.210
       6.676	  1.020
       6.680	  0.787
       6.684	  0.532
       6.688	  0.273
       6.692	  0.077
       6.696	 -0.020
       6.700	 -0.045
       6.704	 -0.092
       6.708	 -0.190
       6.712	 -0.318
       6.716	 -0.435
       6.720	 -0.547
       6.724	 -0.667
       6.728	 -0.760
       6.732	 -0.797
       6.736	 -0.760
       6.740	 -0.700
       6.744	 -0.642
       6.748	 -0.610
       6.752	 -0.593
       6.756	 -0.590
       6.760	 -0.580
       6.764	 -0.580
       6.768	 -0.573
       6.772	 -0.573
       6.776	 -0.565
       6.780	 -0.552
       6.784	 -0.537
       6.788	 -0.515
       6.792	 -0.500
       6.796	 -0.472
       6.800	 -0.443
       6.804	 -0.422
       6.808	 -0.390
       6.812	 -0.352
       6.816	 -0.320
       6.820	 -0.297
       6.824	 -0.260
       6.828	 -0.215
       6.832	 -0.168
       6.836	 -0.117
       6.840	 -0.085
       6.844	 -0.040
       6.848	  0.000
       6.852	  0.033
       6.856	  0.060
       6.860	  0.083
       6.864	  0.098
       6.868	  0.122
       6.872	  0.130
       6.876	  0.147
       6.880	  0.158
       6.884	  0.163
       6.888	  0.158
       6.892	  0.158
       6.896	  0.158
       6.900	  0.163
       6.904	  0.158
       6.908	  0.155
       6.912	  0.158
       6.916	  0.158
       6.920	  0.155
       6.924	  0.142
       6.928	  0.142
       6.932	  0.135
       6.936	  0.125
       6.940	  0.125
       6.944	  0.135
       6.948	  0.150
       6.952	  0.182
       6.956	  0.203
       6.960	  0.223
       6.964	  0.240
       6.968	  0.265
       6.972	  0.287
       6.976	  0.318
       6.980	  0.333
       6.984	  0.338
       6.988	  0.325
       6.992	  0.310
       6.996	  0.292
       7.000	  0.278
       7.004	  0.260
       7.008	  0.240
       7.012	  0.203
       7.016	  0.142
       7.020	  0.058
       7.024	 -0.033
       7.028	 -0.085
       7.032	 -0.125
       7.036	 -0.150
       7.040	 -0.170
       7.044	 -0.182
       7.048	 -0.190
       7.052	 -0.195
       7.056	 -0.203
       7.060	 -0.200
       7.064	 -0.200
       7.068	 -0.190
       7.072	 -0.188
       7.076	 -0.170
       7.080	 -0.158
       7.084	 -0.142
       7.088	 -0.130
       7.092	 -0.125
       7.096	 -0.115
       7.100	 -0.102
       7.104	 -0.092
       7.108	 -0.085
       7.112	 -0.072
       7.116	 -0.065
       7.120	 -0.060
       7.124	 -0.058
       7.128	 -0.040
       7.132	 -0.033
       7.136	 -0.020
       7.140	  0.000
       7.144	  0.018
       7.148	  0.052
       7.152	  0.122
       7.156	  0.247
       7.160	  0.448
       7.164	  0.708
       7.168	  1.000
       7.172	  1.242
       7.176	  1.423
       7.180	  1.532
       7.184	  1.605
       7.188	  1.597
       7.192	  1.508
       7.196	  1.373
       7.200	  1.220
       7.204	  1.035
       7.208	  0.805
       7.212	  0.545
       7.216	  0.330
       7.220	  0.180
       7.224	  0.115
       7.228	  0.065
       7.232	 -0.040
       7.236	 -0.195
       7.240	 -0.357
       7.244	 -0.475
       7.248	 -0.578
       7.252	 -0.675
       7.256	 -0.743
       7.260	 -0.743
       7.264	 -0.690
       7.268	 -0.630
       7.272	 -0.585
       7.276	 -0.560
       7.280	 -0.552
       7.284	 -0.537
       7.288	 -0.532
       7.292	 -0.532
       7.296	 -0.527
       7.300	 -0.527
       7.304	 -0.525
       7.308	 -0.520
       7.312	 -0.500
       7.316	 -0.475
       7.320	 -0.460
       7.324	 -0.435
       7.328	 -0.403
       7.332	 -0.365
       7.336	 -0.338
       7.340	 -0.300
       7.344	 -0.260
       7.348	 -0.223
       7.352	 -0.180
       7.356	 -0.147
       7.360	 -0.102
       7.364	 -0.065
       7.368	 -0.020
       7.372	  0.025
       7.376	  0.060
       7.380	  0.092
       7.384	  0.125
       7.388	  0.147
       7.392	  0.168
       7.396	  0.180
       7.400	  0.190
       7.404	  0.195
       7.408	  0.207
       7.412	  0.220
       7.416	  0.233
       7.420	  0.233
       7.424	  0.233
       7.428	  0.233
       7.432	  0.235
       7.436	  0.228
       7.440	  0.220
       7.444	  0.212
       7.448	  0.207
       7.452	  0.200
       7.456	  0.190
       7.460	  0.190
       7.464	  0.190
       7.468	  0.200
       7.472	  0.215
       7.476	  0.240
       7.480	  0.268
       7.484	  0.297
       7.488	  0.312
       7.492	  0.325
       7.496	  0.350
       7.500	  0.383
       7.504	  0.410
       7.508	  0.417
       7.512	  0.417
       7.516	  0.407
       7.520	  0.385
       7.524	  0.365
       7.528	  0.352
       7.532	  0.333
       7.536	  0.297
       7.540	  0.228
       7.544	  0.155
       7.548	  0.083
       7.552	  0.028
       7.556	 -0.028
       7.560	 -0.052
       7.564	 -0.065
       7.568	 -0.077
       7.572	 -0.090
       7.576	 -0.092
       7.580	 -0.098
       7.584	 -0.098
       7.588	 -0.102
       7.592	 -0.102
       7.596	 -0.092
       7.600	 -0.090
       7.604	 -0.092
       7.608	 -0.090
       7.612	 -0.085
       7.616	 -0.085
       7.620	 -0.083
       7.624	 -0.072
       7.628	 -0.060
       7.632	 -0.052
       7.636	 -0.050
       7.640	 -0.045
       7.644	 -0.037
       7.648	 -0.033
       7.652	 -0.020
       7.656	 -0.020
       7.660	  0.000
       7.664	  0.000
       7.668	  0.007
       7.672	  0.028
       7.676	  0.072
       7.680	  0.163
       7.684	  0.320
       7.688	  0.552
       7.692	  0.830
       7.696	  1.113
       7.700	  1.345
       7.704	  1.488
       7.708	  1.577
       7.712	  1.625
       7.716	  1.593
       7.720	  1.480
       7.724	  1.327
       7.728	  1.163
       7.732	  0.955
       7.736	  0.708
       7.740	  0.440
       7.744	  0.215
       7.748	  0.098
       7.752	  0.040
       7.756	 -0.040
       7.760	 -0.150
       7.764	 -0.305
       7.768	 -0.427
       7.772	 -0.547
       7.776	 -0.662
       7.780	 -0.765
       7.784	 -0.820
       7.788	 -0.812
       7.792	 -0.755
       7.796	 -0.695
       7.800	 -0.650
       7.804	 -0.635
       7.808	 -0.630
       7.812	 -0.625
       7.816	 -0.623
       7.820	 -0.623
       7.824	 -0.623
       7.828	 -0.610
       7.832	 -0.593
       7.836	 -0.590
       7.840	 -0.585
       7.844	 -0.565
       7.848	 -0.545
       7.852	 -0.512
       7.856	 -0.487
       7.860	 -0.450
       7.864	 -0.415
       7.868	 -0.383
       7.872	 -0.350
       7.876	 -0.318
       7.880	 -0.285
       7.884	 -0.235
       7.888	 -0.190
       7.892	 -0.142
       7.896	 -0.098
       7.900	 -0.052
       7.904	 -0.025
       7.908	  0.013
       7.912	  0.040
       7.916	  0.060
       7.920	  0.083
       7.924	  0.092
       7.928	  0.115
       7.932	  0.135
       7.936	  0.142
       7.940	  0.147
       7.944	  0.155
       7.948	  0.155
       7.952	  0.158
       7.956	  0.155
       7.960	  0.158
       7.964	  0.155
       7.968	  0.155
       7.972	  0.138
       7.976	  0.135
       7.980	  0.125
       7.984	  0.125
       7.988	  0.125
       7.992	  0.130
       7.996	  0.150
       8.000	  0.175
       8.004	  0.203
       8.008	  0.228
       8.012	  0.247
       8.016	  0.265
       8.020	  0.285
       8.024	  0.310
       8.028	  0.338
       8.032	  0.352
       8.036	  0.343
       8.040	  0.320
       8.044	  0.300
       8.048	  0.285
       8.052	  0.265
       8.056	  0.245
       8.060	  0.212
       8.064	  0.147
       8.068	  0.065
       8.072	 -0.033
       8.076	 -0.092
       8.080	 -0.138
       8.084	 -0.163
       8.088	 -0.182
       8.092	 -0.200
       8.096	 -0.212
       8.100	 -0.212
       8.104	 -0.212
       8.108	 -0.220
       8.112	 -0.220
       8.116	 -0.220
       8.120	 -0.215
       8.124	 -0.215
       8.128	 -0.207
       8.132	 -0.195
       8.136	 -0.188
       8.140	 -0.180
       8.144	 -0.168
       8.148	 -0.163
       8.152	 -0.155
       8.156	 -0.150
       8.160	 -0.138
       8.164	 -0.130
       8.168	 -0.125
       8.172	 -0.122
       8.176	 -0.110
       8.180	 -0.102
       8.184	 -0.085
       8.188	 -0.083
       8.192	 -0.077
       8.196	 -0.058
       8.200	  0.000
       8.204	  0.083
       8.208	  0.235
       8.212	  0.427
       8.216	  0.703
       8.220	  1.000
       8.224	  1.242
       8.228	  1.417
       8.232	  1.515
       8.236	  1.577
       8.240	  1.560
       8.244	  1.468
       8.248	  1.327
       8.252	  1.157
       8.256	  0.955
       8.260	  0.720
       8.264	  0.450
       8.268	  0.203
       8.272	  0.045
       8.276	 -0.033
       8.280	 -0.090
       8.284	 -0.180
       8.288	 -0.318
       8.292	 -0.448
       8.296	 -0.552
       8.300	 -0.645
       8.304	 -0.748
       8.308	 -0.812
       8.312	 -0.807
       8.316	 -0.755
       8.320	 -0.695
       8.324	 -0.645
       8.328	 -0.623
       8.332	 -0.610
       8.336	 -0.603
       8.340	 -0.603
       8.344	 -0.593
       8.348	 -0.590
       8.352	 -0.578
       8.356	 -0.570
       8.360	 -0.557
       8.364	 -0.540
       8.368	 -0.520
       8.372	 -0.507
       8.376	 -0.480
       8.380	 -0.450
       8.384	 -0.415
       8.388	 -0.378
       8.392	 -0.343
       8.396	 -0.305
       8.400	 -0.265
       8.404	 -0.228
       8.408	 -0.188
       8.412	 -0.142
       8.416	 -0.098
       8.420	 -0.052
       8.424	 -0.018
       8.428	  0.037
       8.432	  0.072
       8.436	  0.102
       8.440	  0.122
       8.444	  0.147
       8.448	  0.158
       8.452	  0.175
       8.456	  0.170
       8.460	  0.180
       8.464	  0.180
       8.468	  0.180
       8.472	  0.182
       8.476	  0.190
       8.480	  0.190
       8.484	  0.195
       8.488	  0.195
       8.492	  0.195
       8.496	  0.188
       8.500	  0.182
       8.504	  0.175
       8.508	  0.168
       8.512	  0.170
       8.516	  0.175
       8.520	  0.180
       8.524	  0.195
       8.528	  0.228
       8.532	  0.255
       8.536	  0.278
       8.540	  0.285
       8.544	  0.300
       8.548	  0.338
       8.552	  0.378
       8.556	  0.403
       8.560	  0.410
       8.564	  0.390
       8.568	  0.365
       8.572	  0.338
       8.576	  0.325
       8.580	  0.320
       8.584	  0.310
       8.588	  0.273
       8.592	  0.207
       8.596	  0.125
       8.600	  0.045
       8.604	 -0.028
       8.608	 -0.065
       8.612	 -0.083
       8.616	 -0.098
       8.620	 -0.110
       8.624	 -0.122
       8.628	 -0.125
       8.632	 -0.125
       8.636	 -0.130
       8.640	 -0.135
       8.644	 -0.135
       8.648	 -0.135
       8.652	 -0.130
       8.656	 -0.125
       8.660	 -0.105
       8.664	 -0.090
       8.668	 -0.077
       8.672	 -0.070
       8.676	 -0.058
       8.680	 -0.052
       8.684	 -0.040
       8.688	 -0.045
       8.692	 -0.040
       8.696	 -0.033
       8.700	 -0.020
       8.704	 -0.020
       8.708	 -0.018
       8.712	  0.000
       8.716	  0.005
       8.720	  0.018
       8.724	  0.045
       8.728	  0.105
       8.732	  0.207
       8.736	  0.375
       8.740	  0.605
       8.744	  0.895
       8.748	  1.175
       8.752	  1.393
       8.756	  1.532
       8.760	  1.633
       8.764	  1.677
       8.768	  1.630
       8.772	  1.495
       8.776	  1.327
       8.780	  1.137
       8.784	  0.910
       8.788	  0.642
       8.792	  0.357
       8.796	  0.135
       8.800	  0.025
       8.804	 -0.033
       8.808	 -0.083
       8.812	 -0.168
       8.816	 -0.280
       8.820	 -0.390
       8.824	 -0.492
       8.828	 -0.590
       8.832	 -0.682
       8.836	 -0.723
       8.840	 -0.708
       8.844	 -0.650
       8.848	 -0.603
       8.852	 -0.560
       8.856	 -0.547
       8.860	 -0.540
       8.864	 -0.532
       8.868	 -0.527
       8.872	 -0.540
       8.876	 -0.532
       8.880	 -0.520
       8.884	 -0.505
       8.888	 -0.495
       8.892	 -0.480
       8.896	 -0.460
       8.900	 -0.430
       8.904	 -0.410
       8.908	 -0.378
       8.912	 -0.350
       8.916	 -0.312
       8.920	 -0.280
       8.924	 -0.247
       8.928	 -0.212
       8.932	 -0.163
       8.936	 -0.122
       8.940	 -0.085
       8.944	 -0.040
       8.948	  0.007
       8.952	  0.045
       8.956	  0.072
       8.960	  0.105
       8.964	  0.135
       8.968	  0.155
       8.972	  0.163
       8.976	  0.175
       8.980	  0.188
       8.984	  0.200
       8.988	  0.207
       8.992	  0.212
       8.996	  0.220
       9.000	  0.220
       9.004	  0.215
       9.008	  0.212
       9.012	  0.207
       9.016	  0.207
       9.020	  0.207
       9.024	  0.195
       9.028	  0.188
       9.032	  0.182
       9.036	  0.182
       9.040	  0.170
       9.044	  0.170
       9.048	  0.188
       9.052	  0.212
       9.056	  0.240
       9.060	  0.268
       9.064	  0.285
       9.068	  0.292
       9.072	  0.310
       9.076	  0.343
       9.080	  0.375
       9.084	  0.398
       9.088	  0.403
       9.092	  0.403
       9.096	  0.390
       9.100	  0.383
       9.104	  0.352
       9.108	  0.330
       9.112	  0.310
       9.116	  0.273
       9.120	  0.203
       9.124	  0.122
       9.128	  0.045
       9.132	 -0.028
       9.136	 -0.072
       9.140	 -0.117
       9.144	 -0.135
       9.148	 -0.158
       9.152	 -0.163
       9.156	 -0.163
       9.160	 -0.158
       9.164	 -0.168
       9.168	 -0.168
       9.172	 -0.168
       9.176	 -0.163
       9.180	 -0.147
       9.184	 -0.138
       9.188	 -0.130
       9.192	 -0.122
       9.196	 -0.122
       9.200	 -0.110
       9.204	 -0.098
       9.208	 -0.083
       9.212	 -0.077
       9.216	 -0.070
       9.220	 -0.060
       9.224	 -0.058
       9.228	 -0.045
       9.232	 -0.037
       9.236	 -0.028
       9.240	 -0.025
       9.244	  0.005
       9.248	  0.018
       9.252	  0.033
       9.256	  0.070
       9.260	  0.163
       9.264	  0.325
       9.268	  0.565
       9.272	  0.838
       9.276	  1.105
       9.280	  1.312
       9.284	  1.458
       9.288	  1.552
       9.292	  1.617
       9.296	  1.610
       9.300	  1.528
       9.304	  1.405
       9.308	  1.272
       9.312	  1.105
       9.316	  0.897
       9.320	  0.645
       9.324	  0.440
       9.328	  0.338
       9.332	  0.292
       9.336	  0.220
       9.340	  0.083
       9.344	 -0.115
       9.348	 -0.287
       9.352	 -0.430
       9.356	 -0.565
       9.360	 -0.677
       9.364	 -0.748
       9.368	 -0.743
       9.372	 -0.708
       9.376	 -0.662
       9.380	 -0.625
       9.384	 -0.605
       9.388	 -0.590
       9.392	 -0.573
       9.396	 -0.573
       9.400	 -0.585
       9.404	 -0.585
       9.408	 -0.573
       9.412	 -0.557
       9.416	 -0.540
       9.420	 -0.520
       9.424	 -0.512
       9.428	 -0.487
       9.432	 -0.455
       9.436	 -0.422
       9.440	 -0.398
       9.444	 -0.362
       9.448	 -0.325
       9.452	 -0.287
       9.456	 -0.255
       9.460	 -0.212
       9.464	 -0.170
       9.468	 -0.130
       9.472	 -0.090
       9.476	 -0.052
       9.480	  0.000
       9.484	  0.037
       9.488	  0.070
       9.492	  0.092
       9.496	  0.122
       9.500	  0.142
       9.504	  0.155
       9.508	  0.163
       9.512	  0.180
       9.516	  0.190
       9.520	  0.195
       9.524	  0.195
       9.528	  0.203
       9.532	  0.207
       9.536	  0.203
       9.540	  0.195
       9.544	  0.190
       9.548	  0.188
       9.552	  0.182
       9.556	  0.170
       9.560	  0.168
       9.564	  0.163
       9.568	  0.163
       9.572	  0.158
       9.576	  0.158
       9.580	  0.163
       9.584	  0.182
       9.588	  0.200
       9.592	  0.223
       9.596	  0.247
       9.600	  0.273
       9.604	  0.287
       9.608	  0.318
       9.612	  0.352
       9.616	  0.385
       9.620	  0.398
       9.624	  0.395
       9.628	  0.383
       9.632	  0.365
       9.636	  0.350
       9.640	  0.333
       9.644	  0.320
       9.648	  0.300
       9.652	  0.253
       9.656	  0.180
       9.660	  0.098
       9.664	  0.037
       9.668	 -0.025
       9.672	 -0.058
       9.676	 -0.072
       9.680	 -0.085
       9.684	 -0.092
       9.688	 -0.102
       9.692	 -0.105
       9.696	 -0.105
       9.700	 -0.110
       9.704	 -0.115
       9.708	 -0.115
       9.712	 -0.105
       9.716	 -0.102
       9.720	 -0.092
       9.724	 -0.092
       9.728	 -0.085
       9.732	 -0.083
       9.736	 -0.072
       9.740	 -0.072
       9.744	 -0.065
       9.748	 -0.058
       9.752	 -0.052
       9.756	 -0.050
       9.760	 -0.040
       9.764	 -0.040
       9.768	 -0.037
       9.772	 -0.033
       9.776	 -0.028
       9.780	 -0.020
       9.784	  0.000
       9.788	  0.025
       9.792	  0.077
       9.796	  0.182
       9.800	  0.365
       9.804	  0.613
       9.808	  0.897
       9.812	  1.163
       9.816	  1.357
       9.820	  1.470
       9.824	  1.552
       9.828	  1.580
       9.832	  1.515
       9.836	  1.385
       9.840	  1.222
       9.844	  1.035
       9.848	  0.797
       9.852	  0.532
       9.856	  0.255
       9.860	  0.060
       9.864	 -0.033
       9.868	 -0.065
       9.872	 -0.122
       9.876	 -0.220
       9.880	 -0.345
       9.884	 -0.448
       9.888	 -0.552
       9.892	 -0.657
       9.896	 -0.743
       9.900	 -0.775
       9.904	 -0.752
       9.908	 -0.700
       9.912	 -0.655
       9.916	 -0.618
       9.920	 -0.603
       9.924	 -0.593
       9.928	 -0.580
       9.932	 -0.578
       9.936	 -0.578
       9.940	 -0.580
       9.944	 -0.570
       9.948	 -0.557
       9.952	 -0.540
       9.956	 -0.527
       9.960	 -0.507
       9.964	 -0.482
       9.968	 -0.450
       9.972	 -0.422
       9.976	 -0.383
       9.980	 -0.345
       9.984	 -0.310
       9.988	 -0.280
       9.992	 -0.245
       9.996	 -0.203
