Elapsed_time	ECG
       0.000	  0.395
       0.004	  0.357
       0.008	  0.320
       0.012	  0.295
       0.016	  0.275
       0.020	  0.258
       0.024	  0.237
       0.028	  0.237
       0.032	  0.225
       0.036	  0.233
       0.040	  0.225
       0.044	  0.220
       0.048	  0.220
       0.052	  0.207
       0.056	  0.200
       0.060	  0.195
       0.064	  0.195
       0.068	  0.188
       0.072	  0.188
       0.076	  0.188
       0.080	  0.188
       0.084	  0.195
       0.088	  0.212
       0.092	  0.258
       0.096	  0.333
       0.100	  0.438
       0.104	  0.570
       0.108	  0.700
       0.112	  0.863
       0.116	  1.038
       0.120	  1.245
       0.124	  1.450
       0.128	  1.625
       0.132	  1.782
       0.136	  1.913
       0.140	  2.020
       0.144	  2.120
       0.148	  2.188
       0.152	  2.232
       0.156	  2.275
       0.160	  2.333
       0.164	  2.388
       0.168	  2.413
       0.172	  2.408
       0.176	  2.345
       0.180	  2.245
       0.184	  2.125
       0.188	  2.000
       0.192	  1.857
       0.196	  1.700
       0.200	  1.538
       0.204	  1.383
       0.208	  1.212
       0.212	  1.038
       0.216	  0.825
       0.220	  0.595
       0.224	  0.333
       0.228	  0.083
       0.232	 -0.163
       0.236	 -0.357
       0.240	 -0.507
       0.244	 -0.595
       0.248	 -0.632
       0.252	 -0.650
       0.256	 -0.670
       0.260	 -0.700
       0.264	 -0.745
       0.268	 -0.800
       0.272	 -0.870
       0.276	 -0.925
       0.280	 -0.970
       0.284	 -0.995
       0.288	 -1.000
       0.292	 -1.008
       0.296	 -1.008
       0.300	 -1.012
       0.304	 -1.020
       0.308	 -1.025
       0.312	 -1.032
       0.316	 -1.045
       0.320	 -1.050
       0.324	 -1.058
       0.328	 -1.070
       0.332	 -1.075
       0.336	 -1.087
       0.340	 -1.100
       0.344	 -1.107
       0.348	 -1.113
       0.352	 -1.120
       0.356	 -1.125
       0.360	 -1.125
       0.364	 -1.113
       0.368	 -1.120
       0.372	 -1.113
       0.376	 -1.095
       0.380	 -1.075
       0.384	 -1.062
       0.388	 -1.032
       0.392	 -1.000
       0.396	 -0.958
       0.400	 -0.907
       0.404	 -0.850
       0.408	 -0.800
       0.412	 -0.745
       0.416	 -0.682
       0.420	 -0.620
       0.424	 -0.550
       0.428	 -0.470
       0.432	 -0.395
       0.436	 -0.312
       0.440	 -0.237
       0.444	 -0.163
       0.448	 -0.100
       0.452	 -0.025
       0.456	  0.058
       0.460	  0.120
       0.464	  0.170
       0.468	  0.220
       0.472	  0.270
       0.476	  0.307
       0.480	  0.345
       0.484	  0.370
       0.488	  0.395
       0.492	  0.400
       0.496	  0.420
       0.500	  0.438
       0.504	  0.445
       0.508	  0.445
       0.512	  0.445
       0.516	  0.432
       0.520	  0.425
       0.524	  0.407
       0.528	  0.395
       0.532	  0.388
       0.536	  0.375
       0.540	  0.370
       0.544	  0.362
       0.548	  0.350
       0.552	  0.345
       0.556	  0.325
       0.560	  0.312
       0.564	  0.307
       0.568	  0.295
       0.572	  0.295
       0.576	  0.287
       0.580	  0.287
       0.584	  0.275
       0.588	  0.270
       0.592	  0.258
       0.596	  0.258
       0.600	  0.263
       0.604	  0.287
       0.608	  0.307
       0.612	  0.345
       0.616	  0.388
       0.620	  0.445
       0.624	  0.495
       0.628	  0.545
       0.632	  0.608
       0.636	  0.675
       0.640	  0.738
       0.644	  0.782
       0.648	  0.812
       0.652	  0.807
       0.656	  0.795
       0.660	  0.770
       0.664	  0.713
       0.668	  0.625
       0.672	  0.537
       0.676	  0.445
       0.680	  0.425
       0.684	  0.450
       0.688	  0.500
       0.692	  0.520
       0.696	  0.500
       0.700	  0.470
       0.704	  0.463
       0.708	  0.475
       0.712	  0.512
       0.716	  0.557
       0.720	  0.600
       0.724	  0.650
       0.728	  0.682
       0.732	  0.625
       0.736	  0.495
       0.740	  0.312
       0.744	  0.133
       0.748	  0.000
       0.752	 -0.107
       0.756	 -0.170
       0.760	 -0.200
       0.764	 -0.233
       0.768	 -0.250
       0.772	 -0.263
       0.776	 -0.275
       0.780	 -0.282
       0.784	 -0.295
       0.788	 -0.300
       0.792	 -0.300
       0.796	 -0.307
       0.800	 -0.307
       0.804	 -0.300
       0.808	 -0.300
       0.812	 -0.282
       0.816	 -0.282
       0.820	 -0.263
       0.824	 -0.250
       0.828	 -0.237
       0.832	 -0.225
       0.836	 -0.200
       0.840	 -0.188
       0.844	 -0.163
       0.848	 -0.145
       0.852	 -0.125
       0.856	 -0.100
       0.860	 -0.070
       0.864	 -0.037
       0.868	  0.007
       0.872	  0.037
       0.876	  0.075
       0.880	  0.107
       0.884	  0.138
       0.888	  0.175
       0.892	  0.200
       0.896	  0.225
       0.900	  0.258
       0.904	  0.295
       0.908	  0.320
       0.912	  0.357
       0.916	  0.375
       0.920	  0.407
       0.924	  0.420
       0.928	  0.438
       0.932	  0.450
       0.936	  0.463
       0.940	  0.475
       0.944	  0.487
       0.948	  0.495
       0.952	  0.495
       0.956	  0.495
       0.960	  0.500
       0.964	  0.495
       0.968	  0.487
       0.972	  0.475
       0.976	  0.463
       0.980	  0.450
       0.984	  0.432
       0.988	  0.425
       0.992	  0.412
       0.996	  0.395
       1.000	  0.383
       1.004	  0.375
       1.008	  0.357
       1.012	  0.350
       1.016	  0.338
       1.020	  0.325
       1.024	  0.307
       1.028	  0.300
       1.032	  0.295
       1.036	  0.295
       1.040	  0.287
       1.044	  0.275
       1.048	  0.270
       1.052	  0.270
       1.056	  0.258
       1.060	  0.258
       1.064	  0.250
       1.068	  0.245
       1.072	  0.245
       1.076	  0.237
       1.080	  0.225
       1.084	  0.225
       1.088	  0.225
       1.092	  0.225
       1.096	  0.225
       1.100	  0.233
       1.104	  0.233
       1.108	  0.225
       1.112	  0.225
       1.116	  0.212
       1.120	  0.212
       1.124	  0.207
       1.128	  0.207
       1.132	  0.212
       1.136	  0.220
       1.140	  0.212
       1.144	  0.212
       1.148	  0.220
       1.152	  0.220
       1.156	  0.220
       1.160	  0.220
       1.164	  0.212
       1.168	  0.200
       1.172	  0.207
       1.176	  0.212
       1.180	  0.220
       1.184	  0.212
       1.188	  0.212
       1.192	  0.220
       1.196	  0.220
       1.200	  0.212
       1.204	  0.220
       1.208	  0.207
       1.212	  0.200
       1.216	  0.195
       1.220	  0.200
       1.224	  0.200
       1.228	  0.200
       1.232	  0.195
       1.236	  0.200
       1.240	  0.195
       1.244	  0.200
       1.248	  0.200
       1.252	  0.195
       1.256	  0.195
       1.260	  0.195
       1.264	  0.195
       1.268	  0.188
       1.272	  0.188
       1.276	  0.188
       1.280	  0.188
       1.284	  0.188
       1.288	  0.188
       1.292	  0.188
       1.296	  0.188
       1.300	  0.182
       1.304	  0.188
       1.308	  0.182
       1.312	  0.188
       1.316	  0.188
       1.320	  0.195
       1.324	  0.195
       1.328	  0.195
       1.332	  0.195
       1.336	  0.195
       1.340	  0.200
       1.344	  0.200
       1.348	  0.195
       1.352	  0.200
       1.356	  0.200
       1.360	  0.207
       1.364	  0.200
       1.368	  0.200
       1.372	  0.200
       1.376	  0.212
       1.380	  0.225
       1.384	  0.237
       1.388	  0.258
       1.392	  0.275
       1.396	  0.295
       1.400	  0.300
       1.404	  0.312
       1.408	  0.312
       1.412	  0.320
       1.416	  0.325
       1.420	  0.357
       1.424	  0.400
       1.428	  0.445
       1.432	  0.482
       1.436	  0.512
       1.440	  0.532
       1.444	  0.550
       1.448	  0.557
       1.452	  0.550
       1.456	  0.537
       1.460	  0.500
       1.464	  0.470
       1.468	  0.432
       1.472	  0.375
       1.476	  0.338
       1.480	  0.300
       1.484	  0.275
       1.488	  0.250
       1.492	  0.233
       1.496	  0.212
       1.500	  0.195
       1.504	  0.188
       1.508	  0.170
       1.512	  0.170
       1.516	  0.158
       1.520	  0.150
       1.524	  0.145
       1.528	  0.133
       1.532	  0.125
       1.536	  0.120
       1.540	  0.113
       1.544	  0.113
       1.548	  0.107
       1.552	  0.107
       1.556	  0.107
       1.560	  0.125
       1.564	  0.163
       1.568	  0.212
       1.572	  0.300
       1.576	  0.420
       1.580	  0.557
       1.584	  0.713
       1.588	  0.887
       1.592	  1.087
       1.596	  1.300
       1.600	  1.495
       1.604	  1.663
       1.608	  1.800
       1.612	  1.900
       1.616	  1.988
       1.620	  2.062
       1.624	  2.112
       1.628	  2.158
       1.632	  2.212
       1.636	  2.275
       1.640	  2.320
       1.644	  2.333
       1.648	  2.295
       1.652	  2.212
       1.656	  2.095
       1.660	  1.962
       1.664	  1.820
       1.668	  1.645
       1.672	  1.475
       1.676	  1.300
       1.680	  1.145
       1.684	  0.988
       1.688	  0.833
       1.692	  0.632
       1.696	  0.412
       1.700	  0.163
       1.704	 -0.100
       1.708	 -0.307
       1.712	 -0.475
       1.716	 -0.600
       1.720	 -0.662
       1.724	 -0.695
       1.728	 -0.708
       1.732	 -0.733
       1.736	 -0.762
       1.740	 -0.820
       1.744	 -0.882
       1.748	 -0.945
       1.752	 -1.008
       1.756	 -1.038
       1.760	 -1.050
       1.764	 -1.058
       1.768	 -1.058
       1.772	 -1.058
       1.776	 -1.062
       1.780	 -1.062
       1.784	 -1.070
       1.788	 -1.070
       1.792	 -1.075
       1.796	 -1.083
       1.800	 -1.095
       1.804	 -1.095
       1.808	 -1.100
       1.812	 -1.113
       1.816	 -1.113
       1.820	 -1.120
       1.824	 -1.125
       1.828	 -1.125
       1.832	 -1.133
       1.836	 -1.125
       1.840	 -1.125
       1.844	 -1.113
       1.848	 -1.113
       1.852	 -1.107
       1.856	 -1.100
       1.860	 -1.083
       1.864	 -1.058
       1.868	 -1.032
       1.872	 -1.008
       1.876	 -0.975
       1.880	 -0.938
       1.884	 -0.900
       1.888	 -0.850
       1.892	 -0.795
       1.896	 -0.733
       1.900	 -0.670
       1.904	 -0.600
       1.908	 -0.537
       1.912	 -0.470
       1.916	 -0.407
       1.920	 -0.333
       1.924	 -0.270
       1.928	 -0.195
       1.932	 -0.125
       1.936	 -0.062
       1.940	  0.013
       1.944	  0.075
       1.948	  0.133
       1.952	  0.188
       1.956	  0.233
       1.960	  0.275
       1.964	  0.307
       1.968	  0.345
       1.972	  0.370
       1.976	  0.395
       1.980	  0.412
       1.984	  0.425
       1.988	  0.438
       1.992	  0.450
       1.996	  0.463
       2.000	  0.470
       2.004	  0.470
       2.008	  0.463
       2.012	  0.458
       2.016	  0.450
       2.020	  0.445
       2.024	  0.438
       2.028	  0.432
       2.032	  0.412
       2.036	  0.395
       2.040	  0.375
       2.044	  0.357
       2.048	  0.345
       2.052	  0.325
       2.056	  0.320
       2.060	  0.312
       2.064	  0.295
       2.068	  0.275
       2.072	  0.270
       2.076	  0.250
       2.080	  0.245
       2.084	  0.237
       2.088	  0.225
       2.092	  0.220
       2.096	  0.207
       2.100	  0.200
       2.104	  0.195
       2.108	  0.188
       2.112	  0.182
       2.116	  0.188
       2.120	  0.195
       2.124	  0.207
       2.128	  0.220
       2.132	  0.225
       2.136	  0.245
       2.140	  0.237
       2.144	  0.245
       2.148	  0.258
       2.152	  0.275
       2.156	  0.300
       2.160	  0.345
       2.164	  0.388
       2.168	  0.420
       2.172	  0.450
       2.176	  0.475
       2.180	  0.495
       2.184	  0.512
       2.188	  0.525
       2.192	  0.520
       2.196	  0.512
       2.200	  0.482
       2.204	  0.450
       2.208	  0.407
       2.212	  0.375
       2.216	  0.333
       2.220	  0.300
       2.224	  0.275
       2.228	  0.258
       2.232	  0.245
       2.236	  0.233
       2.240	  0.225
       2.244	  0.225
       2.248	  0.220
       2.252	  0.220
       2.256	  0.200
       2.260	  0.188
       2.264	  0.175
       2.268	  0.170
       2.272	  0.170
       2.276	  0.163
       2.280	  0.163
       2.284	  0.150
       2.288	  0.150
       2.292	  0.158
       2.296	  0.170
       2.300	  0.175
       2.304	  0.212
       2.308	  0.282
       2.312	  0.383
       2.316	  0.512
       2.320	  0.657
       2.324	  0.812
       2.328	  0.995
       2.332	  1.195
       2.336	  1.407
       2.340	  1.595
       2.344	  1.750
       2.348	  1.883
       2.352	  1.995
       2.356	  2.075
       2.360	  2.150
       2.364	  2.200
       2.368	  2.245
       2.372	  2.312
       2.376	  2.375
       2.380	  2.425
       2.384	  2.425
       2.388	  2.388
       2.392	  2.300
       2.396	  2.188
       2.400	  2.070
       2.404	  1.920
       2.408	  1.762
       2.412	  1.600
       2.416	  1.450
       2.420	  1.288
       2.424	  1.107
       2.428	  0.900
       2.432	  0.657
       2.436	  0.400
       2.440	  0.138
       2.444	 -0.120
       2.448	 -0.325
       2.452	 -0.495
       2.456	 -0.600
       2.460	 -0.637
       2.464	 -0.657
       2.468	 -0.675
       2.472	 -0.700
       2.476	 -0.738
       2.480	 -0.795
       2.484	 -0.863
       2.488	 -0.925
       2.492	 -0.963
       2.496	 -0.988
       2.500	 -1.008
       2.504	 -1.008
       2.508	 -1.012
       2.512	 -1.020
       2.516	 -1.032
       2.520	 -1.032
       2.524	 -1.045
       2.528	 -1.050
       2.532	 -1.058
       2.536	 -1.062
       2.540	 -1.075
       2.544	 -1.087
       2.548	 -1.100
       2.552	 -1.113
       2.556	 -1.120
       2.560	 -1.120
       2.564	 -1.125
       2.568	 -1.133
       2.572	 -1.137
       2.576	 -1.137
       2.580	 -1.133
       2.584	 -1.125
       2.588	 -1.113
       2.592	 -1.100
       2.596	 -1.083
       2.600	 -1.058
       2.604	 -1.025
       2.608	 -0.988
       2.612	 -0.950
       2.616	 -0.907
       2.620	 -0.850
       2.624	 -0.795
       2.628	 -0.733
       2.632	 -0.662
       2.636	 -0.588
       2.640	 -0.525
       2.644	 -0.450
       2.648	 -0.375
       2.652	 -0.300
       2.656	 -0.220
       2.660	 -0.145
       2.664	 -0.070
       2.668	  0.013
       2.672	  0.075
       2.676	  0.125
       2.680	  0.182
       2.684	  0.225
       2.688	  0.263
       2.692	  0.300
       2.696	  0.338
       2.700	  0.362
       2.704	  0.395
       2.708	  0.407
       2.712	  0.412
       2.716	  0.420
       2.720	  0.425
       2.724	  0.425
       2.728	  0.425
       2.732	  0.420
       2.736	  0.412
       2.740	  0.395
       2.744	  0.388
       2.748	  0.375
       2.752	  0.362
       2.756	  0.357
       2.760	  0.345
       2.764	  0.333
       2.768	  0.325
       2.772	  0.320
       2.776	  0.312
       2.780	  0.312
       2.784	  0.300
       2.788	  0.300
       2.792	  0.300
       2.796	  0.287
       2.800	  0.282
       2.804	  0.263
       2.808	  0.245
       2.812	  0.237
       2.816	  0.220
       2.820	  0.220
       2.824	  0.212
       2.828	  0.207
       2.832	  0.200
       2.836	  0.200
       2.840	  0.188
       2.844	  0.182
       2.848	  0.182
       2.852	  0.188
       2.856	  0.195
       2.860	  0.200
       2.864	  0.220
       2.868	  0.233
       2.872	  0.250
       2.876	  0.270
       2.880	  0.287
       2.884	  0.295
       2.888	  0.300
       2.892	  0.307
       2.896	  0.338
       2.900	  0.383
       2.904	  0.438
       2.908	  0.482
       2.912	  0.520
       2.916	  0.537
       2.920	  0.562
       2.924	  0.588
       2.928	  0.595
       2.932	  0.588
       2.936	  0.562
       2.940	  0.537
       2.944	  0.495
       2.948	  0.450
       2.952	  0.407
       2.956	  0.370
       2.960	  0.345
       2.964	  0.320
       2.968	  0.295
       2.972	  0.270
       2.976	  0.258
       2.980	  0.258
       2.984	  0.245
       2.988	  0.245
       2.992	  0.233
       2.996	  0.225
       3.000	  0.212
       3.004	  0.212
       3.008	  0.207
       3.012	  0.207
       3.016	  0.195
       3.020	  0.195
       3.024	  0.195
       3.028	  0.195
       3.032	  0.188
       3.036	  0.195
       3.040	  0.212
       3.044	  0.258
       3.048	  0.345
       3.052	  0.463
       3.056	  0.595
       3.060	  0.745
       3.064	  0.907
       3.068	  1.113
       3.072	  1.308
       3.076	  1.520
       3.080	  1.695
       3.084	  1.845
       3.088	  1.962
       3.092	  2.075
       3.096	  2.150
       3.100	  2.208
       3.104	  2.257
       3.108	  2.300
       3.112	  2.362
       3.116	  2.425
       3.120	  2.458
       3.124	  2.438
       3.128	  2.362
       3.132	  2.257
       3.136	  2.145
       3.140	  2.013
       3.144	  1.863
       3.148	  1.695
       3.152	  1.545
       3.156	  1.383
       3.160	  1.225
       3.164	  1.045
       3.168	  0.833
       3.172	  0.583
       3.176	  0.307
       3.180	  0.045
       3.184	 -0.207
       3.188	 -0.400
       3.192	 -0.545
       3.196	 -0.620
       3.200	 -0.657
       3.204	 -0.675
       3.208	 -0.688
       3.212	 -0.720
       3.216	 -0.770
       3.220	 -0.838
       3.224	 -0.900
       3.228	 -0.950
       3.232	 -0.988
       3.236	 -1.012
       3.240	 -1.032
       3.244	 -1.032
       3.248	 -1.032
       3.252	 -1.038
       3.256	 -1.045
       3.260	 -1.050
       3.264	 -1.062
       3.268	 -1.062
       3.272	 -1.075
       3.276	 -1.087
       3.280	 -1.100
       3.284	 -1.107
       3.288	 -1.120
       3.292	 -1.133
       3.296	 -1.137
       3.300	 -1.145
       3.304	 -1.145
       3.308	 -1.145
       3.312	 -1.150
       3.316	 -1.150
       3.320	 -1.137
       3.324	 -1.133
       3.328	 -1.125
       3.332	 -1.120
       3.336	 -1.107
       3.340	 -1.087
       3.344	 -1.050
       3.348	 -1.012
       3.352	 -0.963
       3.356	 -0.912
       3.360	 -0.858
       3.364	 -0.787
       3.368	 -0.725
       3.372	 -0.657
       3.376	 -0.595
       3.380	 -0.525
       3.384	 -0.458
       3.388	 -0.383
       3.392	 -0.300
       3.396	 -0.220
       3.400	 -0.145
       3.404	 -0.075
       3.408	  0.000
       3.412	  0.058
       3.416	  0.113
       3.420	  0.170
       3.424	  0.220
       3.428	  0.270
       3.432	  0.300
       3.436	  0.338
       3.440	  0.357
       3.444	  0.375
       3.448	  0.388
       3.452	  0.400
       3.456	  0.412
       3.460	  0.420
       3.464	  0.412
       3.468	  0.407
       3.472	  0.407
       3.476	  0.395
       3.480	  0.388
       3.484	  0.370
       3.488	  0.362
       3.492	  0.357
       3.496	  0.345
       3.500	  0.338
       3.504	  0.333
       3.508	  0.325
       3.512	  0.312
       3.516	  0.307
       3.520	  0.307
       3.524	  0.300
       3.528	  0.295
       3.532	  0.282
       3.536	  0.275
       3.540	  0.263
       3.544	  0.250
       3.548	  0.245
       3.552	  0.233
       3.556	  0.225
       3.560	  0.212
       3.564	  0.207
       3.568	  0.200
       3.572	  0.195
       3.576	  0.188
       3.580	  0.182
       3.584	  0.175
       3.588	  0.175
       3.592	  0.188
       3.596	  0.200
       3.600	  0.220
       3.604	  0.245
       3.608	  0.250
       3.612	  0.270
       3.616	  0.275
       3.620	  0.287
       3.624	  0.295
       3.628	  0.325
       3.632	  0.370
       3.636	  0.425
       3.640	  0.463
       3.644	  0.500
       3.648	  0.520
       3.652	  0.537
       3.656	  0.550
       3.660	  0.562
       3.664	  0.557
       3.668	  0.545
       3.672	  0.512
       3.676	  0.482
       3.680	  0.438
       3.684	  0.383
       3.688	  0.345
       3.692	  0.312
       3.696	  0.287
       3.700	  0.263
       3.704	  0.245
       3.708	  0.225
       3.712	  0.225
       3.716	  0.220
       3.720	  0.220
       3.724	  0.207
       3.728	  0.200
       3.732	  0.188
       3.736	  0.195
       3.740	  0.175
       3.744	  0.175
       3.748	  0.170
       3.752	  0.170
       3.756	  0.158
       3.760	  0.150
       3.764	  0.158
       3.768	  0.163
       3.772	  0.188
       3.776	  0.225
       3.780	  0.295
       3.784	  0.395
       3.788	  0.520
       3.792	  0.670
       3.796	  0.838
       3.800	  1.020
       3.804	  1.225
       3.808	  1.425
       3.812	  1.607
       3.816	  1.762
       3.820	  1.900
       3.824	  2.000
       3.828	  2.100
       3.832	  2.175
       3.836	  2.225
       3.840	  2.275
       3.844	  2.337
       3.848	  2.395
       3.852	  2.438
       3.856	  2.425
       3.860	  2.362
       3.864	  2.275
       3.868	  2.158
       3.872	  2.038
       3.876	  1.895
       3.880	  1.732
       3.884	  1.575
       3.888	  1.420
       3.892	  1.250
       3.896	  1.075
       3.900	  0.870
       3.904	  0.632
       3.908	  0.375
       3.912	  0.107
       3.916	 -0.150
       3.920	 -0.350
       3.924	 -0.487
       3.928	 -0.600
       3.932	 -0.645
       3.936	 -0.662
       3.940	 -0.682
       3.944	 -0.713
       3.948	 -0.757
       3.952	 -0.820
       3.956	 -0.887
       3.960	 -0.945
       3.964	 -0.988
       3.968	 -1.012
       3.972	 -1.025
       3.976	 -1.025
       3.980	 -1.032
       3.984	 -1.032
       3.988	 -1.045
       3.992	 -1.045
       3.996	 -1.050
       4.000	 -1.058
       4.004	 -1.070
       4.008	 -1.075
       4.012	 -1.083
       4.016	 -1.095
       4.020	 -1.095
       4.024	 -1.107
       4.028	 -1.113
       4.032	 -1.125
       4.036	 -1.125
       4.040	 -1.125
       4.044	 -1.125
       4.048	 -1.120
       4.052	 -1.120
       4.056	 -1.120
       4.060	 -1.120
       4.064	 -1.107
       4.068	 -1.095
       4.072	 -1.070
       4.076	 -1.038
       4.080	 -1.000
       4.084	 -0.963
       4.088	 -0.912
       4.092	 -0.858
       4.096	 -0.787
       4.100	 -0.720
       4.104	 -0.650
       4.108	 -0.583
       4.112	 -0.512
       4.116	 -0.438
       4.120	 -0.362
       4.124	 -0.287
       4.128	 -0.212
       4.132	 -0.145
       4.136	 -0.070
       4.140	  0.013
       4.144	  0.075
       4.148	  0.120
       4.152	  0.175
       4.156	  0.220
       4.160	  0.263
       4.164	  0.300
       4.168	  0.325
       4.172	  0.350
       4.176	  0.375
       4.180	  0.388
       4.184	  0.395
       4.188	  0.407
       4.192	  0.407
       4.196	  0.407
       4.200	  0.400
       4.204	  0.395
       4.208	  0.395
       4.212	  0.383
       4.216	  0.370
       4.220	  0.362
       4.224	  0.357
       4.228	  0.350
       4.232	  0.338
       4.236	  0.333
       4.240	  0.325
       4.244	  0.320
       4.248	  0.307
       4.252	  0.300
       4.256	  0.287
       4.260	  0.275
       4.264	  0.270
       4.268	  0.258
       4.272	  0.245
       4.276	  0.245
       4.280	  0.237
       4.284	  0.237
       4.288	  0.245
       4.292	  0.263
       4.296	  0.300
       4.300	  0.338
       4.304	  0.388
       4.308	  0.432
       4.312	  0.487
       4.316	  0.545
       4.320	  0.613
       4.324	  0.688
       4.328	  0.757
       4.332	  0.807
       4.336	  0.845
       4.340	  0.845
       4.344	  0.838
       4.348	  0.795
       4.352	  0.745
       4.356	  0.682
       4.360	  0.608
       4.364	  0.557
       4.368	  0.545
       4.372	  0.562
       4.376	  0.600
       4.380	  0.613
       4.384	  0.600
       4.388	  0.562
       4.392	  0.532
       4.396	  0.512
       4.400	  0.507
       4.404	  0.520
       4.408	  0.532
       4.412	  0.557
       4.416	  0.588
       4.420	  0.575
       4.424	  0.495
       4.428	  0.350
       4.432	  0.170
       4.436	  0.013
       4.440	 -0.107
       4.444	 -0.170
       4.448	 -0.207
       4.452	 -0.237
       4.456	 -0.263
       4.460	 -0.275
       4.464	 -0.282
       4.468	 -0.295
       4.472	 -0.300
       4.476	 -0.300
       4.480	 -0.307
       4.484	 -0.320
       4.488	 -0.320
       4.492	 -0.320
       4.496	 -0.307
       4.500	 -0.295
       4.504	 -0.287
       4.508	 -0.275
       4.512	 -0.263
       4.516	 -0.250
       4.520	 -0.233
       4.524	 -0.220
       4.528	 -0.200
       4.532	 -0.200
       4.536	 -0.182
       4.540	 -0.158
       4.544	 -0.138
       4.548	 -0.107
       4.552	 -0.083
       4.556	 -0.070
       4.560	 -0.037
       4.564	  0.013
       4.568	  0.045
       4.572	  0.083
       4.576	  0.125
       4.580	  0.158
       4.584	  0.195
       4.588	  0.212
       4.592	  0.245
       4.596	  0.275
       4.600	  0.300
       4.604	  0.338
       4.608	  0.370
       4.612	  0.395
       4.616	  0.412
       4.620	  0.438
       4.624	  0.458
       4.628	  0.475
       4.632	  0.487
       4.636	  0.507
       4.640	  0.512
       4.644	  0.520
       4.648	  0.512
       4.652	  0.512
       4.656	  0.507
       4.660	  0.500
       4.664	  0.495
       4.668	  0.487
       4.672	  0.470
       4.676	  0.463
       4.680	  0.450
       4.684	  0.438
       4.688	  0.425
       4.692	  0.407
       4.696	  0.395
       4.700	  0.383
       4.704	  0.370
       4.708	  0.362
       4.712	  0.357
       4.716	  0.345
       4.720	  0.338
       4.724	  0.325
       4.728	  0.320
       4.732	  0.307
       4.736	  0.307
       4.740	  0.300
       4.744	  0.300
       4.748	  0.295
       4.752	  0.287
       4.756	  0.275
       4.760	  0.275
       4.764	  0.275
       4.768	  0.270
       4.772	  0.270
       4.776	  0.263
       4.780	  0.270
       4.784	  0.263
       4.788	  0.258
       4.792	  0.258
       4.796	  0.263
       4.800	  0.250
       4.804	  0.250
       4.808	  0.250
       4.812	  0.250
       4.816	  0.245
       4.820	  0.250
       4.824	  0.245
       4.828	  0.245
       4.832	  0.245
       4.836	  0.245
       4.840	  0.237
       4.844	  0.233
       4.848	  0.225
       4.852	  0.233
       4.856	  0.225
       4.860	  0.225
       4.864	  0.225
       4.868	  0.233
       4.872	  0.225
       4.876	  0.225
       4.880	  0.220
       4.884	  0.212
       4.888	  0.212
       4.892	  0.212
       4.896	  0.212
       4.900	  0.207
       4.904	  0.212
       4.908	  0.212
       4.912	  0.220
       4.916	  0.225
       4.920	  0.220
       4.924	  0.212
       4.928	  0.207
       4.932	  0.195
       4.936	  0.195
       4.940	  0.195
       4.944	  0.195
       4.948	  0.195
       4.952	  0.200
       4.956	  0.207
       4.960	  0.207
       4.964	  0.212
       4.968	  0.212
       4.972	  0.220
       4.976	  0.207
       4.980	  0.207
       4.984	  0.195
       4.988	  0.195
       4.992	  0.195
       4.996	  0.200
       5.000	  0.200
       5.004	  0.195
       5.008	  0.200
       5.012	  0.207
       5.016	  0.207
       5.020	  0.212
       5.024	  0.207
       5.028	  0.207
       5.032	  0.200
       5.036	  0.207
       5.040	  0.207
       5.044	  0.207
       5.048	  0.207
       5.052	  0.207
       5.056	  0.207
       5.060	  0.212
       5.064	  0.220
       5.068	  0.237
       5.072	  0.245
       5.076	  0.270
       5.080	  0.287
       5.084	  0.295
       5.088	  0.307
       5.092	  0.307
       5.096	  0.320
       5.100	  0.333
       5.104	  0.370
       5.108	  0.412
       5.112	  0.463
       5.116	  0.495
       5.120	  0.520
       5.124	  0.537
       5.128	  0.545
       5.132	  0.545
       5.136	  0.537
       5.140	  0.525
       5.144	  0.500
       5.148	  0.463
       5.152	  0.425
       5.156	  0.370
       5.160	  0.325
       5.164	  0.295
       5.168	  0.263
       5.172	  0.233
       5.176	  0.207
       5.180	  0.188
       5.184	  0.170
       5.188	  0.163
       5.192	  0.158
       5.196	  0.150
       5.200	  0.145
       5.204	  0.133
       5.208	  0.120
       5.212	  0.113
       5.216	  0.095
       5.220	  0.087
       5.224	  0.083
       5.228	  0.075
       5.232	  0.075
       5.236	  0.075
       5.240	  0.075
       5.244	  0.095
       5.248	  0.133
       5.252	  0.195
       5.256	  0.295
       5.260	  0.420
       5.264	  0.550
       5.268	  0.700
       5.272	  0.882
       5.276	  1.083
       5.280	  1.295
       5.284	  1.495
       5.288	  1.657
       5.292	  1.800
       5.296	  1.900
       5.300	  1.988
       5.304	  2.062
       5.308	  2.107
       5.312	  2.150
       5.316	  2.208
       5.320	  2.275
       5.324	  2.325
       5.328	  2.345
       5.332	  2.312
       5.336	  2.237
       5.340	  2.120
       5.344	  1.988
       5.348	  1.837
       5.352	  1.663
       5.356	  1.495
       5.360	  1.320
       5.364	  1.157
       5.368	  1.008
       5.372	  0.833
       5.376	  0.637
       5.380	  0.412
       5.384	  0.163
       5.388	 -0.100
       5.392	 -0.307
       5.396	 -0.482
       5.400	 -0.613
       5.404	 -0.682
       5.408	 -0.708
       5.412	 -0.725
       5.416	 -0.757
       5.420	 -0.787
       5.424	 -0.845
       5.428	 -0.900
       5.432	 -0.970
       5.436	 -1.012
       5.440	 -1.050
       5.444	 -1.075
       5.448	 -1.087
       5.452	 -1.062
       5.456	 -1.095
       5.460	 -1.095
       5.464	 -1.100
       5.468	 -1.107
       5.472	 -1.107
       5.476	 -1.113
       5.480	 -1.113
       5.484	 -1.120
       5.488	 -1.125
       5.492	 -1.133
       5.496	 -1.133
       5.500	 -1.150
       5.504	 -1.150
       5.508	 -1.157
       5.512	 -1.157
       5.516	 -1.163
       5.520	 -1.163
       5.524	 -1.163
       5.528	 -1.157
       5.532	 -1.157
       5.536	 -1.145
       5.540	 -1.133
       5.544	 -1.113
       5.548	 -1.100
       5.552	 -1.075
       5.556	 -1.050
       5.560	 -1.025
       5.564	 -0.988
       5.568	 -0.950
       5.572	 -0.900
       5.576	 -0.850
       5.580	 -0.782
       5.584	 -0.725
       5.588	 -0.657
       5.592	 -0.588
       5.596	 -0.512
       5.600	 -0.438
       5.604	 -0.375
       5.608	 -0.307
       5.612	 -0.237
       5.616	 -0.163
       5.620	 -0.100
       5.624	 -0.037
       5.628	  0.037
       5.632	  0.095
       5.636	  0.150
       5.640	  0.195
       5.644	  0.245
       5.648	  0.282
       5.652	  0.325
       5.656	  0.350
       5.660	  0.383
       5.664	  0.395
       5.668	  0.420
       5.672	  0.432
       5.676	  0.445
       5.680	  0.458
       5.684	  0.458
       5.688	  0.463
       5.692	  0.458
       5.696	  0.450
       5.700	  0.445
       5.704	  0.438
       5.708	  0.425
       5.712	  0.420
       5.716	  0.407
       5.720	  0.395
       5.724	  0.383
       5.728	  0.370
       5.732	  0.357
       5.736	  0.345
       5.740	  0.338
       5.744	  0.325
       5.748	  0.312
       5.752	  0.300
       5.756	  0.287
       5.760	  0.275
       5.764	  0.263
       5.768	  0.245
       5.772	  0.237
       5.776	  0.233
       5.780	  0.225
       5.784	  0.220
       5.788	  0.212
       5.792	  0.212
       5.796	  0.207
       5.800	  0.207
       5.804	  0.207
       5.808	  0.220
       5.812	  0.225
       5.816	  0.237
       5.820	  0.250
       5.824	  0.258
       5.828	  0.263
       5.832	  0.270
       5.836	  0.275
       5.840	  0.287
       5.844	  0.320
       5.848	  0.370
       5.852	  0.420
       5.856	  0.458
       5.860	  0.495
       5.864	  0.520
       5.868	  0.525
       5.872	  0.537
       5.876	  0.537
       5.880	  0.520
       5.884	  0.495
       5.888	  0.470
       5.892	  0.438
       5.896	  0.395
       5.900	  0.350
       5.904	  0.320
       5.908	  0.295
       5.912	  0.275
       5.916	  0.250
       5.920	  0.245
       5.924	  0.237
       5.928	  0.225
       5.932	  0.225
       5.936	  0.220
       5.940	  0.207
       5.944	  0.195
       5.948	  0.188
       5.952	  0.195
       5.956	  0.188
       5.960	  0.175
       5.964	  0.170
       5.968	  0.158
       5.972	  0.150
       5.976	  0.145
       5.980	  0.145
       5.984	  0.150
       5.988	  0.188
       5.992	  0.245
       5.996	  0.338
       6.000	  0.445
       6.004	  0.595
       6.008	  0.745
       6.012	  0.925
       6.016	  1.120
       6.020	  1.337
       6.024	  1.538
       6.028	  1.712
       6.032	  1.857
       6.036	  1.970
       6.040	  2.062
       6.044	  2.145
       6.048	  2.195
       6.052	  2.245
       6.056	  2.295
       6.060	  2.370
       6.064	  2.433
       6.068	  2.470
       6.072	  2.450
       6.076	  2.375
       6.080	  2.263
       6.084	  2.138
       6.088	  2.007
       6.092	  1.857
       6.096	  1.695
       6.100	  1.545
       6.104	  1.383
       6.108	  1.212
       6.112	  1.025
       6.116	  0.807
       6.120	  0.557
       6.124	  0.287
       6.128	  0.037
       6.132	 -0.212
       6.136	 -0.400
       6.140	 -0.532
       6.144	 -0.608
       6.148	 -0.637
       6.152	 -0.657
       6.156	 -0.682
       6.160	 -0.713
       6.164	 -0.762
       6.168	 -0.825
       6.172	 -0.900
       6.176	 -0.950
       6.180	 -0.995
       6.184	 -1.012
       6.188	 -1.020
       6.192	 -1.025
       6.196	 -1.032
       6.200	 -1.045
       6.204	 -1.050
       6.208	 -1.058
       6.212	 -1.070
       6.216	 -1.075
       6.220	 -1.087
       6.224	 -1.100
       6.228	 -1.107
       6.232	 -1.113
       6.236	 -1.125
       6.240	 -1.133
       6.244	 -1.137
       6.248	 -1.137
       6.252	 -1.150
       6.256	 -1.150
       6.260	 -1.150
       6.264	 -1.145
       6.268	 -1.150
       6.272	 -1.150
       6.276	 -1.137
       6.280	 -1.137
       6.284	 -1.107
       6.288	 -1.075
       6.292	 -1.038
       6.296	 -1.008
       6.300	 -0.958
       6.304	 -0.900
       6.308	 -0.845
       6.312	 -0.782
       6.316	 -0.720
       6.320	 -0.637
       6.324	 -0.570
       6.328	 -0.500
       6.332	 -0.425
       6.336	 -0.345
       6.340	 -0.270
       6.344	 -0.200
       6.348	 -0.125
       6.352	 -0.050
       6.356	  0.033
       6.360	  0.095
       6.364	  0.145
       6.368	  0.195
       6.372	  0.237
       6.376	  0.275
       6.380	  0.312
       6.384	  0.345
       6.388	  0.370
       6.392	  0.388
       6.396	  0.407
       6.400	  0.412
       6.404	  0.420
       6.408	  0.420
       6.412	  0.420
       6.416	  0.412
       6.420	  0.407
       6.424	  0.395
       6.428	  0.388
       6.432	  0.375
       6.436	  0.370
       6.440	  0.357
       6.444	  0.345
       6.448	  0.333
       6.452	  0.325
       6.456	  0.312
       6.460	  0.312
       6.464	  0.300
       6.468	  0.295
       6.472	  0.287
       6.476	  0.275
       6.480	  0.275
       6.484	  0.263
       6.488	  0.250
       6.492	  0.245
       6.496	  0.245
       6.500	  0.225
       6.504	  0.233
       6.508	  0.225
       6.512	  0.220
       6.516	  0.212
       6.520	  0.212
       6.524	  0.200
       6.528	  0.200
       6.532	  0.207
       6.536	  0.200
       6.540	  0.200
       6.544	  0.200
       6.548	  0.200
       6.552	  0.212
       6.556	  0.233
       6.560	  0.237
       6.564	  0.258
       6.568	  0.275
       6.572	  0.295
       6.576	  0.307
       6.580	  0.320
       6.584	  0.333
       6.588	  0.357
       6.592	  0.400
       6.596	  0.458
       6.600	  0.507
       6.604	  0.550
       6.608	  0.583
       6.612	  0.595
       6.616	  0.608
       6.620	  0.620
       6.624	  0.600
       6.628	  0.588
       6.632	  0.557
       6.636	  0.525
       6.640	  0.475
       6.644	  0.432
       6.648	  0.395
       6.652	  0.362
       6.656	  0.338
       6.660	  0.307
       6.664	  0.282
       6.668	  0.258
       6.672	  0.245
       6.676	  0.237
       6.680	  0.237
       6.684	  0.225
       6.688	  0.225
       6.692	  0.220
       6.696	  0.212
       6.700	  0.200
       6.704	  0.195
       6.708	  0.195
       6.712	  0.188
       6.716	  0.170
       6.720	  0.170
       6.724	  0.163
       6.728	  0.175
       6.732	  0.182
       6.736	  0.225
       6.740	  0.287
       6.744	  0.395
       6.748	  0.520
       6.752	  0.670
       6.756	  0.825
       6.760	  1.008
       6.764	  1.208
       6.768	  1.420
       6.772	  1.607
       6.776	  1.770
       6.780	  1.907
       6.784	  2.020
       6.788	  2.107
       6.792	  2.188
       6.796	  2.245
       6.800	  2.288
       6.804	  2.350
       6.808	  2.408
       6.812	  2.450
       6.816	  2.450
       6.820	  2.413
       6.824	  2.320
       6.828	  2.200
       6.832	  2.083
       6.836	  1.945
       6.840	  1.775
       6.844	  1.613
       6.848	  1.458
       6.852	  1.295
       6.856	  1.125
       6.860	  0.932
       6.864	  0.708
       6.868	  0.450
       6.872	  0.188
       6.876	 -0.083
       6.880	 -0.295
       6.884	 -0.458
       6.888	 -0.575
       6.892	 -0.632
       6.896	 -0.657
       6.900	 -0.682
       6.904	 -0.708
       6.908	 -0.738
       6.912	 -0.787
       6.916	 -0.858
       6.920	 -0.920
       6.924	 -0.970
       6.928	 -1.008
       6.932	 -1.020
       6.936	 -1.020
       6.940	 -1.032
       6.944	 -1.038
       6.948	 -1.050
       6.952	 -1.050
       6.956	 -1.062
       6.960	 -1.070
       6.964	 -1.075
       6.968	 -1.083
       6.972	 -1.087
       6.976	 -1.107
       6.980	 -1.120
       6.984	 -1.133
       6.988	 -1.137
       6.992	 -1.137
       6.996	 -1.145
       7.000	 -1.150
       7.004	 -1.150
       7.008	 -1.150
       7.012	 -1.145
       7.016	 -1.145
       7.020	 -1.145
       7.024	 -1.137
       7.028	 -1.125
       7.032	 -1.100
       7.036	 -1.070
       7.040	 -1.045
       7.044	 -1.000
       7.048	 -0.958
       7.052	 -0.900
       7.056	 -0.850
       7.060	 -0.787
       7.064	 -0.725
       7.068	 -0.650
       7.072	 -0.583
       7.076	 -0.507
       7.080	 -0.425
       7.084	 -0.357
       7.088	 -0.275
       7.092	 -0.200
       7.096	 -0.125
       7.100	 -0.062
       7.104	  0.020
       7.108	  0.095
       7.112	  0.145
       7.116	  0.195
       7.120	  0.245
       7.124	  0.275
       7.128	  0.307
       7.132	  0.338
       7.136	  0.362
       7.140	  0.375
       7.144	  0.395
       7.148	  0.400
       7.152	  0.407
       7.156	  0.412
       7.160	  0.420
       7.164	  0.412
       7.168	  0.412
       7.172	  0.400
       7.176	  0.395
       7.180	  0.395
       7.184	  0.383
       7.188	  0.375
       7.192	  0.370
       7.196	  0.370
       7.200	  0.357
       7.204	  0.350
       7.208	  0.338
       7.212	  0.333
       7.216	  0.320
       7.220	  0.312
       7.224	  0.307
       7.228	  0.300
       7.232	  0.295
       7.236	  0.287
       7.240	  0.275
       7.244	  0.263
       7.248	  0.250
       7.252	  0.245
       7.256	  0.245
       7.260	  0.237
       7.264	  0.225
       7.268	  0.220
       7.272	  0.212
       7.276	  0.212
       7.280	  0.207
       7.284	  0.200
       7.288	  0.200
       7.292	  0.200
       7.296	  0.212
       7.300	  0.220
       7.304	  0.233
       7.308	  0.245
       7.312	  0.270
       7.316	  0.287
       7.320	  0.300
       7.324	  0.312
       7.328	  0.325
       7.332	  0.325
       7.336	  0.357
       7.340	  0.400
       7.344	  0.458
       7.348	  0.500
       7.352	  0.545
       7.356	  0.570
       7.360	  0.588
       7.364	  0.595
       7.368	  0.600
       7.372	  0.588
       7.376	  0.570
       7.380	  0.545
       7.384	  0.507
       7.388	  0.458
       7.392	  0.412
       7.396	  0.375
       7.400	  0.345
       7.404	  0.312
       7.408	  0.282
       7.412	  0.270
       7.416	  0.250
       7.420	  0.237
       7.424	  0.237
       7.428	  0.233
       7.432	  0.220
       7.436	  0.212
       7.440	  0.200
       7.444	  0.195
       7.448	  0.188
       7.452	  0.182
       7.456	  0.175
       7.460	  0.170
       7.464	  0.170
       7.468	  0.163
       7.472	  0.158
       7.476	  0.170
       7.480	  0.188
       7.484	  0.237
       7.488	  0.320
       7.492	  0.432
       7.496	  0.562
       7.500	  0.700
       7.504	  0.870
       7.508	  1.062
       7.512	  1.275
       7.516	  1.488
       7.520	  1.663
       7.524	  1.820
       7.528	  1.945
       7.532	  2.050
       7.536	  2.150
       7.540	  2.212
       7.544	  2.263
       7.548	  2.312
       7.552	  2.375
       7.556	  2.438
       7.560	  2.470
       7.564	  2.462
       7.568	  2.408
       7.572	  2.300
       7.576	  2.188
       7.580	  2.070
       7.584	  1.913
       7.588	  1.750
       7.592	  1.587
       7.596	  1.420
       7.600	  1.262
       7.604	  1.087
       7.608	  0.875
       7.612	  0.645
       7.616	  0.370
       7.620	  0.107
       7.624	 -0.158
       7.628	 -0.357
       7.632	 -0.507
       7.636	 -0.595
       7.640	 -0.637
       7.644	 -0.657
       7.648	 -0.675
       7.652	 -0.708
       7.656	 -0.757
       7.660	 -0.812
       7.664	 -0.875
       7.668	 -0.938
       7.672	 -0.983
       7.676	 -1.000
       7.680	 -1.012
       7.684	 -1.012
       7.688	 -1.020
       7.692	 -1.025
       7.696	 -1.050
       7.700	 -1.038
       7.704	 -1.032
       7.708	 -1.050
       7.712	 -1.058
       7.716	 -1.062
       7.720	 -1.083
       7.724	 -1.107
       7.728	 -1.120
       7.732	 -1.133
       7.736	 -1.133
       7.740	 -1.175
       7.744	 -1.150
       7.748	 -1.175
       7.752	 -1.150
       7.756	 -1.150
       7.760	 -1.150
       7.764	 -1.145
       7.768	 -1.133
       7.772	 -1.120
       7.776	 -1.100
       7.780	 -1.075
       7.784	 -1.050
       7.788	 -1.012
       7.792	 -0.970
       7.796	 -0.925
       7.800	 -0.875
       7.804	 -0.800
       7.808	 -0.738
       7.812	 -0.662
       7.816	 -0.600
       7.820	 -0.525
       7.824	 -0.450
       7.828	 -0.370
       7.832	 -0.295
       7.836	 -0.212
       7.840	 -0.138
       7.844	 -0.070
       7.848	  0.020
       7.852	  0.083
       7.856	  0.138
       7.860	  0.188
       7.864	  0.233
       7.868	  0.275
       7.872	  0.307
       7.876	  0.345
       7.880	  0.362
       7.884	  0.388
       7.888	  0.395
       7.892	  0.412
       7.896	  0.425
       7.900	  0.425
       7.904	  0.425
       7.908	  0.425
       7.912	  0.420
       7.916	  0.412
       7.920	  0.400
       7.924	  0.395
       7.928	  0.383
       7.932	  0.362
       7.936	  0.357
       7.940	  0.350
       7.944	  0.345
       7.948	  0.338
       7.952	  0.338
       7.956	  0.325
       7.960	  0.312
       7.964	  0.307
       7.968	  0.300
       7.972	  0.295
       7.976	  0.287
       7.980	  0.287
       7.984	  0.270
       7.988	  0.263
       7.992	  0.258
       7.996	  0.245
       8.000	  0.237
       8.004	  0.237
       8.008	  0.225
       8.012	  0.220
       8.016	  0.200
       8.020	  0.195
       8.024	  0.170
       8.028	  0.150
       8.032	  0.133
       8.036	  0.138
       8.040	  0.133
       8.044	  0.125
       8.048	  0.113
       8.052	  0.113
       8.056	  0.125
       8.060	  0.163
       8.064	  0.212
       8.068	  0.250
       8.072	  0.270
       8.076	  0.275
       8.080	  0.287
       8.084	  0.338
       8.088	  0.420
       8.092	  0.520
       8.096	  0.645
       8.100	  0.812
       8.104	  1.045
       8.108	  1.337
       8.112	  1.670
       8.116	  2.020
       8.120	  2.350
       8.124	  2.645
       8.128	  2.862
       8.132	  2.933
       8.136	  2.837
       8.140	  2.600
       8.144	  2.200
       8.148	  1.700
       8.152	  1.145
       8.156	  0.537
       8.160	  0.007
       8.164	 -0.375
       8.168	 -0.562
       8.172	 -0.625
       8.176	 -0.600
       8.180	 -0.550
       8.184	 -0.500
       8.188	 -0.470
       8.192	 -0.438
       8.196	 -0.407
       8.200	 -0.383
       8.204	 -0.362
       8.208	 -0.345
       8.212	 -0.333
       8.216	 -0.325
       8.220	 -0.325
       8.224	 -0.312
       8.228	 -0.312
       8.232	 -0.300
       8.236	 -0.282
       8.240	 -0.270
       8.244	 -0.258
       8.248	 -0.245
       8.252	 -0.225
       8.256	 -0.212
       8.260	 -0.200
       8.264	 -0.195
       8.268	 -0.182
       8.272	 -0.175
       8.276	 -0.170
       8.280	 -0.170
       8.284	 -0.170
       8.288	 -0.163
       8.292	 -0.158
       8.296	 -0.145
       8.300	 -0.138
       8.304	 -0.138
       8.308	 -0.133
       8.312	 -0.120
       8.316	 -0.113
       8.320	 -0.107
       8.324	 -0.100
       8.328	 -0.087
       8.332	 -0.083
       8.336	 -0.062
       8.340	 -0.050
       8.344	 -0.033
       8.348	  0.000
       8.352	  0.025
       8.356	  0.037
       8.360	  0.070
       8.364	  0.087
       8.368	  0.113
       8.372	  0.138
       8.376	  0.163
       8.380	  0.175
       8.384	  0.200
       8.388	  0.233
       8.392	  0.245
       8.396	  0.263
       8.400	  0.282
       8.404	  0.295
       8.408	  0.312
       8.412	  0.325
       8.416	  0.333
       8.420	  0.333
       8.424	  0.333
       8.428	  0.345
       8.432	  0.345
       8.436	  0.350
       8.440	  0.357
       8.444	  0.357
       8.448	  0.350
       8.452	  0.350
       8.456	  0.345
       8.460	  0.345
       8.464	  0.338
       8.468	  0.325
       8.472	  0.312
       8.476	  0.300
       8.480	  0.287
       8.484	  0.275
       8.488	  0.270
       8.492	  0.258
       8.496	  0.258
       8.500	  0.250
       8.504	  0.245
       8.508	  0.237
       8.512	  0.233
       8.516	  0.225
       8.520	  0.225
       8.524	  0.220
       8.528	  0.212
       8.532	  0.220
       8.536	  0.220
       8.540	  0.220
       8.544	  0.220
       8.548	  0.220
       8.552	  0.220
       8.556	  0.220
       8.560	  0.220
       8.564	  0.212
       8.568	  0.220
       8.572	  0.220
       8.576	  0.220
       8.580	  0.220
       8.584	  0.220
       8.588	  0.212
       8.592	  0.220
       8.596	  0.220
       8.600	  0.220
       8.604	  0.220
       8.608	  0.212
       8.612	  0.212
       8.616	  0.207
       8.620	  0.207
       8.624	  0.207
       8.628	  0.212
       8.632	  0.207
       8.636	  0.200
       8.640	  0.200
       8.644	  0.207
       8.648	  0.212
       8.652	  0.220
       8.656	  0.220
       8.660	  0.220
       8.664	  0.212
       8.668	  0.212
       8.672	  0.207
       8.676	  0.200
       8.680	  0.207
       8.684	  0.207
       8.688	  0.207
       8.692	  0.207
       8.696	  0.212
       8.700	  0.212
       8.704	  0.212
       8.708	  0.212
       8.712	  0.220
       8.716	  0.220
       8.720	  0.220
       8.724	  0.220
       8.728	  0.220
       8.732	  0.220
       8.736	  0.220
       8.740	  0.220
       8.744	  0.212
       8.748	  0.207
       8.752	  0.212
       8.756	  0.200
       8.760	  0.212
       8.764	  0.220
       8.768	  0.225
       8.772	  0.233
       8.776	  0.233
       8.780	  0.237
       8.784	  0.233
       8.788	  0.220
       8.792	  0.220
       8.796	  0.225
       8.800	  0.233
       8.804	  0.237
       8.808	  0.245
       8.812	  0.275
       8.816	  0.287
       8.820	  0.312
       8.824	  0.320
       8.828	  0.320
       8.832	  0.312
       8.836	  0.325
       8.840	  0.338
       8.844	  0.370
       8.848	  0.420
       8.852	  0.470
       8.856	  0.507
       8.860	  0.532
       8.864	  0.545
       8.868	  0.550
       8.872	  0.545
       8.876	  0.537
       8.880	  0.512
       8.884	  0.487
       8.888	  0.450
       8.892	  0.412
       8.896	  0.362
       8.900	  0.320
       8.904	  0.282
       8.908	  0.250
       8.912	  0.220
       8.916	  0.195
       8.920	  0.170
       8.924	  0.158
       8.928	  0.145
       8.932	  0.138
       8.936	  0.125
       8.940	  0.113
       8.944	  0.107
       8.948	  0.100
       8.952	  0.095
       8.956	  0.087
       8.960	  0.083
       8.964	  0.070
       8.968	  0.070
       8.972	  0.058
       8.976	  0.058
       8.980	  0.062
       8.984	  0.075
       8.988	  0.107
       8.992	  0.163
       8.996	  0.250
       9.000	  0.362
       9.004	  0.495
       9.008	  0.645
       9.012	  0.833
       9.016	  1.025
       9.020	  1.245
       9.024	  1.450
       9.028	  1.633
       9.032	  1.775
       9.036	  1.887
       9.040	  1.975
       9.044	  2.058
       9.048	  2.107
       9.052	  2.150
       9.056	  2.195
       9.060	  2.245
       9.064	  2.288
       9.068	  2.308
       9.072	  2.295
       9.076	  2.225
       9.080	  2.125
       9.084	  1.995
       9.088	  1.850
       9.092	  1.688
       9.096	  1.520
       9.100	  1.350
       9.104	  1.183
       9.108	  1.038
       9.112	  0.882
       9.116	  0.700
       9.120	  0.495
       9.124	  0.270
       9.128	  0.037
       9.132	 -0.207
       9.136	 -0.388
       9.140	 -0.532
       9.144	 -0.625
       9.148	 -0.662
       9.152	 -0.682
       9.156	 -0.700
       9.160	 -0.738
       9.164	 -0.787
       9.168	 -0.850
       9.172	 -0.912
       9.176	 -0.970
       9.180	 -1.008
       9.184	 -1.038
       9.188	 -1.045
       9.192	 -1.045
       9.196	 -1.050
       9.200	 -1.050
       9.204	 -1.050
       9.208	 -1.058
       9.212	 -1.058
       9.216	 -1.062
       9.220	 -1.070
       9.224	 -1.070
       9.228	 -1.070
       9.232	 -1.075
       9.236	 -1.075
       9.240	 -1.087
       9.244	 -1.087
       9.248	 -1.100
       9.252	 -1.100
       9.256	 -1.107
       9.260	 -1.113
       9.264	 -1.120
       9.268	 -1.120
       9.272	 -1.113
       9.276	 -1.113
       9.280	 -1.107
       9.284	 -1.095
       9.288	 -1.083
       9.292	 -1.058
       9.296	 -1.038
       9.300	 -1.012
       9.304	 -0.983
       9.308	 -0.945
       9.312	 -0.900
       9.316	 -0.850
       9.320	 -0.787
       9.324	 -0.725
       9.328	 -0.657
       9.332	 -0.595
       9.336	 -0.525
       9.340	 -0.463
       9.344	 -0.400
       9.348	 -0.338
       9.352	 -0.263
       9.356	 -0.200
       9.360	 -0.125
       9.364	 -0.050
       9.368	  0.025
       9.372	  0.087
       9.376	  0.138
       9.380	  0.195
       9.384	  0.245
       9.388	  0.282
       9.392	  0.325
       9.396	  0.350
       9.400	  0.375
       9.404	  0.407
       9.408	  0.425
       9.412	  0.458
       9.416	  0.470
       9.420	  0.482
       9.424	  0.495
       9.428	  0.495
       9.432	  0.487
       9.436	  0.487
       9.440	  0.475
       9.444	  0.470
       9.448	  0.458
       9.452	  0.450
       9.456	  0.438
       9.460	  0.425
       9.464	  0.412
       9.468	  0.400
       9.472	  0.388
       9.476	  0.370
       9.480	  0.357
       9.484	  0.345
       9.488	  0.338
       9.492	  0.325
       9.496	  0.312
       9.500	  0.295
       9.504	  0.287
       9.508	  0.275
       9.512	  0.270
       9.516	  0.250
       9.520	  0.237
       9.524	  0.225
       9.528	  0.212
       9.532	  0.200
       9.536	  0.195
       9.540	  0.195
       9.544	  0.195
       9.548	  0.195
       9.552	  0.200
       9.556	  0.212
       9.560	  0.220
       9.564	  0.225
       9.568	  0.233
       9.572	  0.233
       9.576	  0.225
       9.580	  0.237
       9.584	  0.245
       9.588	  0.275
       9.592	  0.325
       9.596	  0.375
       9.600	  0.412
       9.604	  0.445
       9.608	  0.463
       9.612	  0.475
       9.616	  0.487
       9.620	  0.487
       9.624	  0.475
       9.628	  0.463
       9.632	  0.445
       9.636	  0.420
       9.640	  0.383
       9.644	  0.338
       9.648	  0.295
       9.652	  0.275
       9.656	  0.258
       9.660	  0.250
       9.664	  0.233
       9.668	  0.220
       9.672	  0.207
       9.676	  0.195
       9.680	  0.195
       9.684	  0.182
       9.688	  0.170
       9.692	  0.163
       9.696	  0.158
       9.700	  0.150
       9.704	  0.145
       9.708	  0.150
       9.712	  0.150
       9.716	  0.145
       9.720	  0.138
       9.724	  0.145
       9.728	  0.150
       9.732	  0.158
       9.736	  0.188
       9.740	  0.245
       9.744	  0.338
       9.748	  0.463
       9.752	  0.613
       9.756	  0.770
       9.760	  0.950
       9.764	  1.137
       9.768	  1.333
       9.772	  1.512
       9.776	  1.657
       9.780	  1.770
       9.784	  1.850
       9.788	  1.900
       9.792	  1.945
       9.796	  1.962
       9.800	  1.970
       9.804	  2.000
       9.808	  2.038
       9.812	  2.070
       9.816	  2.062
       9.820	  2.013
       9.824	  1.925
       9.828	  1.812
       9.832	  1.695
       9.836	  1.570
       9.840	  1.420
       9.844	  1.275
       9.848	  1.125
       9.852	  1.000
       9.856	  0.870
       9.860	  0.733
       9.864	  0.557
       9.868	  0.370
       9.872	  0.145
       9.876	 -0.075
       9.880	 -0.250
       9.884	 -0.388
       9.888	 -0.487
       9.892	 -0.545
       9.896	 -0.562
       9.900	 -0.583
       9.904	 -0.613
       9.908	 -0.650
       9.912	 -0.700
       9.916	 -0.762
       9.920	 -0.820
       9.924	 -0.863
       9.928	 -0.887
       9.932	 -0.907
       9.936	 -0.900
       9.940	 -0.900
       9.944	 -0.895
       9.948	 -0.900
       9.952	 -0.907
       9.956	 -0.912
       9.960	 -0.925
       9.964	 -0.950
       9.968	 -0.950
       9.972	 -0.958
       9.976	 -0.963
       9.980	 -0.963
       9.984	 -0.975
       9.988	 -0.983
       9.992	 -0.988
       9.996	 -0.988
