Elapsed_time	ECG
       0.000	 -0.235
       0.004	 -0.365
       0.008	 -0.440
       0.012	 -0.475
       0.016	 -0.460
       0.020	 -0.435
       0.024	 -0.380
       0.028	 -0.315
       0.032	 -0.225
       0.036	 -0.150
       0.040	 -0.075
       0.044	  0.000
       0.048	  0.050
       0.052	  0.070
       0.056	  0.060
       0.060	  0.040
       0.064	  0.020
       0.068	  0.005
       0.072	  0.000
       0.076	  0.010
       0.080	  0.010
       0.084	  0.015
       0.088	  0.020
       0.092	  0.030
       0.096	  0.025
       0.100	  0.020
       0.104	  0.005
       0.108	  0.000
       0.112	  0.000
       0.116	  0.000
       0.120	 -0.025
       0.124	 -0.030
       0.128	 -0.030
       0.132	  0.000
       0.136	  0.010
       0.140	  0.020
       0.144	  0.030
       0.148	  0.045
       0.152	  0.060
       0.156	  0.075
       0.160	  0.090
       0.164	  0.110
       0.168	  0.125
       0.172	  0.145
       0.176	  0.170
       0.180	  0.190
       0.184	  0.220
       0.188	  0.260
       0.192	  0.315
       0.196	  0.360
       0.200	  0.410
       0.204	  0.440
       0.208	  0.475
       0.212	  0.510
       0.216	  0.565
       0.220	  0.605
       0.224	  0.640
       0.228	  0.655
       0.232	  0.675
       0.236	  0.675
       0.240	  0.670
       0.244	  0.660
       0.248	  0.650
       0.252	  0.635
       0.256	  0.615
       0.260	  0.590
       0.264	  0.575
       0.268	  0.560
       0.272	  0.545
       0.276	  0.540
       0.280	  0.520
       0.284	  0.500
       0.288	  0.480
       0.292	  0.460
       0.296	  0.450
       0.300	  0.455
       0.304	  0.450
       0.308	  0.455
       0.312	  0.450
       0.316	  0.445
       0.320	  0.430
       0.324	  0.420
       0.328	  0.410
       0.332	  0.415
       0.336	  0.410
       0.340	  0.405
       0.344	  0.400
       0.348	  0.410
       0.352	  0.415
       0.356	  0.410
       0.360	  0.415
       0.364	  0.420
       0.368	  0.420
       0.372	  0.420
       0.376	  0.415
       0.380	  0.390
       0.384	  0.370
       0.388	  0.360
       0.392	  0.375
       0.396	  0.390
       0.400	  0.410
       0.404	  0.405
       0.408	  0.390
       0.412	  0.375
       0.416	  0.375
       0.420	  0.370
       0.424	  0.370
       0.428	  0.355
       0.432	  0.355
       0.436	  0.345
       0.440	  0.345
       0.444	  0.350
       0.448	  0.365
       0.452	  0.375
       0.456	  0.375
       0.460	  0.375
       0.464	  0.375
       0.468	  0.380
       0.472	  0.380
       0.476	  0.385
       0.480	  0.380
       0.484	  0.390
       0.488	  0.405
       0.492	  0.430
       0.496	  0.450
       0.500	  0.465
       0.504	  0.460
       0.508	  0.460
       0.512	  0.470
       0.516	  0.485
       0.520	  0.485
       0.524	  0.485
       0.528	  0.490
       0.532	  0.510
       0.536	  0.515
       0.540	  0.520
       0.544	  0.515
       0.548	  0.520
       0.552	  0.525
       0.556	  0.535
       0.560	  0.555
       0.564	  0.595
       0.568	  0.620
       0.572	  0.630
       0.576	  0.625
       0.580	  0.595
       0.584	  0.565
       0.588	  0.570
       0.592	  0.645
       0.596	  0.790
       0.600	  1.030
       0.604	  1.305
       0.608	  1.610
       0.612	  1.910
       0.616	  2.215
       0.620	  2.455
       0.624	  2.580
       0.628	  2.565
       0.632	  2.430
       0.636	  2.200
       0.640	  1.940
       0.644	  1.645
       0.648	  1.315
       0.652	  0.940
       0.656	  0.520
       0.660	  0.130
       0.664	 -0.195
       0.668	 -0.410
       0.672	 -0.545
       0.676	 -0.605
       0.680	 -0.635
       0.684	 -0.635
       0.688	 -0.630
       0.692	 -0.600
       0.696	 -0.560
       0.700	 -0.505
       0.704	 -0.440
       0.708	 -0.380
       0.712	 -0.325
       0.716	 -0.280
       0.720	 -0.270
       0.724	 -0.280
       0.728	 -0.310
       0.732	 -0.320
       0.736	 -0.340
       0.740	 -0.355
       0.744	 -0.365
       0.748	 -0.360
       0.752	 -0.350
       0.756	 -0.335
       0.760	 -0.325
       0.764	 -0.315
       0.768	 -0.330
       0.772	 -0.365
       0.776	 -0.390
       0.780	 -0.400
       0.784	 -0.390
       0.788	 -0.365
       0.792	 -0.335
       0.796	 -0.325
       0.800	 -0.320
       0.804	 -0.320
       0.808	 -0.320
       0.812	 -0.315
       0.816	 -0.295
       0.820	 -0.285
       0.824	 -0.275
       0.828	 -0.260
       0.832	 -0.230
       0.836	 -0.200
       0.840	 -0.170
       0.844	 -0.160
       0.848	 -0.160
       0.852	 -0.150
       0.856	 -0.115
       0.860	 -0.030
       0.864	  0.095
       0.868	  0.180
       0.872	  0.240
       0.876	  0.290
       0.880	  0.320
       0.884	  0.350
       0.888	  0.390
       0.892	  0.435
       0.896	  0.460
       0.900	  0.485
       0.904	  0.485
       0.908	  0.475
       0.912	  0.460
       0.916	  0.475
       0.920	  0.490
       0.924	  0.500
       0.928	  0.480
       0.932	  0.455
       0.936	  0.415
       0.940	  0.390
       0.944	  0.375
       0.948	  0.385
       0.952	  0.385
       0.956	  0.380
       0.960	  0.380
       0.964	  0.395
       0.968	  0.395
       0.972	  0.375
       0.976	  0.370
       0.980	  0.365
       0.984	  0.365
       0.988	  0.355
       0.992	  0.350
       0.996	  0.335
       1.000	  0.335
       1.004	  0.330
       1.008	  0.310
       1.012	  0.280
       1.016	  0.280
       1.020	  0.295
       1.024	  0.330
       1.028	  0.370
       1.032	  0.395
       1.036	  0.395
       1.040	  0.395
       1.044	  0.380
       1.048	  0.385
       1.052	  0.385
       1.056	  0.375
       1.060	  0.370
       1.064	  0.360
       1.068	  0.335
       1.072	  0.295
       1.076	  0.250
       1.080	  0.215
       1.084	  0.210
       1.088	  0.225
       1.092	  0.265
       1.096	  0.300
       1.100	  0.340
       1.104	  0.355
       1.108	  0.370
       1.112	  0.375
       1.116	  0.365
       1.120	  0.340
       1.124	  0.320
       1.128	  0.285
       1.132	  0.275
       1.136	  0.270
       1.140	  0.265
       1.144	  0.245
       1.148	  0.250
       1.152	  0.255
       1.156	  0.270
       1.160	  0.275
       1.164	  0.270
       1.168	  0.250
       1.172	  0.235
       1.176	  0.230
       1.180	  0.225
       1.184	  0.225
       1.188	  0.220
       1.192	  0.230
       1.196	  0.235
       1.200	  0.220
       1.204	  0.190
       1.208	  0.175
       1.212	  0.160
       1.216	  0.175
       1.220	  0.215
       1.224	  0.270
       1.228	  0.310
       1.232	  0.340
       1.236	  0.350
       1.240	  0.355
       1.244	  0.355
       1.248	  0.360
       1.252	  0.340
       1.256	  0.315
       1.260	  0.315
       1.264	  0.395
       1.268	  0.570
       1.272	  0.825
       1.276	  1.145
       1.280	  1.480
       1.284	  1.780
       1.288	  2.045
       1.292	  2.265
       1.296	  2.390
       1.300	  2.415
       1.304	  2.325
       1.308	  2.220
       1.312	  2.065
       1.316	  1.835
       1.320	  1.435
       1.324	  0.945
       1.328	  0.485
       1.332	  0.170
       1.336	 -0.040
       1.340	 -0.155
       1.344	 -0.255
       1.348	 -0.350
       1.352	 -0.430
       1.356	 -0.480
       1.360	 -0.500
       1.364	 -0.490
       1.368	 -0.460
       1.372	 -0.385
       1.376	 -0.305
       1.380	 -0.245
       1.384	 -0.205
       1.388	 -0.185
       1.392	 -0.185
       1.396	 -0.200
       1.400	 -0.210
       1.404	 -0.205
       1.408	 -0.185
       1.412	 -0.180
       1.416	 -0.175
       1.420	 -0.180
       1.424	 -0.175
       1.428	 -0.170
       1.432	 -0.150
       1.436	 -0.145
       1.440	 -0.140
       1.444	 -0.145
       1.448	 -0.170
       1.452	 -0.210
       1.456	 -0.230
       1.460	 -0.230
       1.464	 -0.210
       1.468	 -0.200
       1.472	 -0.215
       1.476	 -0.220
       1.480	 -0.220
       1.484	 -0.205
       1.488	 -0.195
       1.492	 -0.185
       1.496	 -0.190
       1.500	 -0.190
       1.504	 -0.190
       1.508	 -0.170
       1.512	 -0.150
       1.516	 -0.120
       1.520	 -0.100
       1.524	 -0.060
       1.528	  0.010
       1.532	  0.080
       1.536	  0.145
       1.540	  0.205
       1.544	  0.265
       1.548	  0.315
       1.552	  0.370
       1.556	  0.420
       1.560	  0.460
       1.564	  0.490
       1.568	  0.515
       1.572	  0.530
       1.576	  0.540
       1.580	  0.540
       1.584	  0.515
       1.588	  0.475
       1.592	  0.440
       1.596	  0.430
       1.600	  0.440
       1.604	  0.455
       1.608	  0.480
       1.612	  0.485
       1.616	  0.490
       1.620	  0.465
       1.624	  0.440
       1.628	  0.410
       1.632	  0.395
       1.636	  0.380
       1.640	  0.375
       1.644	  0.365
       1.648	  0.370
       1.652	  0.395
       1.656	  0.410
       1.660	  0.405
       1.664	  0.405
       1.668	  0.400
       1.672	  0.405
       1.676	  0.435
       1.680	  0.460
       1.684	  0.470
       1.688	  0.445
       1.692	  0.425
       1.696	  0.390
       1.700	  0.375
       1.704	  0.375
       1.708	  0.405
       1.712	  0.435
       1.716	  0.470
       1.720	  0.480
       1.724	  0.470
       1.728	  0.435
       1.732	  0.420
       1.736	  0.405
       1.740	  0.420
       1.744	  0.445
       1.748	  0.480
       1.752	  0.510
       1.756	  0.520
       1.760	  0.520
       1.764	  0.525
       1.768	  0.525
       1.772	  0.520
       1.776	  0.520
       1.780	  0.520
       1.784	  0.525
       1.788	  0.525
       1.792	  0.530
       1.796	  0.525
       1.800	  0.525
       1.804	  0.520
       1.808	  0.525
       1.812	  0.520
       1.816	  0.530
       1.820	  0.520
       1.824	  0.510
       1.828	  0.500
       1.832	  0.505
       1.836	  0.510
       1.840	  0.530
       1.844	  0.540
       1.848	  0.550
       1.852	  0.545
       1.856	  0.525
       1.860	  0.510
       1.864	  0.505
       1.868	  0.500
       1.872	  0.485
       1.876	  0.480
       1.880	  0.470
       1.884	  0.470
       1.888	  0.470
       1.892	  0.470
       1.896	  0.460
       1.900	  0.455
       1.904	  0.440
       1.908	  0.435
       1.912	  0.430
       1.916	  0.430
       1.920	  0.420
       1.924	  0.400
       1.928	  0.370
       1.932	  0.380
       1.936	  0.455
       1.940	  0.610
       1.944	  0.840
       1.948	  1.110
       1.952	  1.360
       1.956	  1.585
       1.960	  1.760
       1.964	  1.875
       1.968	  1.890
       1.972	  1.820
       1.976	  1.705
       1.980	  1.550
       1.984	  1.370
       1.988	  1.165
       1.992	  0.915
       1.996	  0.630
       2.000	  0.365
       2.004	  0.160
       2.008	  0.040
       2.012	 -0.035
       2.016	 -0.050
       2.020	 -0.060
       2.024	 -0.050
       2.028	  0.000
       2.032	  0.075
       2.036	  0.155
       2.040	  0.230
       2.044	  0.270
       2.048	  0.290
       2.052	  0.270
       2.056	  0.235
       2.060	  0.155
       2.064	  0.080
       2.068	  0.005
       2.072	 -0.085
       2.076	 -0.130
       2.080	 -0.155
       2.084	 -0.165
       2.088	 -0.180
       2.092	 -0.190
       2.096	 -0.200
       2.100	 -0.200
       2.104	 -0.205
       2.108	 -0.210
       2.112	 -0.210
       2.116	 -0.220
       2.120	 -0.230
       2.124	 -0.240
       2.128	 -0.250
       2.132	 -0.240
       2.136	 -0.250
       2.140	 -0.260
       2.144	 -0.260
       2.148	 -0.255
       2.152	 -0.250
       2.156	 -0.250
       2.160	 -0.250
       2.164	 -0.230
       2.168	 -0.205
       2.172	 -0.190
       2.176	 -0.165
       2.180	 -0.140
       2.184	 -0.120
       2.188	 -0.090
       2.192	 -0.055
       2.196	 -0.025
       2.200	  0.035
       2.204	  0.080
       2.208	  0.125
       2.212	  0.170
       2.216	  0.220
       2.220	  0.265
       2.224	  0.305
       2.228	  0.330
       2.232	  0.365
       2.236	  0.380
       2.240	  0.385
       2.244	  0.385
       2.248	  0.390
       2.252	  0.385
       2.256	  0.375
       2.260	  0.355
       2.264	  0.345
       2.268	  0.335
       2.272	  0.320
       2.276	  0.315
       2.280	  0.295
       2.284	  0.275
       2.288	  0.270
       2.292	  0.275
       2.296	  0.280
       2.300	  0.290
       2.304	  0.285
       2.308	  0.285
       2.312	  0.280
       2.316	  0.280
       2.320	  0.280
       2.324	  0.280
       2.328	  0.285
       2.332	  0.295
       2.336	  0.290
       2.340	  0.285
       2.344	  0.280
       2.348	  0.285
       2.352	  0.290
       2.356	  0.280
       2.360	  0.280
       2.364	  0.290
       2.368	  0.290
       2.372	  0.280
       2.376	  0.275
       2.380	  0.270
       2.384	  0.270
       2.388	  0.265
       2.392	  0.275
       2.396	  0.280
       2.400	  0.285
       2.404	  0.275
       2.408	  0.280
       2.412	  0.285
       2.416	  0.295
       2.420	  0.295
       2.424	  0.305
       2.428	  0.310
       2.432	  0.315
       2.436	  0.315
       2.440	  0.310
       2.444	  0.300
       2.448	  0.305
       2.452	  0.305
       2.456	  0.305
       2.460	  0.300
       2.464	  0.310
       2.468	  0.310
       2.472	  0.310
       2.476	  0.315
       2.480	  0.315
       2.484	  0.315
       2.488	  0.310
       2.492	  0.320
       2.496	  0.320
       2.500	  0.335
       2.504	  0.340
       2.508	  0.340
       2.512	  0.335
       2.516	  0.335
       2.520	  0.330
       2.524	  0.315
       2.528	  0.325
       2.532	  0.340
       2.536	  0.340
       2.540	  0.335
       2.544	  0.325
       2.548	  0.330
       2.552	  0.335
       2.556	  0.340
       2.560	  0.345
       2.564	  0.335
       2.568	  0.355
       2.572	  0.355
       2.576	  0.355
       2.580	  0.350
       2.584	  0.335
       2.588	  0.330
       2.592	  0.335
       2.596	  0.315
       2.600	  0.295
       2.604	  0.275
       2.608	  0.310
       2.612	  0.420
       2.616	  0.630
       2.620	  0.905
       2.624	  1.200
       2.628	  1.480
       2.632	  1.755
       2.636	  1.955
       2.640	  2.065
       2.644	  2.055
       2.648	  1.965
       2.652	  1.825
       2.656	  1.650
       2.660	  1.425
       2.664	  1.165
       2.668	  0.840
       2.672	  0.490
       2.676	  0.200
       2.680	 -0.025
       2.684	 -0.170
       2.688	 -0.265
       2.692	 -0.310
       2.696	 -0.335
       2.700	 -0.330
       2.704	 -0.305
       2.708	 -0.260
       2.712	 -0.205
       2.716	 -0.110
       2.720	  0.005
       2.724	  0.105
       2.728	  0.175
       2.732	  0.235
       2.736	  0.270
       2.740	  0.290
       2.744	  0.295
       2.748	  0.290
       2.752	  0.260
       2.756	  0.235
       2.760	  0.195
       2.764	  0.155
       2.768	  0.100
       2.772	  0.040
       2.776	 -0.035
       2.780	 -0.085
       2.784	 -0.130
       2.788	 -0.180
       2.792	 -0.205
       2.796	 -0.225
       2.800	 -0.235
       2.804	 -0.240
       2.808	 -0.240
       2.812	 -0.240
       2.816	 -0.240
       2.820	 -0.240
       2.824	 -0.240
       2.828	 -0.240
       2.832	 -0.230
       2.836	 -0.225
       2.840	 -0.215
       2.844	 -0.205
       2.848	 -0.185
       2.852	 -0.160
       2.856	 -0.135
       2.860	 -0.105
       2.864	 -0.060
       2.868	 -0.025
       2.872	  0.020
       2.876	  0.065
       2.880	  0.115
       2.884	  0.160
       2.888	  0.200
       2.892	  0.250
       2.896	  0.290
       2.900	  0.340
       2.904	  0.380
       2.908	  0.410
       2.912	  0.415
       2.916	  0.420
       2.920	  0.415
       2.924	  0.410
       2.928	  0.405
       2.932	  0.395
       2.936	  0.380
       2.940	  0.365
       2.944	  0.350
       2.948	  0.350
       2.952	  0.350
       2.956	  0.340
       2.960	  0.325
       2.964	  0.320
       2.968	  0.315
       2.972	  0.300
       2.976	  0.295
       2.980	  0.295
       2.984	  0.295
       2.988	  0.295
       2.992	  0.300
       2.996	  0.295
       3.000	  0.290
       3.004	  0.280
       3.008	  0.275
       3.012	  0.265
       3.016	  0.260
       3.020	  0.255
       3.024	  0.260
       3.028	  0.265
       3.032	  0.280
       3.036	  0.285
       3.040	  0.295
       3.044	  0.290
       3.048	  0.295
       3.052	  0.290
       3.056	  0.295
       3.060	  0.305
       3.064	  0.320
       3.068	  0.330
       3.072	  0.325
       3.076	  0.305
       3.080	  0.270
       3.084	  0.230
       3.088	  0.235
       3.092	  0.325
       3.096	  0.505
       3.100	  0.770
       3.104	  1.060
       3.108	  1.335
       3.112	  1.580
       3.116	  1.775
       3.120	  1.880
       3.124	  1.900
       3.128	  1.830
       3.132	  1.710
       3.136	  1.555
       3.140	  1.370
       3.144	  1.150
       3.148	  0.895
       3.152	  0.575
       3.156	  0.295
       3.160	  0.040
       3.164	 -0.160
       3.168	 -0.290
       3.172	 -0.380
       3.176	 -0.420
       3.180	 -0.420
       3.184	 -0.400
       3.188	 -0.370
       3.192	 -0.320
       3.196	 -0.265
       3.200	 -0.190
       3.204	 -0.125
       3.208	 -0.075
       3.212	 -0.025
       3.216	  0.020
       3.220	  0.035
       3.224	  0.035
       3.228	  0.030
       3.232	  0.030
       3.236	  0.025
       3.240	  0.015
       3.244	  0.000
       3.248	  0.000
       3.252	  0.000
       3.256	  0.000
       3.260	 -0.025
       3.264	 -0.030
       3.268	 -0.025
       3.272	 -0.025
       3.276	  0.000
       3.280	  0.010
       3.284	  0.010
       3.288	  0.000
       3.292	  0.000
       3.296	  0.000
       3.300	  0.000
       3.304	  0.000
       3.308	  0.005
       3.312	  0.000
       3.316	  0.000
       3.320	 -0.025
       3.324	  0.000
       3.328	  0.005
       3.332	  0.030
       3.336	  0.045
       3.340	  0.070
       3.344	  0.095
       3.348	  0.155
       3.352	  0.215
       3.356	  0.280
       3.360	  0.335
       3.364	  0.395
       3.368	  0.435
       3.372	  0.470
       3.376	  0.500
       3.380	  0.525
       3.384	  0.530
       3.388	  0.540
       3.392	  0.555
       3.396	  0.570
       3.400	  0.595
       3.404	  0.600
       3.408	  0.580
       3.412	  0.550
       3.416	  0.535
       3.420	  0.535
       3.424	  0.580
       3.428	  0.625
       3.432	  0.675
       3.436	  0.700
       3.440	  0.725
       3.444	  0.745
       3.448	  0.780
       3.452	  0.800
       3.456	  0.800
       3.460	  0.780
       3.464	  0.760
       3.468	  0.720
       3.472	  0.665
       3.476	  0.600
       3.480	  0.525
       3.484	  0.445
       3.488	  0.375
       3.492	  0.330
       3.496	  0.285
       3.500	  0.250
       3.504	  0.220
       3.508	  0.210
       3.512	  0.205
       3.516	  0.215
       3.520	  0.210
       3.524	  0.210
       3.528	  0.210
       3.532	  0.230
       3.536	  0.240
       3.540	  0.255
       3.544	  0.260
       3.548	  0.265
       3.552	  0.255
       3.556	  0.240
       3.560	  0.220
       3.564	  0.200
       3.568	  0.160
       3.572	  0.115
       3.576	  0.105
       3.580	  0.140
       3.584	  0.190
       3.588	  0.220
       3.592	  0.210
       3.596	  0.145
       3.600	  0.110
       3.604	  0.115
       3.608	  0.135
       3.612	  0.150
       3.616	  0.155
       3.620	  0.130
       3.624	  0.100
       3.628	  0.100
       3.632	  0.150
       3.636	  0.280
       3.640	  0.495
       3.644	  0.780
       3.648	  1.070
       3.652	  1.315
       3.656	  1.540
       3.660	  1.715
       3.664	  1.835
       3.668	  1.860
       3.672	  1.810
       3.676	  1.695
       3.680	  1.525
       3.684	  1.295
       3.688	  1.025
       3.692	  0.700
       3.696	  0.350
       3.700	  0.055
       3.704	 -0.185
       3.708	 -0.320
       3.712	 -0.405
       3.716	 -0.480
       3.720	 -0.540
       3.724	 -0.555
       3.728	 -0.515
       3.732	 -0.410
       3.736	 -0.320
       3.740	 -0.240
       3.744	 -0.175
       3.748	 -0.115
       3.752	 -0.075
       3.756	 -0.060
       3.760	 -0.085
       3.764	 -0.125
       3.768	 -0.150
       3.772	 -0.150
       3.776	 -0.125
       3.780	 -0.080
       3.784	 -0.075
       3.788	 -0.110
       3.792	 -0.140
       3.796	 -0.165
       3.800	 -0.170
       3.804	 -0.155
       3.808	 -0.120
       3.812	 -0.095
       3.816	 -0.080
       3.820	 -0.075
       3.824	 -0.090
       3.828	 -0.125
       3.832	 -0.140
       3.836	 -0.140
       3.840	 -0.125
       3.844	 -0.115
       3.848	 -0.090
       3.852	 -0.080
       3.856	 -0.060
       3.860	 -0.035
       3.864	  0.015
       3.868	  0.045
       3.872	  0.075
       3.876	  0.100
       3.880	  0.130
       3.884	  0.160
       3.888	  0.195
       3.892	  0.245
       3.896	  0.295
       3.900	  0.335
       3.904	  0.370
       3.908	  0.400
       3.912	  0.430
       3.916	  0.470
       3.920	  0.495
       3.924	  0.520
       3.928	  0.535
       3.932	  0.570
       3.936	  0.580
       3.940	  0.585
       3.944	  0.580
       3.948	  0.590
       3.952	  0.575
       3.956	  0.550
       3.960	  0.510
       3.964	  0.485
       3.968	  0.460
       3.972	  0.450
       3.976	  0.440
       3.980	  0.425
       3.984	  0.415
       3.988	  0.410
       3.992	  0.420
       3.996	  0.435
       4.000	  0.455
       4.004	  0.475
       4.008	  0.495
       4.012	  0.485
       4.016	  0.470
       4.020	  0.445
       4.024	  0.430
       4.028	  0.410
       4.032	  0.415
       4.036	  0.405
       4.040	  0.400
       4.044	  0.410
       4.048	  0.435
       4.052	  0.445
       4.056	  0.440
       4.060	  0.430
       4.064	  0.420
       4.068	  0.430
       4.072	  0.420
       4.076	  0.410
       4.080	  0.395
       4.084	  0.365
       4.088	  0.345
       4.092	  0.340
       4.096	  0.340
       4.100	  0.360
       4.104	  0.380
       4.108	  0.400
       4.112	  0.420
       4.116	  0.440
       4.120	  0.440
       4.124	  0.430
       4.128	  0.415
       4.132	  0.440
       4.136	  0.475
       4.140	  0.525
       4.144	  0.560
       4.148	  0.595
       4.152	  0.605
       4.156	  0.625
       4.160	  0.640
       4.164	  0.650
       4.168	  0.630
       4.172	  0.600
       4.176	  0.565
       4.180	  0.525
       4.184	  0.480
       4.188	  0.435
       4.192	  0.405
       4.196	  0.365
       4.200	  0.340
       4.204	  0.330
       4.208	  0.345
       4.212	  0.355
       4.216	  0.365
       4.220	  0.355
       4.224	  0.335
       4.228	  0.315
       4.232	  0.340
       4.236	  0.360
       4.240	  0.400
       4.244	  0.430
       4.248	  0.470
       4.252	  0.485
       4.256	  0.505
       4.260	  0.510
       4.264	  0.520
       4.268	  0.530
       4.272	  0.530
       4.276	  0.545
       4.280	  0.565
       4.284	  0.580
       4.288	  0.590
       4.292	  0.605
       4.296	  0.615
       4.300	  0.605
       4.304	  0.590
       4.308	  0.600
       4.312	  0.655
       4.316	  0.795
       4.320	  0.995
       4.324	  1.255
       4.328	  1.505
       4.332	  1.745
       4.336	  1.940
       4.340	  2.085
       4.344	  2.140
       4.348	  2.130
       4.352	  2.045
       4.356	  1.920
       4.360	  1.750
       4.364	  1.570
       4.368	  1.345
       4.372	  1.070
       4.376	  0.775
       4.380	  0.510
       4.384	  0.290
       4.388	  0.135
       4.392	  0.030
       4.396	 -0.050
       4.400	 -0.075
       4.404	 -0.085
       4.408	 -0.075
       4.412	 -0.060
       4.416	 -0.030
       4.420	  0.020
       4.424	  0.065
       4.428	  0.095
       4.432	  0.120
       4.436	  0.115
       4.440	  0.120
       4.444	  0.115
       4.448	  0.110
       4.452	  0.090
       4.456	  0.070
       4.460	  0.050
       4.464	  0.050
       4.468	  0.040
       4.472	  0.030
       4.476	  0.030
       4.480	  0.030
       4.484	  0.020
       4.488	  0.010
       4.492	  0.010
       4.496	  0.000
       4.500	  0.000
       4.504	 -0.025
       4.508	 -0.025
       4.512	 -0.035
       4.516	 -0.030
       4.520	 -0.040
       4.524	 -0.030
       4.528	 -0.025
       4.532	  0.010
       4.536	  0.030
       4.540	  0.055
       4.544	  0.075
       4.548	  0.110
       4.552	  0.140
       4.556	  0.175
       4.560	  0.210
       4.564	  0.255
       4.568	  0.290
       4.572	  0.330
       4.576	  0.375
       4.580	  0.435
       4.584	  0.485
       4.588	  0.540
       4.592	  0.600
       4.596	  0.660
       4.600	  0.720
       4.604	  0.780
       4.608	  0.830
       4.612	  0.855
       4.616	  0.875
       4.620	  0.885
       4.624	  0.890
       4.628	  0.870
       4.632	  0.860
       4.636	  0.845
       4.640	  0.845
       4.644	  0.860
       4.648	  0.905
       4.652	  0.945
       4.656	  0.995
       4.660	  1.035
       4.664	  1.050
       4.668	  0.995
       4.672	  0.895
       4.676	  0.780
       4.680	  0.685
       4.684	  0.615
       4.688	  0.565
       4.692	  0.530
       4.696	  0.485
       4.700	  0.445
       4.704	  0.415
       4.708	  0.400
       4.712	  0.380
       4.716	  0.370
       4.720	  0.350
       4.724	  0.335
       4.728	  0.320
       4.732	  0.320
       4.736	  0.310
       4.740	  0.300
       4.744	  0.285
       4.748	  0.285
       4.752	  0.290
       4.756	  0.290
       4.760	  0.285
       4.764	  0.290
       4.768	  0.290
       4.772	  0.280
       4.776	  0.265
       4.780	  0.255
       4.784	  0.245
       4.788	  0.235
       4.792	  0.240
       4.796	  0.245
       4.800	  0.250
       4.804	  0.265
       4.808	  0.280
       4.812	  0.295
       4.816	  0.310
       4.820	  0.315
       4.824	  0.325
       4.828	  0.335
       4.832	  0.355
       4.836	  0.390
       4.840	  0.440
       4.844	  0.505
       4.848	  0.575
       4.852	  0.620
       4.856	  0.650
       4.860	  0.655
       4.864	  0.675
       4.868	  0.685
       4.872	  0.675
       4.876	  0.650
       4.880	  0.625
       4.884	  0.590
       4.888	  0.535
       4.892	  0.480
       4.896	  0.415
       4.900	  0.350
       4.904	  0.290
       4.908	  0.255
       4.912	  0.230
       4.916	  0.230
       4.920	  0.225
       4.924	  0.230
       4.928	  0.225
       4.932	  0.225
       4.936	  0.220
       4.940	  0.215
       4.944	  0.205
       4.948	  0.210
       4.952	  0.205
       4.956	  0.190
       4.960	  0.170
       4.964	  0.190
       4.968	  0.260
       4.972	  0.400
       4.976	  0.620
       4.980	  0.890
       4.984	  1.160
       4.988	  1.410
       4.992	  1.630
       4.996	  1.775
       5.000	  1.830
       5.004	  1.790
       5.008	  1.685
       5.012	  1.550
       5.016	  1.370
       5.020	  1.130
       5.024	  0.830
       5.028	  0.475
       5.032	  0.155
       5.036	 -0.125
       5.040	 -0.310
       5.044	 -0.450
       5.048	 -0.530
       5.052	 -0.565
       5.056	 -0.565
       5.060	 -0.545
       5.064	 -0.495
       5.068	 -0.440
       5.072	 -0.385
       5.076	 -0.320
       5.080	 -0.250
       5.084	 -0.185
       5.088	 -0.140
       5.092	 -0.105
       5.096	 -0.090
       5.100	 -0.095
       5.104	 -0.115
       5.108	 -0.115
       5.112	 -0.105
       5.116	 -0.080
       5.120	 -0.065
       5.124	 -0.060
       5.128	 -0.070
       5.132	 -0.075
       5.136	 -0.085
       5.140	 -0.090
       5.144	 -0.100
       5.148	 -0.105
       5.152	 -0.105
       5.156	 -0.100
       5.160	 -0.105
       5.164	 -0.090
       5.168	 -0.080
       5.172	 -0.080
       5.176	 -0.085
       5.180	 -0.080
       5.184	 -0.070
       5.188	 -0.060
       5.192	 -0.050
       5.196	 -0.040
       5.200	  0.005
       5.204	  0.025
       5.208	  0.060
       5.212	  0.095
       5.216	  0.135
       5.220	  0.170
       5.224	  0.215
       5.228	  0.255
       5.232	  0.300
       5.236	  0.335
       5.240	  0.380
       5.244	  0.430
       5.248	  0.495
       5.252	  0.545
       5.256	  0.590
       5.260	  0.625
       5.264	  0.665
       5.268	  0.695
       5.272	  0.700
       5.276	  0.700
       5.280	  0.695
       5.284	  0.690
       5.288	  0.675
       5.292	  0.660
       5.296	  0.640
       5.300	  0.625
       5.304	  0.610
       5.308	  0.600
       5.312	  0.590
       5.316	  0.580
       5.320	  0.570
       5.324	  0.570
       5.328	  0.560
       5.332	  0.560
       5.336	  0.550
       5.340	  0.545
       5.344	  0.540
       5.348	  0.540
       5.352	  0.530
       5.356	  0.520
       5.360	  0.510
       5.364	  0.515
       5.368	  0.515
       5.372	  0.510
       5.376	  0.495
       5.380	  0.495
       5.384	  0.485
       5.388	  0.475
       5.392	  0.475
       5.396	  0.475
       5.400	  0.480
       5.404	  0.475
       5.408	  0.475
       5.412	  0.475
       5.416	  0.475
       5.420	  0.460
       5.424	  0.460
       5.428	  0.460
       5.432	  0.475
       5.436	  0.485
       5.440	  0.490
       5.444	  0.480
       5.448	  0.475
       5.452	  0.460
       5.456	  0.450
       5.460	  0.435
       5.464	  0.435
       5.468	  0.435
       5.472	  0.435
       5.476	  0.435
       5.480	  0.440
       5.484	  0.440
       5.488	  0.430
       5.492	  0.430
       5.496	  0.430
       5.500	  0.440
       5.504	  0.455
       5.508	  0.480
       5.512	  0.490
       5.516	  0.510
       5.520	  0.515
       5.524	  0.525
       5.528	  0.525
       5.532	  0.550
       5.536	  0.590
       5.540	  0.655
       5.544	  0.710
       5.548	  0.760
       5.552	  0.780
       5.556	  0.785
       5.560	  0.785
       5.564	  0.795
       5.568	  0.780
       5.572	  0.750
       5.576	  0.710
       5.580	  0.665
       5.584	  0.600
       5.588	  0.525
       5.592	  0.460
       5.596	  0.390
       5.600	  0.335
       5.604	  0.290
       5.608	  0.270
       5.612	  0.255
       5.616	  0.240
       5.620	  0.215
       5.624	  0.210
       5.628	  0.250
       5.632	  0.380
       5.636	  0.590
       5.640	  0.875
       5.644	  1.170
       5.648	  1.460
       5.652	  1.735
       5.656	  1.945
       5.660	  2.055
       5.664	  2.060
       5.668	  1.955
       5.672	  1.795
       5.676	  1.610
       5.680	  1.385
       5.684	  1.100
       5.688	  0.730
       5.692	  0.335
       5.696	 -0.030
       5.700	 -0.285
       5.704	 -0.450
       5.708	 -0.545
       5.712	 -0.600
       5.716	 -0.610
       5.720	 -0.605
       5.724	 -0.560
       5.728	 -0.515
       5.732	 -0.465
       5.736	 -0.425
       5.740	 -0.355
       5.744	 -0.290
       5.748	 -0.215
       5.752	 -0.160
       5.756	 -0.140
       5.760	 -0.140
       5.764	 -0.140
       5.768	 -0.155
       5.772	 -0.180
       5.776	 -0.200
       5.780	 -0.200
       5.784	 -0.195
       5.788	 -0.190
       5.792	 -0.185
       5.796	 -0.185
       5.800	 -0.195
       5.804	 -0.220
       5.808	 -0.225
       5.812	 -0.220
       5.816	 -0.195
       5.820	 -0.165
       5.824	 -0.130
       5.828	 -0.120
       5.832	 -0.125
       5.836	 -0.150
       5.840	 -0.170
       5.844	 -0.190
       5.848	 -0.200
       5.852	 -0.210
       5.856	 -0.210
       5.860	 -0.195
       5.864	 -0.155
       5.868	 -0.120
       5.872	 -0.100
       5.876	 -0.080
       5.880	 -0.045
       5.884	  0.010
       5.888	  0.045
       5.892	  0.090
       5.896	  0.140
       5.900	  0.175
       5.904	  0.215
       5.908	  0.270
       5.912	  0.315
       5.916	  0.355
       5.920	  0.385
       5.924	  0.430
       5.928	  0.475
       5.932	  0.515
       5.936	  0.530
       5.940	  0.530
       5.944	  0.510
       5.948	  0.505
       5.952	  0.505
       5.956	  0.505
       5.960	  0.495
       5.964	  0.500
       5.968	  0.510
       5.972	  0.505
       5.976	  0.485
       5.980	  0.460
       5.984	  0.420
       5.988	  0.380
       5.992	  0.355
       5.996	  0.355
       6.000	  0.375
       6.004	  0.395
       6.008	  0.415
       6.012	  0.430
       6.016	  0.440
       6.020	  0.440
       6.024	  0.420
       6.028	  0.365
       6.032	  0.310
       6.036	  0.260
       6.040	  0.240
       6.044	  0.255
       6.048	  0.275
       6.052	  0.275
       6.056	  0.275
       6.060	  0.295
       6.064	  0.310
       6.068	  0.300
       6.072	  0.265
       6.076	  0.240
       6.080	  0.250
       6.084	  0.285
       6.088	  0.335
       6.092	  0.375
       6.096	  0.380
       6.100	  0.350
       6.104	  0.315
       6.108	  0.300
       6.112	  0.270
       6.116	  0.260
       6.120	  0.260
       6.124	  0.270
       6.128	  0.270
       6.132	  0.270
       6.136	  0.245
       6.140	  0.250
       6.144	  0.250
       6.148	  0.250
       6.152	  0.240
       6.156	  0.240
       6.160	  0.260
       6.164	  0.320
       6.168	  0.360
       6.172	  0.370
       6.176	  0.350
       6.180	  0.335
       6.184	  0.325
       6.188	  0.320
       6.192	  0.335
       6.196	  0.345
       6.200	  0.350
       6.204	  0.370
       6.208	  0.395
       6.212	  0.395
       6.216	  0.400
       6.220	  0.405
       6.224	  0.415
       6.228	  0.415
       6.232	  0.430
       6.236	  0.450
       6.240	  0.500
       6.244	  0.540
       6.248	  0.585
       6.252	  0.615
       6.256	  0.635
       6.260	  0.650
       6.264	  0.670
       6.268	  0.670
       6.272	  0.655
       6.276	  0.615
       6.280	  0.570
       6.284	  0.510
       6.288	  0.430
       6.292	  0.360
       6.296	  0.355
       6.300	  0.445
       6.304	  0.640
       6.308	  0.930
       6.312	  1.245
       6.316	  1.555
       6.320	  1.840
       6.324	  2.070
       6.328	  2.180
       6.332	  2.170
       6.336	  2.040
       6.340	  1.870
       6.344	  1.650
       6.348	  1.405
       6.352	  1.105
       6.356	  0.745
       6.360	  0.370
       6.364	  0.070
       6.368	 -0.170
       6.372	 -0.330
       6.376	 -0.430
       6.380	 -0.475
       6.384	 -0.505
       6.388	 -0.535
       6.392	 -0.540
       6.396	 -0.520
       6.400	 -0.480
       6.404	 -0.400
       6.408	 -0.310
       6.412	 -0.260
       6.416	 -0.250
       6.420	 -0.250
       6.424	 -0.245
       6.428	 -0.240
       6.432	 -0.220
       6.436	 -0.220
       6.440	 -0.230
       6.444	 -0.250
       6.448	 -0.250
       6.452	 -0.250
       6.456	 -0.240
       6.460	 -0.215
       6.464	 -0.175
       6.468	 -0.165
       6.472	 -0.175
       6.476	 -0.195
       6.480	 -0.205
       6.484	 -0.225
       6.488	 -0.250
       6.492	 -0.250
       6.496	 -0.235
       6.500	 -0.235
       6.504	 -0.235
       6.508	 -0.210
       6.512	 -0.190
       6.516	 -0.170
       6.520	 -0.165
       6.524	 -0.160
       6.528	 -0.150
       6.532	 -0.125
       6.536	 -0.100
       6.540	 -0.085
       6.544	 -0.085
       6.548	 -0.065
       6.552	 -0.025
       6.556	  0.025
       6.560	  0.065
       6.564	  0.125
       6.568	  0.185
       6.572	  0.255
       6.576	  0.315
       6.580	  0.380
       6.584	  0.430
       6.588	  0.475
       6.592	  0.515
       6.596	  0.550
       6.600	  0.565
       6.604	  0.565
       6.608	  0.555
       6.612	  0.545
       6.616	  0.550
       6.620	  0.555
       6.624	  0.555
       6.628	  0.540
       6.632	  0.535
       6.636	  0.530
       6.640	  0.540
       6.644	  0.550
       6.648	  0.540
       6.652	  0.500
       6.656	  0.480
       6.660	  0.480
       6.664	  0.485
       6.668	  0.490
       6.672	  0.480
       6.676	  0.460
       6.680	  0.465
       6.684	  0.480
       6.688	  0.485
       6.692	  0.495
       6.696	  0.505
       6.700	  0.500
       6.704	  0.490
       6.708	  0.485
       6.712	  0.475
       6.716	  0.475
       6.720	  0.465
       6.724	  0.470
       6.728	  0.475
       6.732	  0.500
       6.736	  0.515
       6.740	  0.530
       6.744	  0.525
       6.748	  0.530
       6.752	  0.530
       6.756	  0.530
       6.760	  0.520
       6.764	  0.520
       6.768	  0.515
       6.772	  0.515
       6.776	  0.505
       6.780	  0.500
       6.784	  0.490
       6.788	  0.480
       6.792	  0.475
       6.796	  0.480
       6.800	  0.480
       6.804	  0.475
       6.808	  0.475
       6.812	  0.475
       6.816	  0.475
       6.820	  0.475
       6.824	  0.475
       6.828	  0.475
       6.832	  0.475
       6.836	  0.470
       6.840	  0.465
       6.844	  0.455
       6.848	  0.455
       6.852	  0.435
       6.856	  0.425
       6.860	  0.415
       6.864	  0.420
       6.868	  0.420
       6.872	  0.430
       6.876	  0.430
       6.880	  0.440
       6.884	  0.440
       6.888	  0.435
       6.892	  0.435
       6.896	  0.435
       6.900	  0.435
       6.904	  0.430
       6.908	  0.430
       6.912	  0.425
       6.916	  0.420
       6.920	  0.420
       6.924	  0.430
       6.928	  0.430
       6.932	  0.435
       6.936	  0.430
       6.940	  0.435
       6.944	  0.435
       6.948	  0.450
       6.952	  0.470
       6.956	  0.490
       6.960	  0.510
       6.964	  0.560
       6.968	  0.655
       6.972	  0.825
       6.976	  1.060
       6.980	  1.325
       6.984	  1.565
       6.988	  1.755
       6.992	  1.905
       6.996	  1.980
       7.000	  1.950
       7.004	  1.825
       7.008	  1.660
       7.012	  1.460
       7.016	  1.235
       7.020	  0.975
       7.024	  0.680
       7.028	  0.360
       7.032	  0.085
       7.036	 -0.155
       7.040	 -0.305
       7.044	 -0.410
       7.048	 -0.465
       7.052	 -0.505
       7.056	 -0.515
       7.060	 -0.510
       7.064	 -0.465
       7.068	 -0.405
       7.072	 -0.330
       7.076	 -0.255
       7.080	 -0.185
       7.084	 -0.140
       7.088	 -0.120
       7.092	 -0.110
       7.096	 -0.110
       7.100	 -0.120
       7.104	 -0.140
       7.108	 -0.150
       7.112	 -0.160
       7.116	 -0.155
       7.120	 -0.145
       7.124	 -0.130
       7.128	 -0.115
       7.132	 -0.085
       7.136	 -0.080
       7.140	 -0.075
       7.144	 -0.080
       7.148	 -0.080
       7.152	 -0.080
       7.156	 -0.080
       7.160	 -0.070
       7.164	 -0.055
       7.168	 -0.055
       7.172	 -0.065
       7.176	 -0.075
       7.180	 -0.070
       7.184	 -0.065
       7.188	 -0.060
       7.192	 -0.045
       7.196	  0.000
       7.200	  0.020
       7.204	  0.045
       7.208	  0.075
       7.212	  0.100
       7.216	  0.115
       7.220	  0.140
       7.224	  0.175
       7.228	  0.220
       7.232	  0.270
       7.236	  0.320
       7.240	  0.390
       7.244	  0.450
       7.248	  0.515
       7.252	  0.560
       7.256	  0.600
       7.260	  0.620
       7.264	  0.645
       7.268	  0.670
       7.272	  0.685
       7.276	  0.695
       7.280	  0.695
       7.284	  0.685
       7.288	  0.670
       7.292	  0.660
       7.296	  0.670
       7.300	  0.690
       7.304	  0.710
       7.308	  0.705
       7.312	  0.670
       7.316	  0.620
       7.320	  0.575
       7.324	  0.550
       7.328	  0.535
       7.332	  0.530
       7.336	  0.515
       7.340	  0.525
       7.344	  0.525
       7.348	  0.535
       7.352	  0.525
       7.356	  0.520
       7.360	  0.510
       7.364	  0.530
       7.368	  0.545
       7.372	  0.560
       7.376	  0.560
       7.380	  0.565
       7.384	  0.565
       7.388	  0.560
       7.392	  0.550
       7.396	  0.540
       7.400	  0.510
       7.404	  0.475
       7.408	  0.455
       7.412	  0.440
       7.416	  0.435
       7.420	  0.420
       7.424	  0.415
       7.428	  0.405
       7.432	  0.405
       7.436	  0.400
       7.440	  0.400
       7.444	  0.385
       7.448	  0.380
       7.452	  0.375
       7.456	  0.380
       7.460	  0.400
       7.464	  0.435
       7.468	  0.460
       7.472	  0.465
       7.476	  0.460
       7.480	  0.465
       7.484	  0.475
       7.488	  0.480
       7.492	  0.480
       7.496	  0.490
       7.500	  0.500
       7.504	  0.510
       7.508	  0.530
       7.512	  0.540
       7.516	  0.540
       7.520	  0.520
       7.524	  0.515
       7.528	  0.505
       7.532	  0.505
       7.536	  0.490
       7.540	  0.490
       7.544	  0.485
       7.548	  0.500
       7.552	  0.520
       7.556	  0.550
       7.560	  0.550
       7.564	  0.550
       7.568	  0.520
       7.572	  0.500
       7.576	  0.480
       7.580	  0.480
       7.584	  0.470
       7.588	  0.460
       7.592	  0.455
       7.596	  0.465
       7.600	  0.475
       7.604	  0.475
       7.608	  0.465
       7.612	  0.460
       7.616	  0.455
       7.620	  0.460
       7.624	  0.475
       7.628	  0.480
       7.632	  0.500
       7.636	  0.540
       7.640	  0.650
       7.644	  0.815
       7.648	  1.060
       7.652	  1.350
       7.656	  1.665
       7.660	  1.960
       7.664	  2.210
       7.668	  2.370
       7.672	  2.450
       7.676	  2.445
       7.680	  2.390
       7.684	  2.255
       7.688	  2.025
       7.692	  1.710
       7.696	  1.340
       7.700	  0.930
       7.704	  0.535
       7.708	  0.215
       7.712	 -0.045
       7.716	 -0.205
       7.720	 -0.305
       7.724	 -0.345
       7.728	 -0.360
       7.732	 -0.340
       7.736	 -0.305
       7.740	 -0.240
       7.744	 -0.180
       7.748	 -0.115
       7.752	 -0.065
       7.756	  0.000
       7.760	  0.015
       7.764	  0.035
       7.768	  0.035
       7.772	  0.035
       7.776	  0.010
       7.780	  0.000
       7.784	 -0.035
       7.788	 -0.050
       7.792	 -0.065
       7.796	 -0.075
       7.800	 -0.085
       7.804	 -0.105
       7.808	 -0.120
       7.812	 -0.135
       7.816	 -0.150
       7.820	 -0.170
       7.824	 -0.180
       7.828	 -0.195
       7.832	 -0.200
       7.836	 -0.205
       7.840	 -0.205
       7.844	 -0.210
       7.848	 -0.225
       7.852	 -0.245
       7.856	 -0.240
       7.860	 -0.220
       7.864	 -0.180
       7.868	 -0.150
       7.872	 -0.125
       7.876	 -0.120
       7.880	 -0.105
       7.884	 -0.085
       7.888	 -0.050
       7.892	  0.000
       7.896	  0.050
       7.900	  0.095
       7.904	  0.130
       7.908	  0.165
       7.912	  0.205
       7.916	  0.255
       7.920	  0.300
       7.924	  0.355
       7.928	  0.405
       7.932	  0.455
       7.936	  0.485
       7.940	  0.500
       7.944	  0.500
       7.948	  0.495
       7.952	  0.490
       7.956	  0.480
       7.960	  0.485
       7.964	  0.485
       7.968	  0.475
       7.972	  0.465
       7.976	  0.450
       7.980	  0.445
       7.984	  0.440
       7.988	  0.425
       7.992	  0.400
       7.996	  0.385
       8.000	  0.370
       8.004	  0.360
       8.008	  0.365
       8.012	  0.380
       8.016	  0.390
       8.020	  0.395
       8.024	  0.410
       8.028	  0.410
       8.032	  0.410
       8.036	  0.405
       8.040	  0.410
       8.044	  0.405
       8.048	  0.410
       8.052	  0.400
       8.056	  0.390
       8.060	  0.390
       8.064	  0.410
       8.068	  0.435
       8.072	  0.455
       8.076	  0.455
       8.080	  0.455
       8.084	  0.445
       8.088	  0.445
       8.092	  0.445
       8.096	  0.460
       8.100	  0.465
       8.104	  0.465
       8.108	  0.465
       8.112	  0.460
       8.116	  0.450
       8.120	  0.435
       8.124	  0.435
       8.128	  0.425
       8.132	  0.430
       8.136	  0.430
       8.140	  0.430
       8.144	  0.425
       8.148	  0.425
       8.152	  0.425
       8.156	  0.435
       8.160	  0.435
       8.164	  0.460
       8.168	  0.480
       8.172	  0.500
       8.176	  0.500
       8.180	  0.495
       8.184	  0.470
       8.188	  0.435
       8.192	  0.420
       8.196	  0.420
       8.200	  0.425
       8.204	  0.420
       8.208	  0.420
       8.212	  0.440
       8.216	  0.450
       8.220	  0.445
       8.224	  0.445
       8.228	  0.445
       8.232	  0.455
       8.236	  0.460
       8.240	  0.470
       8.244	  0.470
       8.248	  0.480
       8.252	  0.480
       8.256	  0.490
       8.260	  0.475
       8.264	  0.460
       8.268	  0.440
       8.272	  0.440
       8.276	  0.455
       8.280	  0.485
       8.284	  0.500
       8.288	  0.495
       8.292	  0.480
       8.296	  0.470
       8.300	  0.440
       8.304	  0.410
       8.308	  0.405
       8.312	  0.460
       8.316	  0.605
       8.320	  0.835
       8.324	  1.130
       8.328	  1.445
       8.332	  1.730
       8.336	  1.975
       8.340	  2.180
       8.344	  2.305
       8.348	  2.340
       8.352	  2.280
       8.356	  2.185
       8.360	  2.035
       8.364	  1.830
       8.368	  1.540
       8.372	  1.180
       8.376	  0.775
       8.380	  0.420
       8.384	  0.140
       8.388	 -0.075
       8.392	 -0.200
       8.396	 -0.260
       8.400	 -0.310
       8.404	 -0.350
       8.408	 -0.370
       8.412	 -0.380
       8.416	 -0.370
       8.420	 -0.350
       8.424	 -0.310
       8.428	 -0.285
       8.432	 -0.260
       8.436	 -0.240
       8.440	 -0.210
       8.444	 -0.200
       8.448	 -0.175
       8.452	 -0.175
       8.456	 -0.185
       8.460	 -0.210
       8.464	 -0.240
       8.468	 -0.260
       8.472	 -0.270
       8.476	 -0.280
       8.480	 -0.270
       8.484	 -0.265
       8.488	 -0.275
       8.492	 -0.290
       8.496	 -0.300
       8.500	 -0.320
       8.504	 -0.340
       8.508	 -0.345
       8.512	 -0.350
       8.516	 -0.350
       8.520	 -0.360
       8.524	 -0.360
       8.528	 -0.380
       8.532	 -0.395
       8.536	 -0.420
       8.540	 -0.420
       8.544	 -0.415
       8.548	 -0.390
       8.552	 -0.370
       8.556	 -0.350
       8.560	 -0.340
       8.564	 -0.305
       8.568	 -0.280
       8.572	 -0.240
       8.576	 -0.205
       8.580	 -0.145
       8.584	 -0.080
       8.588	 -0.030
       8.592	  0.020
       8.596	  0.110
       8.600	  0.350
       8.604	  0.615
       8.608	  0.780
       8.612	  0.835
       8.616	  0.775
       8.620	  0.650
       8.624	  0.565
       8.628	  0.515
       8.632	  0.470
       8.636	  0.405
       8.640	  0.370
       8.644	  0.370
       8.648	  0.365
       8.652	  0.335
       8.656	  0.300
       8.660	  0.280
       8.664	  0.295
       8.668	  0.295
       8.672	  0.300
       8.676	  0.290
       8.680	  0.295
       8.684	  0.295
       8.688	  0.295
       8.692	  0.290
       8.696	  0.285
       8.700	  0.260
       8.704	  0.215
       8.708	  0.195
       8.712	  0.195
       8.716	  0.200
       8.720	  0.225
       8.724	  0.265
       8.728	  0.295
       8.732	  0.305
       8.736	  0.315
       8.740	  0.340
       8.744	  0.340
       8.748	  0.330
       8.752	  0.310
       8.756	  0.295
       8.760	  0.270
       8.764	  0.255
       8.768	  0.215
       8.772	  0.175
       8.776	  0.160
       8.780	  0.180
       8.784	  0.200
       8.788	  0.235
       8.792	  0.255
       8.796	  0.270
       8.800	  0.270
       8.804	  0.255
       8.808	  0.240
       8.812	  0.235
       8.816	  0.230
       8.820	  0.200
       8.824	  0.175
       8.828	  0.160
       8.832	  0.155
       8.836	  0.160
       8.840	  0.165
       8.844	  0.185
       8.848	  0.220
       8.852	  0.245
       8.856	  0.255
       8.860	  0.240
       8.864	  0.230
       8.868	  0.235
       8.872	  0.245
       8.876	  0.245
       8.880	  0.260
       8.884	  0.260
       8.888	  0.265
       8.892	  0.265
       8.896	  0.265
       8.900	  0.270
       8.904	  0.285
       8.908	  0.300
       8.912	  0.300
       8.916	  0.290
       8.920	  0.270
       8.924	  0.245
       8.928	  0.200
       8.932	  0.170
       8.936	  0.175
       8.940	  0.230
       8.944	  0.290
       8.948	  0.340
       8.952	  0.370
       8.956	  0.385
       8.960	  0.390
       8.964	  0.395
       8.968	  0.385
       8.972	  0.365
       8.976	  0.345
       8.980	  0.345
       8.984	  0.350
       8.988	  0.395
       8.992	  0.515
       8.996	  0.730
       9.000	  1.005
       9.004	  1.285
       9.008	  1.575
       9.012	  1.850
       9.016	  2.050
       9.020	  2.155
       9.024	  2.160
       9.028	  2.075
       9.032	  1.940
       9.036	  1.755
       9.040	  1.520
       9.044	  1.225
       9.048	  0.880
       9.052	  0.540
       9.056	  0.285
       9.060	  0.105
       9.064	 -0.025
       9.068	 -0.095
       9.072	 -0.125
       9.076	 -0.135
       9.080	 -0.110
       9.084	 -0.090
       9.088	 -0.085
       9.092	 -0.085
       9.096	 -0.070
       9.100	 -0.060
       9.104	 -0.060
       9.108	 -0.060
       9.112	 -0.060
       9.116	 -0.070
       9.120	 -0.095
       9.124	 -0.105
       9.128	 -0.130
       9.132	 -0.165
       9.136	 -0.195
       9.140	 -0.200
       9.144	 -0.220
       9.148	 -0.230
       9.152	 -0.240
       9.156	 -0.230
       9.160	 -0.210
       9.164	 -0.190
       9.168	 -0.200
       9.172	 -0.205
       9.176	 -0.220
       9.180	 -0.220
       9.184	 -0.225
       9.188	 -0.225
       9.192	 -0.225
       9.196	 -0.215
       9.200	 -0.205
       9.204	 -0.205
       9.208	 -0.220
       9.212	 -0.230
       9.216	 -0.240
       9.220	 -0.245
       9.224	 -0.230
       9.228	 -0.200
       9.232	 -0.160
       9.236	 -0.105
       9.240	 -0.045
       9.244	  0.000
       9.248	  0.000
       9.252	  0.000
       9.256	  0.000
       9.260	  0.030
       9.264	  0.095
       9.268	  0.160
       9.272	  0.230
       9.276	  0.280
       9.280	  0.340
       9.284	  0.390
       9.288	  0.430
       9.292	  0.445
       9.296	  0.470
       9.300	  0.490
       9.304	  0.495
       9.308	  0.490
       9.312	  0.475
       9.316	  0.435
       9.320	  0.380
       9.324	  0.350
       9.328	  0.365
       9.332	  0.395
       9.336	  0.420
       9.340	  0.420
       9.344	  0.415
       9.348	  0.410
       9.352	  0.405
       9.356	  0.395
       9.360	  0.380
       9.364	  0.390
       9.368	  0.400
       9.372	  0.425
       9.376	  0.415
       9.380	  0.410
       9.384	  0.385
       9.388	  0.365
       9.392	  0.355
       9.396	  0.360
       9.400	  0.355
       9.404	  0.350
       9.408	  0.355
       9.412	  0.365
       9.416	  0.375
       9.420	  0.390
       9.424	  0.420
       9.428	  0.430
       9.432	  0.440
       9.436	  0.440
       9.440	  0.455
       9.444	  0.460
       9.448	  0.465
       9.452	  0.460
       9.456	  0.465
       9.460	  0.460
       9.464	  0.470
       9.468	  0.465
       9.472	  0.465
       9.476	  0.465
       9.480	  0.470
       9.484	  0.470
       9.488	  0.470
       9.492	  0.460
       9.496	  0.465
       9.500	  0.465
       9.504	  0.460
       9.508	  0.460
       9.512	  0.460
       9.516	  0.460
       9.520	  0.455
       9.524	  0.460
       9.528	  0.460
       9.532	  0.455
       9.536	  0.450
       9.540	  0.455
       9.544	  0.450
       9.548	  0.460
       9.552	  0.455
       9.556	  0.460
       9.560	  0.455
       9.564	  0.465
       9.568	  0.460
       9.572	  0.460
       9.576	  0.450
       9.580	  0.460
       9.584	  0.465
       9.588	  0.465
       9.592	  0.455
       9.596	  0.455
       9.600	  0.450
       9.604	  0.440
       9.608	  0.430
       9.612	  0.430
       9.616	  0.425
       9.620	  0.420
       9.624	  0.430
       9.628	  0.435
       9.632	  0.440
       9.636	  0.430
       9.640	  0.420
       9.644	  0.410
       9.648	  0.400
       9.652	  0.380
       9.656	  0.365
       9.660	  0.340
       9.664	  0.355
       9.668	  0.435
       9.672	  0.600
       9.676	  0.835
       9.680	  1.105
       9.684	  1.340
       9.688	  1.560
       9.692	  1.720
       9.696	  1.825
       9.700	  1.820
       9.704	  1.735
       9.708	  1.595
       9.712	  1.450
       9.716	  1.275
       9.720	  1.055
       9.724	  0.780
       9.728	  0.485
       9.732	  0.230
       9.736	  0.040
       9.740	 -0.110
       9.744	 -0.205
       9.748	 -0.265
       9.752	 -0.300
       9.756	 -0.300
       9.760	 -0.255
       9.764	 -0.165
       9.768	 -0.060
       9.772	  0.070
       9.776	  0.155
       9.780	  0.230
       9.784	  0.275
       9.788	  0.300
       9.792	  0.300
       9.796	  0.295
       9.800	  0.260
       9.804	  0.220
       9.808	  0.175
       9.812	  0.130
       9.816	  0.080
       9.820	  0.025
       9.824	 -0.040
       9.828	 -0.080
       9.832	 -0.120
       9.836	 -0.150
       9.840	 -0.175
       9.844	 -0.195
       9.848	 -0.205
       9.852	 -0.220
       9.856	 -0.230
       9.860	 -0.240
       9.864	 -0.240
       9.868	 -0.245
       9.872	 -0.245
       9.876	 -0.250
       9.880	 -0.245
       9.884	 -0.245
       9.888	 -0.240
       9.892	 -0.235
       9.896	 -0.215
       9.900	 -0.200
       9.904	 -0.185
       9.908	 -0.170
       9.912	 -0.140
       9.916	 -0.105
       9.920	 -0.070
       9.924	  0.000
       9.928	  0.035
       9.932	  0.070
       9.936	  0.105
       9.940	  0.150
       9.944	  0.190
       9.948	  0.225
       9.952	  0.260
       9.956	  0.310
       9.960	  0.355
       9.964	  0.405
       9.968	  0.430
       9.972	  0.445
       9.976	  0.435
       9.980	  0.435
       9.984	  0.420
       9.988	  0.405
       9.992	  0.385
       9.996	  0.380
