Elapsed_time	ECG
       0.000	 -0.055
       0.004	 -0.100
       0.008	 -0.030
       0.012	  0.040
       0.016	 -0.015
       0.020	 -0.075
       0.024	 -0.025
       0.028	  0.055
       0.032	  0.065
       0.036	  0.040
       0.040	  0.130
       0.044	  0.345
       0.048	  0.535
       0.052	  0.635
       0.056	  0.740
       0.060	  0.840
       0.064	  0.930
       0.068	  0.950
       0.072	  0.980
       0.076	  1.095
       0.080	  1.245
       0.084	  1.370
       0.088	  1.530
       0.092	  1.670
       0.096	  1.775
       0.100	  1.810
       0.104	  1.810
       0.108	  1.815
       0.112	  1.820
       0.116	  1.820
       0.120	  1.800
       0.124	  1.710
       0.128	  1.515
       0.132	  1.240
       0.136	  0.760
       0.140	  0.390
       0.144	  0.175
       0.148	  0.010
       0.152	 -0.105
       0.156	 -0.185
       0.160	 -0.180
       0.164	 -0.245
       0.168	 -0.325
       0.172	 -0.345
       0.176	 -0.350
       0.180	 -0.360
       0.184	 -0.385
       0.188	 -0.430
       0.192	 -0.405
       0.196	 -0.375
       0.200	 -0.355
       0.204	 -0.365
       0.208	 -0.385
       0.212	 -0.410
       0.216	 -0.430
       0.220	 -0.420
       0.224	 -0.415
       0.228	 -0.395
       0.232	 -0.415
       0.236	 -0.415
       0.240	 -0.390
       0.244	 -0.380
       0.248	 -0.390
       0.252	 -0.385
       0.256	 -0.325
       0.260	 -0.305
       0.264	 -0.340
       0.268	 -0.380
       0.272	 -0.385
       0.276	 -0.375
       0.280	 -0.395
       0.284	 -0.415
       0.288	 -0.410
       0.292	 -0.395
       0.296	 -0.445
       0.300	 -0.445
       0.304	 -0.445
       0.308	 -0.450
       0.312	 -0.465
       0.316	 -0.435
       0.320	 -0.475
       0.324	 -0.460
       0.328	 -0.460
       0.332	 -0.440
       0.336	 -0.415
       0.340	 -0.455
       0.344	 -0.445
       0.348	 -0.405
       0.352	 -0.415
       0.356	 -0.425
       0.360	 -0.390
       0.364	 -0.365
       0.368	 -0.395
       0.372	 -0.460
       0.376	 -0.435
       0.380	 -0.410
       0.384	 -0.440
       0.388	 -0.495
       0.392	 -0.460
       0.396	 -0.420
       0.400	 -0.500
       0.404	 -0.575
       0.408	 -0.535
       0.412	 -0.500
       0.416	 -0.560
       0.420	 -0.600
       0.424	 -0.575
       0.428	 -0.535
       0.432	 -0.615
       0.436	 -0.695
       0.440	 -0.710
       0.444	 -0.680
       0.448	 -0.665
       0.452	 -0.660
       0.456	 -0.645
       0.460	 -0.635
       0.464	 -0.615
       0.468	 -0.650
       0.472	 -0.675
       0.476	 -0.645
       0.480	 -0.615
       0.484	 -0.610
       0.488	 -0.640
       0.492	 -0.625
       0.496	 -0.590
       0.500	 -0.585
       0.504	 -0.560
       0.508	 -0.560
       0.512	 -0.545
       0.516	 -0.500
       0.520	 -0.475
       0.524	 -0.445
       0.528	 -0.370
       0.532	 -0.330
       0.536	 -0.320
       0.540	 -0.320
       0.544	 -0.300
       0.548	 -0.270
       0.552	 -0.230
       0.556	 -0.210
       0.560	 -0.200
       0.564	 -0.120
       0.568	 -0.090
       0.572	 -0.100
       0.576	 -0.155
       0.580	 -0.090
       0.584	 -0.075
       0.588	 -0.030
       0.592	 -0.030
       0.596	 -0.035
       0.600	 -0.020
       0.604	 -0.030
       0.608	 -0.025
       0.612	 -0.025
       0.616	  0.025
       0.620	  0.020
       0.624	  0.005
       0.628	  0.010
       0.632	 -0.015
       0.636	  0.005
       0.640	 -0.015
       0.644	 -0.020
       0.648	 -0.035
       0.652	 -0.040
       0.656	 -0.010
       0.660	 -0.015
       0.664	  0.000
       0.668	  0.010
       0.672	  0.005
       0.676	  0.000
       0.680	  0.005
       0.684	 -0.015
       0.688	 -0.045
       0.692	 -0.050
       0.696	 -0.015
       0.700	  0.020
       0.704	  0.015
       0.708	  0.025
       0.712	  0.030
       0.716	  0.030
       0.720	  0.030
       0.724	  0.020
       0.728	  0.020
       0.732	  0.075
       0.736	  0.115
       0.740	  0.125
       0.744	  0.115
       0.748	  0.110
       0.752	  0.095
       0.756	  0.080
       0.760	  0.050
       0.764	  0.060
       0.768	  0.085
       0.772	  0.065
       0.776	  0.030
       0.780	 -0.035
       0.784	 -0.035
       0.788	 -0.010
       0.792	 -0.035
       0.796	 -0.080
       0.800	 -0.055
       0.804	 -0.055
       0.808	 -0.075
       0.812	 -0.075
       0.816	 -0.060
       0.820	 -0.035
       0.824	 -0.050
       0.828	 -0.070
       0.832	 -0.065
       0.836	 -0.060
       0.840	 -0.080
       0.844	 -0.065
       0.848	 -0.050
       0.852	 -0.065
       0.856	 -0.095
       0.860	 -0.100
       0.864	 -0.100
       0.868	 -0.100
       0.872	 -0.090
       0.876	 -0.060
       0.880	 -0.080
       0.884	 -0.065
       0.888	 -0.075
       0.892	 -0.060
       0.896	 -0.065
       0.900	 -0.035
       0.904	 -0.030
       0.908	 -0.005
       0.912	  0.030
       0.916	  0.025
       0.920	  0.030
       0.924	  0.030
       0.928	  0.030
       0.932	  0.030
       0.936	 -0.010
       0.940	  0.010
       0.944	  0.010
       0.948	  0.010
       0.952	 -0.035
       0.956	 -0.065
       0.960	 -0.075
       0.964	 -0.080
       0.968	 -0.080
       0.972	 -0.080
       0.976	 -0.040
       0.980	 -0.080
       0.984	 -0.100
       0.988	 -0.125
       0.992	 -0.110
       0.996	 -0.135
       1.000	 -0.155
       1.004	 -0.175
       1.008	 -0.120
       1.012	 -0.125
       1.016	 -0.105
       1.020	 -0.085
       1.024	 -0.110
       1.028	 -0.165
       1.032	 -0.160
       1.036	 -0.115
       1.040	 -0.065
       1.044	 -0.060
       1.048	 -0.080
       1.052	 -0.050
       1.056	 -0.065
       1.060	 -0.070
       1.064	 -0.050
       1.068	 -0.030
       1.072	 -0.015
       1.076	  0.025
       1.080	  0.060
       1.084	  0.045
       1.088	  0.005
       1.092	 -0.020
       1.096	 -0.025
       1.100	 -0.020
       1.104	  0.015
       1.108	  0.020
       1.112	  0.035
       1.116	 -0.005
       1.120	 -0.020
       1.124	 -0.015
       1.128	  0.005
       1.132	 -0.035
       1.136	 -0.080
       1.140	 -0.085
       1.144	 -0.050
       1.148	 -0.035
       1.152	 -0.025
       1.156	 -0.045
       1.160	 -0.060
       1.164	 -0.065
       1.168	 -0.075
       1.172	 -0.075
       1.176	 -0.070
       1.180	 -0.095
       1.184	 -0.095
       1.188	 -0.075
       1.192	 -0.060
       1.196	 -0.060
       1.200	 -0.025
       1.204	 -0.005
       1.208	 -0.015
       1.212	 -0.010
       1.216	 -0.030
       1.220	 -0.055
       1.224	 -0.030
       1.228	  0.015
       1.232	  0.035
       1.236	  0.065
       1.240	  0.055
       1.244	  0.075
       1.248	  0.080
       1.252	  0.080
       1.256	  0.035
       1.260	  0.030
       1.264	  0.080
       1.268	  0.060
       1.272	  0.085
       1.276	  0.060
       1.280	  0.085
       1.284	  0.080
       1.288	  0.030
       1.292	  0.035
       1.296	  0.020
       1.300	  0.030
       1.304	  0.025
       1.308	 -0.005
       1.312	  0.020
       1.316	  0.035
       1.320	  0.035
       1.324	 -0.040
       1.328	 -0.030
       1.332	 -0.020
       1.336	  0.010
       1.340	  0.035
       1.344	  0.040
       1.348	  0.110
       1.352	  0.175
       1.356	  0.190
       1.360	  0.165
       1.364	  0.195
       1.368	  0.245
       1.372	  0.320
       1.376	  0.460
       1.380	  0.625
       1.384	  0.805
       1.388	  0.945
       1.392	  1.040
       1.396	  1.110
       1.400	  1.155
       1.404	  1.210
       1.408	  1.220
       1.412	  1.245
       1.416	  1.390
       1.420	  1.570
       1.424	  1.645
       1.428	  1.710
       1.432	  1.775
       1.436	  1.855
       1.440	  1.855
       1.444	  1.875
       1.448	  1.815
       1.452	  1.825
       1.456	  1.760
       1.460	  1.640
       1.464	  1.465
       1.468	  1.195
       1.472	  0.855
       1.476	  0.510
       1.480	  0.250
       1.484	  0.090
       1.488	 -0.055
       1.492	 -0.165
       1.496	 -0.205
       1.500	 -0.195
       1.504	 -0.250
       1.508	 -0.265
       1.512	 -0.275
       1.516	 -0.295
       1.520	 -0.315
       1.524	 -0.315
       1.528	 -0.370
       1.532	 -0.330
       1.536	 -0.300
       1.540	 -0.280
       1.544	 -0.290
       1.548	 -0.280
       1.552	 -0.310
       1.556	 -0.310
       1.560	 -0.295
       1.564	 -0.300
       1.568	 -0.275
       1.572	 -0.275
       1.576	 -0.265
       1.580	 -0.300
       1.584	 -0.285
       1.588	 -0.270
       1.592	 -0.295
       1.596	 -0.335
       1.600	 -0.330
       1.604	 -0.320
       1.608	 -0.345
       1.612	 -0.355
       1.616	 -0.390
       1.620	 -0.390
       1.624	 -0.345
       1.628	 -0.380
       1.632	 -0.425
       1.636	 -0.415
       1.640	 -0.400
       1.644	 -0.415
       1.648	 -0.400
       1.652	 -0.380
       1.656	 -0.370
       1.660	 -0.375
       1.664	 -0.410
       1.668	 -0.405
       1.672	 -0.420
       1.676	 -0.415
       1.680	 -0.435
       1.684	 -0.410
       1.688	 -0.395
       1.692	 -0.400
       1.696	 -0.420
       1.700	 -0.465
       1.704	 -0.470
       1.708	 -0.480
       1.712	 -0.455
       1.716	 -0.485
       1.720	 -0.520
       1.724	 -0.510
       1.728	 -0.500
       1.732	 -0.550
       1.736	 -0.570
       1.740	 -0.570
       1.744	 -0.535
       1.748	 -0.570
       1.752	 -0.620
       1.756	 -0.615
       1.760	 -0.560
       1.764	 -0.555
       1.768	 -0.600
       1.772	 -0.635
       1.776	 -0.680
       1.780	 -0.685
       1.784	 -0.670
       1.788	 -0.690
       1.792	 -0.670
       1.796	 -0.650
       1.800	 -0.685
       1.804	 -0.710
       1.808	 -0.725
       1.812	 -0.695
       1.816	 -0.725
       1.820	 -0.740
       1.824	 -0.760
       1.828	 -0.760
       1.832	 -0.720
       1.836	 -0.765
       1.840	 -0.740
       1.844	 -0.715
       1.848	 -0.695
       1.852	 -0.680
       1.856	 -0.625
       1.860	 -0.600
       1.864	 -0.570
       1.868	 -0.605
       1.872	 -0.590
       1.876	 -0.575
       1.880	 -0.545
       1.884	 -0.465
       1.888	 -0.415
       1.892	 -0.375
       1.896	 -0.305
       1.900	 -0.255
       1.904	 -0.235
       1.908	 -0.270
       1.912	 -0.235
       1.916	 -0.170
       1.920	 -0.135
       1.924	 -0.130
       1.928	 -0.085
       1.932	 -0.055
       1.936	 -0.045
       1.940	 -0.065
       1.944	 -0.035
       1.948	 -0.080
       1.952	 -0.045
       1.956	 -0.005
       1.960	  0.025
       1.964	  0.015
       1.968	 -0.015
       1.972	  0.005
       1.976	  0.005
       1.980	 -0.010
       1.984	  0.015
       1.988	 -0.005
       1.992	  0.005
       1.996	  0.030
       2.000	  0.050
       2.004	  0.035
       2.008	  0.015
       2.012	 -0.025
       2.016	 -0.020
       2.020	 -0.040
       2.024	 -0.080
       2.028	 -0.075
       2.032	 -0.105
       2.036	 -0.095
       2.040	 -0.045
       2.044	 -0.030
       2.048	 -0.015
       2.052	  0.005
       2.056	 -0.005
       2.060	 -0.030
       2.064	 -0.020
       2.068	 -0.035
       2.072	 -0.025
       2.076	 -0.020
       2.080	 -0.060
       2.084	 -0.075
       2.088	 -0.095
       2.092	 -0.075
       2.096	 -0.085
       2.100	 -0.100
       2.104	 -0.095
       2.108	 -0.045
       2.112	  0.015
       2.116	  0.005
       2.120	 -0.005
       2.124	  0.005
       2.128	  0.060
       2.132	  0.045
       2.136	  0.025
       2.140	 -0.010
       2.144	  0.015
       2.148	 -0.005
       2.152	 -0.020
       2.156	  0.000
       2.160	 -0.020
       2.164	 -0.055
       2.168	 -0.095
       2.172	 -0.100
       2.176	 -0.070
       2.180	 -0.100
       2.184	 -0.135
       2.188	 -0.125
       2.192	 -0.100
       2.196	 -0.065
       2.200	 -0.065
       2.204	 -0.090
       2.208	 -0.085
       2.212	 -0.070
       2.216	 -0.075
       2.220	 -0.010
       2.224	  0.015
       2.228	  0.010
       2.232	 -0.020
       2.236	 -0.080
       2.240	 -0.075
       2.244	 -0.055
       2.248	 -0.095
       2.252	 -0.095
       2.256	 -0.075
       2.260	 -0.015
       2.264	 -0.015
       2.268	 -0.025
       2.272	 -0.010
       2.276	 -0.015
       2.280	 -0.055
       2.284	 -0.095
       2.288	 -0.095
       2.292	 -0.065
       2.296	 -0.095
       2.300	 -0.135
       2.304	 -0.160
       2.308	 -0.160
       2.312	 -0.150
       2.316	 -0.210
       2.320	 -0.215
       2.324	 -0.200
       2.328	 -0.175
       2.332	 -0.180
       2.336	 -0.210
       2.340	 -0.195
       2.344	 -0.225
       2.348	 -0.210
       2.352	 -0.245
       2.356	 -0.220
       2.360	 -0.215
       2.364	 -0.125
       2.368	 -0.120
       2.372	 -0.115
       2.376	 -0.155
       2.380	 -0.150
       2.384	 -0.085
       2.388	 -0.080
       2.392	 -0.095
       2.396	 -0.110
       2.400	 -0.095
       2.404	 -0.125
       2.408	 -0.075
       2.412	 -0.020
       2.416	  0.020
       2.420	  0.035
       2.424	  0.010
       2.428	 -0.005
       2.432	 -0.005
       2.436	 -0.030
       2.440	 -0.015
       2.444	 -0.035
       2.448	 -0.050
       2.452	 -0.050
       2.456	 -0.060
       2.460	 -0.060
       2.464	 -0.065
       2.468	 -0.070
       2.472	 -0.105
       2.476	 -0.155
       2.480	 -0.160
       2.484	 -0.145
       2.488	 -0.160
       2.492	 -0.155
       2.496	 -0.155
       2.500	 -0.170
       2.504	 -0.175
       2.508	 -0.175
       2.512	 -0.200
       2.516	 -0.160
       2.520	 -0.125
       2.524	 -0.110
       2.528	 -0.085
       2.532	 -0.080
       2.536	 -0.080
       2.540	 -0.035
       2.544	 -0.015
       2.548	 -0.040
       2.552	 -0.045
       2.556	 -0.020
       2.560	 -0.030
       2.564	 -0.005
       2.568	  0.015
       2.572	  0.000
       2.576	 -0.015
       2.580	 -0.015
       2.584	 -0.015
       2.588	  0.025
       2.592	  0.060
       2.596	  0.020
       2.600	 -0.015
       2.604	 -0.010
       2.608	  0.015
       2.612	 -0.005
       2.616	  0.010
       2.620	  0.000
       2.624	 -0.015
       2.628	 -0.025
       2.632	 -0.055
       2.636	 -0.010
       2.640	  0.000
       2.644	 -0.055
       2.648	 -0.030
       2.652	 -0.035
       2.656	 -0.015
       2.660	 -0.010
       2.664	 -0.035
       2.668	 -0.015
       2.672	  0.015
       2.676	  0.030
       2.680	 -0.040
       2.684	 -0.045
       2.688	  0.000
       2.692	  0.065
       2.696	  0.175
       2.700	  0.270
       2.704	  0.470
       2.708	  0.640
       2.712	  0.795
       2.716	  0.890
       2.720	  0.960
       2.724	  0.995
       2.728	  1.080
       2.732	  1.125
       2.736	  1.235
       2.740	  1.355
       2.744	  1.535
       2.748	  1.655
       2.752	  1.730
       2.756	  1.775
       2.760	  1.840
       2.764	  1.905
       2.768	  1.935
       2.772	  1.890
       2.776	  1.865
       2.780	  1.870
       2.784	  1.785
       2.788	  1.590
       2.792	  1.340
       2.796	  0.975
       2.800	  0.600
       2.804	  0.300
       2.808	  0.065
       2.812	 -0.085
       2.816	 -0.170
       2.820	 -0.225
       2.824	 -0.270
       2.828	 -0.300
       2.832	 -0.350
       2.836	 -0.365
       2.840	 -0.360
       2.844	 -0.345
       2.848	 -0.345
       2.852	 -0.390
       2.856	 -0.400
       2.860	 -0.400
       2.864	 -0.430
       2.868	 -0.435
       2.872	 -0.385
       2.876	 -0.360
       2.880	 -0.310
       2.884	 -0.315
       2.888	 -0.320
       2.892	 -0.340
       2.896	 -0.345
       2.900	 -0.305
       2.904	 -0.275
       2.908	 -0.240
       2.912	 -0.280
       2.916	 -0.280
       2.920	 -0.275
       2.924	 -0.325
       2.928	 -0.325
       2.932	 -0.330
       2.936	 -0.330
       2.940	 -0.325
       2.944	 -0.370
       2.948	 -0.375
       2.952	 -0.375
       2.956	 -0.395
       2.960	 -0.405
       2.964	 -0.430
       2.968	 -0.460
       2.972	 -0.460
       2.976	 -0.465
       2.980	 -0.485
       2.984	 -0.460
       2.988	 -0.455
       2.992	 -0.515
       2.996	 -0.545
       3.000	 -0.555
       3.004	 -0.555
       3.008	 -0.565
       3.012	 -0.595
       3.016	 -0.585
       3.020	 -0.520
       3.024	 -0.480
       3.028	 -0.505
       3.032	 -0.495
       3.036	 -0.525
       3.040	 -0.515
       3.044	 -0.525
       3.048	 -0.530
       3.052	 -0.570
       3.056	 -0.565
       3.060	 -0.515
       3.064	 -0.500
       3.068	 -0.535
       3.072	 -0.530
       3.076	 -0.490
       3.080	 -0.475
       3.084	 -0.505
       3.088	 -0.495
       3.092	 -0.470
       3.096	 -0.510
       3.100	 -0.535
       3.104	 -0.585
       3.108	 -0.600
       3.112	 -0.580
       3.116	 -0.600
       3.120	 -0.635
       3.124	 -0.690
       3.128	 -0.685
       3.132	 -0.610
       3.136	 -0.645
       3.140	 -0.705
       3.144	 -0.745
       3.148	 -0.755
       3.152	 -0.735
       3.156	 -0.735
       3.160	 -0.725
       3.164	 -0.720
       3.168	 -0.725
       3.172	 -0.710
       3.176	 -0.705
       3.180	 -0.685
       3.184	 -0.685
       3.188	 -0.670
       3.192	 -0.650
       3.196	 -0.585
       3.200	 -0.570
       3.204	 -0.555
       3.208	 -0.560
       3.212	 -0.545
       3.216	 -0.515
       3.220	 -0.485
       3.224	 -0.420
       3.228	 -0.365
       3.232	 -0.295
       3.236	 -0.280
       3.240	 -0.265
       3.244	 -0.260
       3.248	 -0.195
       3.252	 -0.175
       3.256	 -0.125
       3.260	 -0.125
       3.264	 -0.105
       3.268	 -0.040
       3.272	 -0.015
       3.276	 -0.020
       3.280	 -0.025
       3.284	 -0.030
       3.288	  0.035
       3.292	  0.030
       3.296	  0.050
       3.300	  0.060
       3.304	  0.095
       3.308	  0.065
       3.312	  0.045
       3.316	  0.080
       3.320	  0.080
       3.324	  0.080
       3.328	  0.030
       3.332	  0.045
       3.336	  0.030
       3.340	  0.020
       3.344	 -0.005
       3.348	 -0.025
       3.352	 -0.040
       3.356	 -0.005
       3.360	  0.060
       3.364	  0.040
       3.368	  0.050
       3.372	  0.050
       3.376	  0.070
       3.380	  0.070
       3.384	  0.035
       3.388	  0.020
       3.392	 -0.015
       3.396	  0.020
       3.400	  0.060
       3.404	  0.060
       3.408	  0.060
       3.412	  0.050
       3.416	  0.020
       3.420	  0.025
       3.424	  0.015
       3.428	  0.010
       3.432	  0.015
       3.436	  0.070
       3.440	  0.060
       3.444	  0.060
       3.448	  0.050
       3.452	  0.035
       3.456	  0.015
       3.460	  0.000
       3.464	 -0.005
       3.468	 -0.005
       3.472	  0.025
       3.476	  0.025
       3.480	  0.010
       3.484	  0.020
       3.488	 -0.005
       3.492	  0.020
       3.496	  0.055
       3.500	  0.030
       3.504	  0.005
       3.508	  0.010
       3.512	  0.025
       3.516	  0.005
       3.520	 -0.055
       3.524	 -0.055
       3.528	  0.000
       3.532	 -0.030
       3.536	 -0.050
       3.540	 -0.050
       3.544	 -0.005
       3.548	 -0.010
       3.552	 -0.025
       3.556	 -0.055
       3.560	 -0.045
       3.564	 -0.005
       3.568	  0.010
       3.572	  0.015
       3.576	  0.030
       3.580	  0.040
       3.584	  0.010
       3.588	  0.040
       3.592	  0.010
       3.596	  0.010
       3.600	  0.025
       3.604	  0.010
       3.608	 -0.025
       3.612	  0.005
       3.616	  0.010
       3.620	 -0.005
       3.624	 -0.030
       3.628	 -0.055
       3.632	 -0.020
       3.636	 -0.020
       3.640	  0.015
       3.644	  0.020
       3.648	  0.040
       3.652	  0.050
       3.656	 -0.010
       3.660	 -0.020
       3.664	 -0.045
       3.668	 -0.040
       3.672	 -0.030
       3.676	 -0.055
       3.680	 -0.045
       3.684	 -0.025
       3.688	 -0.050
       3.692	 -0.025
       3.696	 -0.010
       3.700	 -0.020
       3.704	 -0.055
       3.708	 -0.065
       3.712	 -0.065
       3.716	 -0.045
       3.720	 -0.060
       3.724	 -0.075
       3.728	 -0.040
       3.732	 -0.035
       3.736	 -0.045
       3.740	 -0.005
       3.744	  0.005
       3.748	  0.030
       3.752	  0.015
       3.756	 -0.020
       3.760	 -0.015
       3.764	 -0.010
       3.768	 -0.015
       3.772	 -0.030
       3.776	 -0.015
       3.780	 -0.005
       3.784	  0.000
       3.788	  0.010
       3.792	 -0.045
       3.796	 -0.075
       3.800	 -0.065
       3.804	  0.010
       3.808	  0.020
       3.812	 -0.015
       3.816	 -0.020
       3.820	 -0.015
       3.824	 -0.060
       3.828	 -0.085
       3.832	 -0.085
       3.836	 -0.020
       3.840	  0.030
       3.844	 -0.005
       3.848	 -0.040
       3.852	 -0.050
       3.856	 -0.025
       3.860	 -0.025
       3.864	 -0.045
       3.868	 -0.040
       3.872	 -0.030
       3.876	 -0.040
       3.880	 -0.035
       3.884	 -0.110
       3.888	 -0.085
       3.892	 -0.080
       3.896	 -0.030
       3.900	  0.030
       3.904	  0.045
       3.908	  0.025
       3.912	  0.060
       3.916	  0.075
       3.920	  0.090
       3.924	  0.060
       3.928	  0.050
       3.932	  0.060
       3.936	  0.045
       3.940	  0.015
       3.944	  0.015
       3.948	  0.005
       3.952	  0.040
       3.956	  0.045
       3.960	  0.015
       3.964	  0.025
       3.968	 -0.025
       3.972	 -0.035
       3.976	 -0.065
       3.980	 -0.055
       3.984	 -0.035
       3.988	 -0.010
       3.992	 -0.050
       3.996	 -0.050
       4.000	 -0.020
       4.004	  0.020
       4.008	  0.030
       4.012	  0.030
       4.016	  0.030
       4.020	  0.070
       4.024	  0.060
       4.028	  0.100
       4.032	  0.095
       4.036	  0.120
       4.040	  0.160
       4.044	  0.165
       4.048	  0.220
       4.052	  0.325
       4.056	  0.435
       4.060	  0.640
       4.064	  0.800
       4.068	  0.925
       4.072	  1.065
       4.076	  1.160
       4.080	  1.180
       4.084	  1.150
       4.088	  1.185
       4.092	  1.270
       4.096	  1.370
       4.100	  1.470
       4.104	  1.555
       4.108	  1.645
       4.112	  1.730
       4.116	  1.765
       4.120	  1.870
       4.124	  1.945
       4.128	  1.895
       4.132	  1.850
       4.136	  1.775
       4.140	  1.660
       4.144	  1.505
       4.148	  1.190
       4.152	  0.845
       4.156	  0.515
       4.160	  0.260
       4.164	  0.060
       4.168	 -0.060
       4.172	 -0.115
       4.176	 -0.130
       4.180	 -0.155
       4.184	 -0.175
       4.188	 -0.210
       4.192	 -0.215
       4.196	 -0.230
       4.200	 -0.260
       4.204	 -0.230
       4.208	 -0.225
       4.212	 -0.215
       4.216	 -0.240
       4.220	 -0.240
       4.224	 -0.230
       4.228	 -0.255
       4.232	 -0.325
       4.236	 -0.320
       4.240	 -0.290
       4.244	 -0.275
       4.248	 -0.285
       4.252	 -0.300
       4.256	 -0.315
       4.260	 -0.265
       4.264	 -0.295
       4.268	 -0.360
       4.272	 -0.385
       4.276	 -0.375
       4.280	 -0.355
       4.284	 -0.375
       4.288	 -0.365
       4.292	 -0.335
       4.296	 -0.385
       4.300	 -0.435
       4.304	 -0.420
       4.308	 -0.380
       4.312	 -0.365
       4.316	 -0.385
       4.320	 -0.360
       4.324	 -0.325
       4.328	 -0.335
       4.332	 -0.380
       4.336	 -0.380
       4.340	 -0.355
       4.344	 -0.360
       4.348	 -0.370
       4.352	 -0.325
       4.356	 -0.340
       4.360	 -0.365
       4.364	 -0.380
       4.368	 -0.375
       4.372	 -0.425
       4.376	 -0.425
       4.380	 -0.445
       4.384	 -0.415
       4.388	 -0.430
       4.392	 -0.380
       4.396	 -0.395
       4.400	 -0.450
       4.404	 -0.495
       4.408	 -0.505
       4.412	 -0.495
       4.416	 -0.550
       4.420	 -0.595
       4.424	 -0.595
       4.428	 -0.630
       4.432	 -0.615
       4.436	 -0.610
       4.440	 -0.640
       4.444	 -0.625
       4.448	 -0.640
       4.452	 -0.650
       4.456	 -0.640
       4.460	 -0.640
       4.464	 -0.630
       4.468	 -0.680
       4.472	 -0.695
       4.476	 -0.655
       4.480	 -0.630
       4.484	 -0.615
       4.488	 -0.660
       4.492	 -0.635
       4.496	 -0.650
       4.500	 -0.665
       4.504	 -0.715
       4.508	 -0.655
       4.512	 -0.635
       4.516	 -0.620
       4.520	 -0.630
       4.524	 -0.590
       4.528	 -0.610
       4.532	 -0.635
       4.536	 -0.600
       4.540	 -0.550
       4.544	 -0.540
       4.548	 -0.570
       4.552	 -0.530
       4.556	 -0.475
       4.560	 -0.480
       4.564	 -0.475
       4.568	 -0.410
       4.572	 -0.355
       4.576	 -0.305
       4.580	 -0.285
       4.584	 -0.290
       4.588	 -0.250
       4.592	 -0.235
       4.596	 -0.180
       4.600	 -0.115
       4.604	 -0.125
       4.608	 -0.120
       4.612	 -0.085
       4.616	 -0.040
       4.620	 -0.025
       4.624	 -0.010
       4.628	  0.005
       4.632	 -0.020
       4.636	 -0.085
       4.640	 -0.045
       4.644	  0.015
       4.648	 -0.025
       4.652	 -0.075
       4.656	 -0.060
       4.660	 -0.030
       4.664	 -0.050
       4.668	 -0.085
       4.672	 -0.055
       4.676	 -0.085
       4.680	 -0.075
       4.684	 -0.070
       4.688	 -0.100
       4.692	 -0.085
       4.696	 -0.120
       4.700	 -0.140
       4.704	 -0.150
       4.708	 -0.135
       4.712	 -0.125
       4.716	 -0.145
       4.720	 -0.155
       4.724	 -0.130
       4.728	 -0.095
       4.732	 -0.135
       4.736	 -0.130
       4.740	 -0.090
       4.744	 -0.105
       4.748	 -0.115
       4.752	 -0.080
       4.756	 -0.085
       4.760	 -0.125
       4.764	 -0.140
       4.768	 -0.125
       4.772	 -0.050
       4.776	 -0.040
       4.780	 -0.055
       4.784	 -0.060
       4.788	 -0.050
       4.792	 -0.050
       4.796	 -0.070
       4.800	 -0.080
       4.804	 -0.065
       4.808	 -0.055
       4.812	 -0.065
       4.816	 -0.085
       4.820	 -0.085
       4.824	 -0.075
       4.828	 -0.095
       4.832	 -0.105
       4.836	 -0.135
       4.840	 -0.120
       4.844	 -0.100
       4.848	 -0.090
       4.852	 -0.145
       4.856	 -0.135
       4.860	 -0.095
       4.864	 -0.085
       4.868	 -0.090
       4.872	 -0.125
       4.876	 -0.125
       4.880	 -0.100
       4.884	 -0.115
       4.888	 -0.140
       4.892	 -0.100
       4.896	 -0.115
       4.900	 -0.170
       4.904	 -0.175
       4.908	 -0.165
       4.912	 -0.140
       4.916	 -0.130
       4.920	 -0.110
       4.924	 -0.135
       4.928	 -0.145
       4.932	 -0.135
       4.936	 -0.130
       4.940	 -0.135
       4.944	 -0.165
       4.948	 -0.145
       4.952	 -0.145
       4.956	 -0.185
       4.960	 -0.175
       4.964	 -0.175
       4.968	 -0.185
       4.972	 -0.195
       4.976	 -0.190
       4.980	 -0.145
       4.984	 -0.085
       4.988	 -0.095
       4.992	 -0.100
       4.996	 -0.065
       5.000	 -0.090
       5.004	 -0.100
       5.008	 -0.100
       5.012	 -0.125
       5.016	 -0.100
       5.020	 -0.080
       5.024	 -0.070
       5.028	 -0.100
       5.032	 -0.155
       5.036	 -0.170
       5.040	 -0.170
       5.044	 -0.180
       5.048	 -0.220
       5.052	 -0.235
       5.056	 -0.185
       5.060	 -0.185
       5.064	 -0.195
       5.068	 -0.205
       5.072	 -0.195
       5.076	 -0.175
       5.080	 -0.135
       5.084	 -0.140
       5.088	 -0.135
       5.092	 -0.125
       5.096	 -0.135
       5.100	 -0.175
       5.104	 -0.150
       5.108	 -0.190
       5.112	 -0.180
       5.116	 -0.195
       5.120	 -0.170
       5.124	 -0.130
       5.128	 -0.140
       5.132	 -0.145
       5.136	 -0.105
       5.140	 -0.105
       5.144	 -0.105
       5.148	 -0.130
       5.152	 -0.140
       5.156	 -0.155
       5.160	 -0.145
       5.164	 -0.100
       5.168	 -0.095
       5.172	 -0.100
       5.176	 -0.065
       5.180	 -0.035
       5.184	 -0.030
       5.188	 -0.065
       5.192	 -0.055
       5.196	 -0.055
       5.200	 -0.075
       5.204	 -0.120
       5.208	 -0.115
       5.212	 -0.075
       5.216	 -0.065
       5.220	 -0.110
       5.224	 -0.095
       5.228	 -0.080
       5.232	 -0.080
       5.236	 -0.080
       5.240	 -0.060
       5.244	 -0.060
       5.248	 -0.070
       5.252	 -0.065
       5.256	 -0.095
       5.260	 -0.100
       5.264	 -0.065
       5.268	 -0.050
       5.272	 -0.055
       5.276	 -0.060
       5.280	 -0.045
       5.284	  0.000
       5.288	  0.015
       5.292	  0.025
       5.296	  0.035
       5.300	  0.040
       5.304	  0.045
       5.308	  0.010
       5.312	  0.005
       5.316	  0.000
       5.320	 -0.050
       5.324	 -0.070
       5.328	 -0.030
       5.332	 -0.010
       5.336	  0.020
       5.340	  0.015
       5.344	 -0.025
       5.348	  0.010
       5.352	  0.015
       5.356	  0.065
       5.360	  0.120
       5.364	  0.145
       5.368	  0.240
       5.372	  0.390
       5.376	  0.600
       5.380	  0.725
       5.384	  0.815
       5.388	  0.920
       5.392	  1.005
       5.396	  1.040
       5.400	  1.065
       5.404	  1.100
       5.408	  1.205
       5.412	  1.320
       5.416	  1.435
       5.420	  1.565
       5.424	  1.665
       5.428	  1.755
       5.432	  1.800
       5.436	  1.810
       5.440	  1.820
       5.444	  1.795
       5.448	  1.750
       5.452	  1.695
       5.456	  1.535
       5.460	  1.285
       5.464	  0.890
       5.468	  0.540
       5.472	  0.340
       5.476	  0.135
       5.480	 -0.010
       5.484	 -0.115
       5.488	 -0.160
       5.492	 -0.225
       5.496	 -0.215
       5.500	 -0.240
       5.504	 -0.240
       5.508	 -0.280
       5.512	 -0.290
       5.516	 -0.305
       5.520	 -0.335
       5.524	 -0.330
       5.528	 -0.355
       5.532	 -0.355
       5.536	 -0.335
       5.540	 -0.380
       5.544	 -0.390
       5.548	 -0.440
       5.552	 -0.450
       5.556	 -0.440
       5.560	 -0.420
       5.564	 -0.435
       5.568	 -0.420
       5.572	 -0.415
       5.576	 -0.425
       5.580	 -0.455
       5.584	 -0.455
       5.588	 -0.415
       5.592	 -0.400
       5.596	 -0.390
       5.600	 -0.385
       5.604	 -0.390
       5.608	 -0.380
       5.612	 -0.365
       5.616	 -0.375
       5.620	 -0.375
       5.624	 -0.385
       5.628	 -0.420
       5.632	 -0.415
       5.636	 -0.420
       5.640	 -0.405
       5.644	 -0.365
       5.648	 -0.440
       5.652	 -0.490
       5.656	 -0.515
       5.660	 -0.500
       5.664	 -0.515
       5.668	 -0.565
       5.672	 -0.505
       5.676	 -0.490
       5.680	 -0.500
       5.684	 -0.560
       5.688	 -0.575
       5.692	 -0.525
       5.696	 -0.535
       5.700	 -0.600
       5.704	 -0.615
       5.708	 -0.600
       5.712	 -0.610
       5.716	 -0.640
       5.720	 -0.615
       5.724	 -0.580
       5.728	 -0.585
       5.732	 -0.615
       5.736	 -0.560
       5.740	 -0.535
       5.744	 -0.530
       5.748	 -0.595
       5.752	 -0.625
       5.756	 -0.655
       5.760	 -0.650
       5.764	 -0.650
       5.768	 -0.665
       5.772	 -0.695
       5.776	 -0.660
       5.780	 -0.675
       5.784	 -0.680
       5.788	 -0.710
       5.792	 -0.705
       5.796	 -0.750
       5.800	 -0.765
       5.804	 -0.750
       5.808	 -0.775
       5.812	 -0.770
       5.816	 -0.755
       5.820	 -0.795
       5.824	 -0.785
       5.828	 -0.815
       5.832	 -0.780
       5.836	 -0.730
       5.840	 -0.685
       5.844	 -0.660
       5.848	 -0.680
       5.852	 -0.665
       5.856	 -0.650
       5.860	 -0.640
       5.864	 -0.605
       5.868	 -0.595
       5.872	 -0.570
       5.876	 -0.570
       5.880	 -0.500
       5.884	 -0.490
       5.888	 -0.475
       5.892	 -0.490
       5.896	 -0.465
       5.900	 -0.440
       5.904	 -0.375
       5.908	 -0.350
       5.912	 -0.330
       5.916	 -0.270
       5.920	 -0.240
       5.924	 -0.220
       5.928	 -0.190
       5.932	 -0.170
       5.936	 -0.160
       5.940	 -0.135
       5.944	 -0.145
       5.948	 -0.150
       5.952	 -0.125
       5.956	 -0.080
       5.960	 -0.050
       5.964	 -0.040
       5.968	 -0.030
       5.972	 -0.020
       5.976	 -0.025
       5.980	 -0.095
       5.984	 -0.055
       5.988	  0.010
       5.992	 -0.025
       5.996	 -0.080
       6.000	 -0.080
       6.004	  0.000
       6.008	 -0.035
       6.012	 -0.085
       6.016	 -0.070
       6.020	 -0.060
       6.024	 -0.060
       6.028	 -0.070
       6.032	 -0.050
       6.036	 -0.040
       6.040	 -0.095
       6.044	 -0.035
       6.048	 -0.005
       6.052	 -0.025
       6.056	 -0.065
       6.060	 -0.080
       6.064	 -0.070
       6.068	 -0.075
       6.072	 -0.110
       6.076	 -0.110
       6.080	 -0.105
       6.084	 -0.095
       6.088	 -0.085
       6.092	 -0.085
       6.096	 -0.080
       6.100	 -0.090
       6.104	 -0.150
       6.108	 -0.175
       6.112	 -0.140
       6.116	 -0.080
       6.120	 -0.085
       6.124	 -0.100
       6.128	 -0.145
       6.132	 -0.145
       6.136	 -0.160
       6.140	 -0.160
       6.144	 -0.080
       6.148	 -0.045
       6.152	 -0.045
       6.156	 -0.045
       6.160	 -0.050
       6.164	 -0.085
       6.168	 -0.085
       6.172	 -0.080
       6.176	 -0.090
       6.180	 -0.080
       6.184	 -0.105
       6.188	 -0.075
       6.192	 -0.070
       6.196	 -0.110
       6.200	 -0.095
       6.204	 -0.110
       6.208	 -0.075
       6.212	 -0.075
       6.216	 -0.080
       6.220	 -0.085
       6.224	 -0.095
       6.228	 -0.095
       6.232	 -0.115
       6.236	 -0.130
       6.240	 -0.105
       6.244	 -0.100
       6.248	 -0.100
       6.252	 -0.085
       6.256	 -0.055
       6.260	 -0.020
       6.264	 -0.015
       6.268	 -0.025
       6.272	 -0.050
       6.276	 -0.065
       6.280	 -0.045
       6.284	 -0.010
       6.288	 -0.050
       6.292	 -0.055
       6.296	 -0.030
       6.300	 -0.015
       6.304	 -0.015
       6.308	 -0.065
       6.312	 -0.085
       6.316	 -0.070
       6.320	 -0.050
       6.324	 -0.035
       6.328	 -0.010
       6.332	 -0.065
       6.336	 -0.065
       6.340	 -0.030
       6.344	 -0.080
       6.348	 -0.080
       6.352	 -0.095
       6.356	 -0.090
       6.360	 -0.100
       6.364	 -0.130
       6.368	 -0.095
       6.372	 -0.080
       6.376	 -0.085
       6.380	 -0.095
       6.384	 -0.095
       6.388	 -0.100
       6.392	 -0.110
       6.396	 -0.090
       6.400	 -0.095
       6.404	 -0.110
       6.408	 -0.105
       6.412	 -0.015
       6.416	  0.005
       6.420	 -0.015
       6.424	 -0.030
       6.428	 -0.010
       6.432	 -0.010
       6.436	 -0.020
       6.440	 -0.020
       6.444	 -0.050
       6.448	 -0.090
       6.452	 -0.125
       6.456	 -0.080
       6.460	 -0.030
       6.464	  0.020
       6.468	  0.005
       6.472	 -0.025
       6.476	 -0.030
       6.480	 -0.035
       6.484	 -0.065
       6.488	 -0.095
       6.492	 -0.080
       6.496	 -0.070
       6.500	 -0.085
       6.504	 -0.095
       6.508	 -0.100
       6.512	 -0.065
       6.516	 -0.120
       6.520	 -0.135
       6.524	 -0.065
       6.528	 -0.025
       6.532	 -0.040
       6.536	 -0.075
       6.540	 -0.045
       6.544	  0.025
       6.548	  0.045
       6.552	  0.040
       6.556	  0.040
       6.560	  0.060
       6.564	  0.045
       6.568	  0.065
       6.572	  0.030
       6.576	  0.050
       6.580	  0.025
       6.584	 -0.015
       6.588	 -0.005
       6.592	  0.010
       6.596	  0.035
       6.600	  0.040
       6.604	  0.040
       6.608	  0.045
       6.612	  0.035
       6.616	  0.030
       6.620	  0.020
       6.624	  0.010
       6.628	 -0.040
       6.632	  0.005
       6.636	  0.025
       6.640	  0.010
       6.644	 -0.045
       6.648	 -0.010
       6.652	  0.055
       6.656	  0.055
       6.660	  0.030
       6.664	  0.005
       6.668	  0.005
       6.672	  0.035
       6.676	  0.020
       6.680	  0.005
       6.684	  0.005
       6.688	 -0.045
       6.692	 -0.005
       6.696	  0.110
       6.700	  0.185
       6.704	  0.185
       6.708	  0.260
       6.712	  0.465
       6.716	  0.700
       6.720	  0.850
       6.724	  1.000
       6.728	  1.140
       6.732	  1.175
       6.736	  1.160
       6.740	  1.170
       6.744	  1.255
       6.748	  1.345
       6.752	  1.470
       6.756	  1.570
       6.760	  1.680
       6.764	  1.750
       6.768	  1.730
       6.772	  1.770
       6.776	  1.830
       6.780	  1.805
       6.784	  1.760
       6.788	  1.740
       6.792	  1.645
       6.796	  1.460
       6.800	  1.180
       6.804	  0.840
       6.808	  0.510
       6.812	  0.230
       6.816	  0.000
       6.820	 -0.125
       6.824	 -0.225
       6.828	 -0.255
       6.832	 -0.250
       6.836	 -0.250
       6.840	 -0.260
       6.844	 -0.325
       6.848	 -0.335
       6.852	 -0.325
       6.856	 -0.330
       6.860	 -0.325
       6.864	 -0.325
       6.868	 -0.340
       6.872	 -0.355
       6.876	 -0.345
       6.880	 -0.355
       6.884	 -0.395
       6.888	 -0.410
       6.892	 -0.385
       6.896	 -0.375
       6.900	 -0.415
       6.904	 -0.415
       6.908	 -0.375
       6.912	 -0.345
       6.916	 -0.375
       6.920	 -0.425
       6.924	 -0.440
       6.928	 -0.400
       6.932	 -0.410
       6.936	 -0.445
       6.940	 -0.470
       6.944	 -0.450
       6.948	 -0.450
       6.952	 -0.435
       6.956	 -0.425
       6.960	 -0.405
       6.964	 -0.425
       6.968	 -0.410
       6.972	 -0.400
       6.976	 -0.405
       6.980	 -0.415
       6.984	 -0.410
       6.988	 -0.435
       6.992	 -0.440
       6.996	 -0.435
       7.000	 -0.390
       7.004	 -0.390
       7.008	 -0.425
       7.012	 -0.400
       7.016	 -0.390
       7.020	 -0.380
       7.024	 -0.405
       7.028	 -0.390
       7.032	 -0.405
       7.036	 -0.435
       7.040	 -0.480
       7.044	 -0.495
       7.048	 -0.510
       7.052	 -0.515
       7.056	 -0.540
       7.060	 -0.550
       7.064	 -0.535
       7.068	 -0.570
       7.072	 -0.595
       7.076	 -0.600
       7.080	 -0.615
       7.084	 -0.655
       7.088	 -0.700
       7.092	 -0.755
       7.096	 -0.735
       7.100	 -0.650
       7.104	 -0.640
       7.108	 -0.705
       7.112	 -0.735
       7.116	 -0.765
       7.120	 -0.720
       7.124	 -0.745
       7.128	 -0.745
       7.132	 -0.740
       7.136	 -0.735
       7.140	 -0.750
       7.144	 -0.730
       7.148	 -0.685
       7.152	 -0.710
       7.156	 -0.685
       7.160	 -0.665
       7.164	 -0.655
       7.168	 -0.620
       7.172	 -0.595
       7.176	 -0.585
       7.180	 -0.560
       7.184	 -0.535
       7.188	 -0.535
       7.192	 -0.535
       7.196	 -0.510
       7.200	 -0.485
       7.204	 -0.475
       7.208	 -0.480
       7.212	 -0.490
       7.216	 -0.475
       7.220	 -0.400
       7.224	 -0.375
       7.228	 -0.365
       7.232	 -0.360
       7.236	 -0.305
       7.240	 -0.285
       7.244	 -0.295
       7.248	 -0.320
       7.252	 -0.290
       7.256	 -0.300
       7.260	 -0.275
       7.264	 -0.240
       7.268	 -0.180
       7.272	 -0.095
       7.276	 -0.120
       7.280	 -0.160
       7.284	 -0.165
       7.288	 -0.115
       7.292	 -0.100
       7.296	 -0.090
       7.300	 -0.065
       7.304	 -0.025
       7.308	  0.015
       7.312	 -0.005
       7.316	 -0.030
       7.320	 -0.030
       7.324	 -0.035
       7.328	 -0.005
       7.332	  0.010
       7.336	 -0.005
       7.340	 -0.030
       7.344	 -0.025
       7.348	 -0.010
       7.352	 -0.005
       7.356	 -0.020
       7.360	 -0.025
       7.364	 -0.005
       7.368	  0.010
       7.372	 -0.035
       7.376	 -0.065
       7.380	 -0.090
       7.384	 -0.100
       7.388	 -0.075
       7.392	 -0.035
       7.396	 -0.030
       7.400	 -0.045
       7.404	 -0.035
       7.408	  0.000
       7.412	 -0.015
       7.416	  0.000
       7.420	 -0.030
       7.424	 -0.050
       7.428	 -0.040
       7.432	 -0.080
       7.436	 -0.070
       7.440	 -0.095
       7.444	 -0.100
       7.448	 -0.025
       7.452	 -0.020
       7.456	  0.000
       7.460	  0.015
       7.464	  0.025
       7.468	  0.015
       7.472	 -0.045
       7.476	 -0.035
       7.480	 -0.040
       7.484	 -0.025
       7.488	 -0.065
       7.492	 -0.090
       7.496	 -0.060
       7.500	 -0.055
       7.504	 -0.065
       7.508	 -0.035
       7.512	 -0.025
       7.516	 -0.015
       7.520	 -0.075
       7.524	 -0.065
       7.528	 -0.050
       7.532	 -0.075
       7.536	 -0.100
       7.540	 -0.095
       7.544	 -0.100
       7.548	 -0.065
       7.552	 -0.035
       7.556	 -0.005
       7.560	 -0.025
       7.564	 -0.050
       7.568	 -0.040
       7.572	 -0.055
       7.576	 -0.020
       7.580	 -0.035
       7.584	 -0.035
       7.588	 -0.045
       7.592	 -0.085
       7.596	 -0.090
       7.600	 -0.030
       7.604	 -0.045
       7.608	 -0.035
       7.612	 -0.060
       7.616	 -0.055
       7.620	 -0.075
       7.624	 -0.075
       7.628	 -0.075
       7.632	 -0.075
       7.636	 -0.035
       7.640	 -0.010
       7.644	 -0.030
       7.648	 -0.050
       7.652	 -0.060
       7.656	 -0.055
       7.660	 -0.065
       7.664	 -0.045
       7.668	 -0.055
       7.672	 -0.030
       7.676	 -0.025
       7.680	 -0.055
       7.684	 -0.065
       7.688	 -0.080
       7.692	 -0.075
       7.696	 -0.065
       7.700	 -0.080
       7.704	 -0.035
       7.708	 -0.065
       7.712	 -0.075
       7.716	 -0.105
       7.720	 -0.130
       7.724	 -0.165
       7.728	 -0.175
       7.732	 -0.130
       7.736	 -0.065
       7.740	 -0.050
       7.744	 -0.075
       7.748	 -0.060
       7.752	 -0.070
       7.756	 -0.075
       7.760	 -0.090
       7.764	 -0.080
       7.768	 -0.125
       7.772	 -0.125
       7.776	 -0.110
       7.780	 -0.085
       7.784	 -0.075
       7.788	 -0.045
       7.792	 -0.030
       7.796	 -0.035
       7.800	 -0.040
       7.804	 -0.055
       7.808	 -0.075
       7.812	 -0.050
       7.816	 -0.060
       7.820	 -0.010
       7.824	 -0.005
       7.828	 -0.010
       7.832	  0.030
       7.836	  0.045
       7.840	  0.030
       7.844	  0.030
       7.848	  0.025
       7.852	  0.055
       7.856	  0.035
       7.860	 -0.035
       7.864	 -0.020
       7.868	  0.005
       7.872	 -0.010
       7.876	 -0.040
       7.880	 -0.040
       7.884	 -0.030
       7.888	 -0.020
       7.892	 -0.035
       7.896	 -0.045
       7.900	 -0.030
       7.904	 -0.115
       7.908	 -0.120
       7.912	 -0.065
       7.916	 -0.025
       7.920	 -0.015
       7.924	 -0.075
       7.928	 -0.065
       7.932	 -0.045
       7.936	 -0.035
       7.940	 -0.055
       7.944	 -0.060
       7.948	 -0.065
       7.952	 -0.050
       7.956	 -0.060
       7.960	 -0.055
       7.964	 -0.010
       7.968	 -0.045
       7.972	 -0.010
       7.976	  0.025
       7.980	  0.050
       7.984	  0.010
       7.988	 -0.015
       7.992	  0.035
       7.996	  0.040
       8.000	  0.055
       8.004	  0.040
       8.008	  0.100
       8.012	  0.145
       8.016	  0.095
       8.020	  0.075
       8.024	  0.115
       8.028	  0.100
       8.032	  0.100
       8.036	  0.090
       8.040	  0.105
       8.044	  0.135
       8.048	  0.165
       8.052	  0.215
       8.056	  0.385
       8.060	  0.570
       8.064	  0.740
       8.068	  0.840
       8.072	  0.910
       8.076	  0.990
       8.080	  1.040
       8.084	  1.105
       8.088	  1.150
       8.092	  1.175
       8.096	  1.270
       8.100	  1.405
       8.104	  1.530
       8.108	  1.645
       8.112	  1.740
       8.116	  1.785
       8.120	  1.860
       8.124	  1.880
       8.128	  1.870
       8.132	  1.830
       8.136	  1.840
       8.140	  1.765
       8.144	  1.660
       8.148	  1.430
       8.152	  1.110
       8.156	  0.740
       8.160	  0.425
       8.164	  0.220
       8.168	  0.070
       8.172	 -0.035
       8.176	 -0.080
       8.180	 -0.105
       8.184	 -0.170
       8.188	 -0.220
       8.192	 -0.245
       8.196	 -0.270
       8.200	 -0.280
       8.204	 -0.290
       8.208	 -0.340
       8.212	 -0.300
       8.216	 -0.285
       8.220	 -0.305
       8.224	 -0.335
       8.228	 -0.345
       8.232	 -0.320
       8.236	 -0.300
       8.240	 -0.350
       8.244	 -0.320
       8.248	 -0.295
       8.252	 -0.280
       8.256	 -0.305
       8.260	 -0.325
       8.264	 -0.315
       8.268	 -0.340
       8.272	 -0.355
       8.276	 -0.345
       8.280	 -0.330
       8.284	 -0.295
       8.288	 -0.305
       8.292	 -0.310
       8.296	 -0.325
       8.300	 -0.290
       8.304	 -0.295
       8.308	 -0.335
       8.312	 -0.365
       8.316	 -0.370
       8.320	 -0.400
       8.324	 -0.445
       8.328	 -0.440
       8.332	 -0.405
       8.336	 -0.390
       8.340	 -0.415
       8.344	 -0.410
       8.348	 -0.410
       8.352	 -0.405
       8.356	 -0.440
       8.360	 -0.445
       8.364	 -0.445
       8.368	 -0.395
       8.372	 -0.355
       8.376	 -0.330
       8.380	 -0.330
       8.384	 -0.365
       8.388	 -0.375
       8.392	 -0.445
       8.396	 -0.510
       8.400	 -0.480
       8.404	 -0.385
       8.408	 -0.390
       8.412	 -0.405
       8.416	 -0.355
       8.420	 -0.335
       8.424	 -0.355
       8.428	 -0.420
       8.432	 -0.480
       8.436	 -0.475
       8.440	 -0.495
       8.444	 -0.530
       8.448	 -0.515
       8.452	 -0.530
       8.456	 -0.535
       8.460	 -0.560
       8.464	 -0.560
       8.468	 -0.590
       8.472	 -0.615
       8.476	 -0.650
       8.480	 -0.660
       8.484	 -0.675
       8.488	 -0.755
       8.492	 -0.770
       8.496	 -0.765
       8.500	 -0.785
       8.504	 -0.740
       8.508	 -0.710
       8.512	 -0.725
       8.516	 -0.720
       8.520	 -0.655
       8.524	 -0.620
       8.528	 -0.570
       8.532	 -0.565
       8.536	 -0.570
       8.540	 -0.595
       8.544	 -0.555
       8.548	 -0.525
       8.552	 -0.495
       8.556	 -0.475
       8.560	 -0.445
       8.564	 -0.425
       8.568	 -0.405
       8.572	 -0.390
       8.576	 -0.325
       8.580	 -0.325
       8.584	 -0.315
       8.588	 -0.245
       8.592	 -0.190
       8.596	 -0.165
       8.600	 -0.145
       8.604	 -0.140
       8.608	 -0.115
       8.612	 -0.050
       8.616	 -0.005
       8.620	 -0.005
       8.624	 -0.020
       8.628	  0.000
       8.632	  0.010
       8.636	  0.055
       8.640	  0.040
       8.644	  0.045
       8.648	  0.020
       8.652	 -0.005
       8.656	  0.015
       8.660	  0.025
       8.664	  0.020
       8.668	  0.000
       8.672	  0.055
       8.676	  0.110
       8.680	  0.080
       8.684	  0.050
       8.688	  0.050
       8.692	  0.040
       8.696	  0.055
       8.700	  0.045
       8.704	  0.045
       8.708	  0.080
       8.712	  0.100
       8.716	  0.105
       8.720	  0.110
       8.724	  0.095
       8.728	  0.125
       8.732	  0.070
       8.736	  0.085
       8.740	  0.060
       8.744	  0.055
       8.748	  0.075
       8.752	  0.035
       8.756	 -0.020
       8.760	  0.015
       8.764	 -0.020
       8.768	  0.000
       8.772	 -0.020
       8.776	  0.000
       8.780	  0.045
       8.784	  0.055
       8.788	  0.055
       8.792	  0.125
       8.796	  0.130
       8.800	  0.055
       8.804	  0.085
       8.808	  0.065
       8.812	  0.050
       8.816	  0.055
       8.820	  0.055
       8.824	  0.090
       8.828	  0.105
       8.832	  0.100
       8.836	  0.115
       8.840	  0.125
       8.844	  0.120
       8.848	  0.100
       8.852	  0.100
       8.856	  0.110
       8.860	  0.145
       8.864	  0.115
       8.868	  0.080
       8.872	  0.035
       8.876	  0.045
       8.880	  0.015
       8.884	  0.020
       8.888	  0.025
       8.892	 -0.040
       8.896	 -0.060
       8.900	 -0.050
       8.904	 -0.010
       8.908	 -0.035
       8.912	 -0.060
       8.916	  0.025
       8.920	 -0.005
       8.924	 -0.025
       8.928	  0.025
       8.932	  0.020
       8.936	  0.005
       8.940	 -0.045
       8.944	 -0.010
       8.948	  0.020
       8.952	 -0.005
       8.956	  0.000
       8.960	  0.030
       8.964	  0.020
       8.968	  0.005
       8.972	 -0.025
       8.976	  0.030
       8.980	  0.025
       8.984	 -0.010
       8.988	  0.015
       8.992	  0.085
       8.996	  0.115
       9.000	  0.080
       9.004	  0.040
       9.008	  0.070
       9.012	  0.110
       9.016	  0.065
       9.020	  0.035
       9.024	  0.060
       9.028	  0.085
       9.032	  0.040
       9.036	  0.045
       9.040	  0.045
       9.044	  0.070
       9.048	  0.060
       9.052	  0.010
       9.056	  0.020
       9.060	  0.020
       9.064	 -0.025
       9.068	 -0.055
       9.072	 -0.060
       9.076	 -0.085
       9.080	 -0.090
       9.084	 -0.095
       9.088	 -0.065
       9.092	 -0.050
       9.096	 -0.015
       9.100	 -0.015
       9.104	 -0.060
       9.108	 -0.045
       9.112	 -0.010
       9.116	  0.020
       9.120	  0.005
       9.124	  0.015
       9.128	  0.020
       9.132	  0.050
       9.136	  0.040
       9.140	  0.060
       9.144	  0.010
       9.148	  0.025
       9.152	  0.075
       9.156	  0.070
       9.160	  0.030
       9.164	  0.015
       9.168	  0.000
       9.172	 -0.015
       9.176	 -0.015
       9.180	  0.035
       9.184	  0.100
       9.188	  0.110
       9.192	  0.115
       9.196	  0.110
       9.200	  0.090
       9.204	  0.080
       9.208	  0.045
       9.212	  0.070
       9.216	  0.055
       9.220	  0.040
       9.224	  0.075
       9.228	  0.070
       9.232	  0.060
       9.236	  0.045
       9.240	  0.050
       9.244	  0.065
       9.248	  0.065
       9.252	  0.040
       9.256	  0.015
       9.260	 -0.035
       9.264	 -0.030
       9.268	 -0.050
       9.272	 -0.060
       9.276	 -0.020
       9.280	  0.020
       9.284	  0.030
       9.288	  0.010
       9.292	  0.020
       9.296	  0.035
       9.300	  0.050
       9.304	  0.025
       9.308	  0.030
       9.312	  0.045
       9.316	  0.065
       9.320	  0.040
       9.324	  0.030
       9.328	  0.070
       9.332	  0.105
       9.336	  0.135
       9.340	  0.120
       9.344	  0.125
       9.348	  0.140
       9.352	  0.170
       9.356	  0.170
       9.360	  0.190
       9.364	  0.195
       9.368	  0.220
       9.372	  0.225
       9.376	  0.240
       9.380	  0.275
       9.384	  0.345
       9.388	  0.445
       9.392	  0.600
       9.396	  0.760
       9.400	  0.870
       9.404	  0.985
       9.408	  1.090
       9.412	  1.130
       9.416	  1.130
       9.420	  1.170
       9.424	  1.195
       9.428	  1.280
       9.432	  1.430
       9.436	  1.510
       9.440	  1.575
       9.444	  1.640
       9.448	  1.725
       9.452	  1.745
       9.456	  1.795
       9.460	  1.815
       9.464	  1.865
       9.468	  1.760
       9.472	  1.645
       9.476	  1.500
       9.480	  1.230
       9.484	  0.805
       9.488	  0.465
       9.492	  0.275
       9.496	  0.155
       9.500	  0.040
       9.504	 -0.045
       9.508	 -0.115
       9.512	 -0.090
       9.516	 -0.070
       9.520	 -0.090
       9.524	 -0.140
       9.528	 -0.130
       9.532	 -0.130
       9.536	 -0.165
       9.540	 -0.220
       9.544	 -0.240
       9.548	 -0.210
       9.552	 -0.265
       9.556	 -0.295
       9.560	 -0.315
       9.564	 -0.320
       9.568	 -0.365
       9.572	 -0.370
       9.576	 -0.350
       9.580	 -0.335
       9.584	 -0.390
       9.588	 -0.415
       9.592	 -0.380
       9.596	 -0.325
       9.600	 -0.340
       9.604	 -0.370
       9.608	 -0.390
       9.612	 -0.360
       9.616	 -0.355
       9.620	 -0.390
       9.624	 -0.385
       9.628	 -0.380
       9.632	 -0.390
       9.636	 -0.365
       9.640	 -0.350
       9.644	 -0.320
       9.648	 -0.270
       9.652	 -0.265
       9.656	 -0.280
       9.660	 -0.290
       9.664	 -0.290
       9.668	 -0.275
       9.672	 -0.285
       9.676	 -0.280
       9.680	 -0.250
       9.684	 -0.245
       9.688	 -0.260
       9.692	 -0.255
       9.696	 -0.285
       9.700	 -0.320
       9.704	 -0.315
       9.708	 -0.300
       9.712	 -0.335
       9.716	 -0.365
       9.720	 -0.400
       9.724	 -0.445
       9.728	 -0.485
       9.732	 -0.510
       9.736	 -0.525
       9.740	 -0.500
       9.744	 -0.455
       9.748	 -0.475
       9.752	 -0.530
       9.756	 -0.525
       9.760	 -0.515
       9.764	 -0.480
       9.768	 -0.520
       9.772	 -0.605
       9.776	 -0.595
       9.780	 -0.550
       9.784	 -0.570
       9.788	 -0.605
       9.792	 -0.575
       9.796	 -0.585
       9.800	 -0.625
       9.804	 -0.660
       9.808	 -0.650
       9.812	 -0.630
       9.816	 -0.600
       9.820	 -0.600
       9.824	 -0.620
       9.828	 -0.600
       9.832	 -0.575
       9.836	 -0.540
       9.840	 -0.545
       9.844	 -0.555
       9.848	 -0.540
       9.852	 -0.500
       9.856	 -0.485
       9.860	 -0.465
       9.864	 -0.440
       9.868	 -0.415
       9.872	 -0.405
       9.876	 -0.375
       9.880	 -0.345
       9.884	 -0.310
       9.888	 -0.255
       9.892	 -0.245
       9.896	 -0.185
       9.900	 -0.155
       9.904	 -0.170
       9.908	 -0.145
       9.912	 -0.120
       9.916	 -0.070
       9.920	 -0.055
       9.924	 -0.050
       9.928	 -0.025
       9.932	 -0.020
       9.936	  0.020
       9.940	  0.020
       9.944	  0.045
       9.948	  0.030
       9.952	  0.045
       9.956	  0.030
       9.960	  0.065
       9.964	  0.095
       9.968	  0.070
       9.972	  0.045
       9.976	  0.095
       9.980	  0.140
       9.984	  0.180
       9.988	  0.185
       9.992	  0.210
       9.996	  0.205
