Elapsed_time	ECG
      0.000	  0.725
      0.004	  0.730
      0.008	  0.700
      0.012	  0.710
      0.016	  0.720
      0.020	  0.715
      0.024	  0.735
      0.028	  0.730
      0.032	  0.715
      0.036	  0.700
      0.040	  0.710
      0.044	  0.710
      0.048	  0.705
      0.052	  0.725
      0.056	  0.730
      0.060	  0.740
      0.064	  0.740
      0.068	  0.740
      0.072	  0.730
      0.076	  0.715
      0.080	  0.725
      0.084	  0.725
      0.088	  0.745
      0.092	  0.745
      0.096	  0.730
      0.100	  0.725
      0.104	  0.725
      0.108	  0.725
      0.112	  0.720
      0.116	  0.720
      0.120	  0.725
      0.124	  0.740
      0.128	  0.735
      0.132	  0.745
      0.136	  0.720
      0.140	  0.715
      0.144	  0.715
      0.148	  0.745
      0.152	  0.735
      0.156	  0.740
      0.160	  0.735
      0.164	  0.725
      0.168	  0.735
      0.172	  0.705
      0.176	  0.705
      0.180	  0.710
      0.184	  0.720
      0.188	  0.740
      0.192	  0.720
      0.196	  0.715
      0.200	  0.700
      0.204	  0.700
      0.208	  0.695
      0.212	  0.700
      0.216	  0.705
      0.220	  0.710
      0.224	  0.705
      0.228	  0.710
      0.232	  0.710
      0.236	  0.690
      0.240	  0.690
      0.244	  0.680
      0.248	  0.680
      0.252	  0.700
      0.256	  0.695
      0.260	  0.705
      0.264	  0.695
      0.268	  0.685
      0.272	  0.665
      0.276	  0.675
      0.280	  0.665
      0.284	  0.685
      0.288	  0.680
      0.292	  0.685
      0.296	  0.670
      0.300	  0.655
      0.304	  0.660
      0.308	  0.640
      0.312	  0.635
      0.316	  0.650
      0.320	  0.660
      0.324	  0.645
      0.328	  0.645
      0.332	  0.625
      0.336	  0.625
      0.340	  0.620
      0.344	  0.610
      0.348	  0.625
      0.352	  0.630
      0.356	  0.630
      0.360	  0.635
      0.364	  0.620
      0.368	  0.610
      0.372	  0.590
      0.376	  0.610
      0.380	  0.600
      0.384	  0.605
      0.388	  0.610
      0.392	  0.610
      0.396	  0.610
      0.400	  0.605
      0.404	  0.580
      0.408	  0.580
      0.412	  0.585
      0.416	  0.595
      0.420	  0.595
      0.424	  0.595
      0.428	  0.595
      0.432	  0.595
      0.436	  0.595
      0.440	  0.580
      0.444	  0.575
      0.448	  0.585
      0.452	  0.585
      0.456	  0.595
      0.460	  0.600
      0.464	  0.580
      0.468	  0.575
      0.472	  0.570
      0.476	  0.555
      0.480	  0.560
      0.484	  0.570
      0.488	  0.580
      0.492	  0.580
      0.496	  0.565
      0.500	  0.570
      0.504	  0.555
      0.508	  0.550
      0.512	  0.545
      0.516	  0.550
      0.520	  0.550
      0.524	  0.560
      0.528	  0.555
      0.532	  0.555
      0.536	  0.540
      0.540	  0.540
      0.544	  0.530
      0.548	  0.540
      0.552	  0.550
      0.556	  0.555
      0.560	  0.575
      0.564	  0.555
      0.568	  0.555
      0.572	  0.535
      0.576	  0.540
      0.580	  0.540
      0.584	  0.560
      0.588	  0.555
      0.592	  0.560
      0.596	  0.550
      0.600	  0.550
      0.604	  0.550
      0.608	  0.540
      0.612	  0.530
      0.616	  0.535
      0.620	  0.540
      0.624	  0.535
      0.628	  0.555
      0.632	  0.555
      0.636	  0.525
      0.640	  0.525
      0.644	  0.535
      0.648	  0.545
      0.652	  0.540
      0.656	  0.560
      0.660	  0.550
      0.664	  0.555
      0.668	  0.550
      0.672	  0.540
      0.676	  0.535
      0.680	  0.540
      0.684	  0.530
      0.688	  0.535
      0.692	  0.535
      0.696	  0.525
      0.700	  0.515
      0.704	  0.485
      0.708	  0.485
      0.712	  0.465
      0.716	  0.455
      0.720	  0.470
      0.724	  0.475
      0.728	  0.470
      0.732	  0.480
      0.736	  0.480
      0.740	  0.475
      0.744	  0.475
      0.748	  0.485
      0.752	  0.475
      0.756	  0.480
      0.760	  0.460
      0.764	  0.455
      0.768	  0.450
      0.772	  0.445
      0.776	  0.420
      0.780	  0.410
      0.784	  0.395
      0.788	  0.360
      0.792	  0.320
      0.796	  0.280
      0.800	  0.265
      0.804	  0.235
      0.808	  0.220
      0.812	  0.215
      0.816	  0.210
      0.820	  0.215
      0.824	  0.230
      0.828	  0.250
      0.832	  0.255
      0.836	  0.270
      0.840	  0.275
      0.844	  0.280
      0.848	  0.295
      0.852	  0.290
      0.856	  0.290
      0.860	  0.295
      0.864	  0.300
      0.868	  0.290
      0.872	  0.310
      0.876	  0.325
      0.880	  0.345
      0.884	  0.380
      0.888	  0.395
      0.892	  0.415
      0.896	  0.425
      0.900	  0.425
      0.904	  0.435
      0.908	  0.440
      0.912	  0.460
      0.916	  0.470
      0.920	  0.485
      0.924	  0.490
      0.928	  0.475
      0.932	  0.470
      0.936	  0.465
      0.940	  0.450
      0.944	  0.430
      0.948	  0.450
      0.952	  0.455
      0.956	  0.460
      0.960	  0.465
      0.964	  0.460
      0.968	  0.440
      0.972	  0.425
      0.976	  0.415
      0.980	  0.420
      0.984	  0.430
      0.988	  0.420
      0.992	  0.420
      0.996	  0.410
      1.000	  0.405
      1.004	  0.395
      1.008	  0.385
      1.012	  0.365
      1.016	  0.380
      1.020	  0.385
      1.024	  0.385
      1.028	  0.375
      1.032	  0.370
      1.036	  0.350
      1.040	  0.335
      1.044	  0.330
      1.048	  0.335
      1.052	  0.335
      1.056	  0.335
      1.060	  0.330
      1.064	  0.320
      1.068	  0.305
      1.072	  0.290
      1.076	  0.290
      1.080	  0.280
      1.084	  0.285
      1.088	  0.290
      1.092	  0.300
      1.096	  0.285
      1.100	  0.275
      1.104	  0.260
      1.108	  0.250
      1.112	  0.245
      1.116	  0.255
      1.120	  0.260
      1.124	  0.270
      1.128	  0.260
      1.132	  0.250
      1.136	  0.245
      1.140	  0.235
      1.144	  0.235
      1.148	  0.225
      1.152	  0.255
      1.156	  0.250
      1.160	  0.255
      1.164	  0.240
      1.168	  0.230
      1.172	  0.230
      1.176	  0.240
      1.180	  0.240
      1.184	  0.240
      1.188	  0.260
      1.192	  0.265
      1.196	  0.255
      1.200	  0.255
      1.204	  0.230
      1.208	  0.230
      1.212	  0.250
      1.216	  0.250
      1.220	  0.255
      1.224	  0.270
      1.228	  0.265
      1.232	  0.275
      1.236	  0.270
      1.240	  0.265
      1.244	  0.260
      1.248	  0.260
      1.252	  0.270
      1.256	  0.270
      1.260	  0.275
      1.264	  0.270
      1.268	  0.260
      1.272	  0.260
      1.276	  0.270
      1.280	  0.265
      1.284	  0.275
      1.288	  0.285
      1.292	  0.300
      1.296	  0.285
      1.300	  0.290
      1.304	  0.275
      1.308	  0.265
      1.312	  0.270
      1.316	  0.275
      1.320	  0.270
      1.324	  0.245
      1.328	  0.240
      1.332	  0.230
      1.336	  0.220
      1.340	  0.210
      1.344	  0.200
      1.348	  0.200
      1.352	  0.195
      1.356	  0.210
      1.360	  0.205
      1.364	  0.205
      1.368	  0.190
      1.372	  0.175
      1.376	  0.155
      1.380	  0.170
      1.384	  0.185
      1.388	  0.185
      1.392	  0.190
      1.396	  0.185
      1.400	  0.185
      1.404	  0.175
      1.408	  0.170
      1.412	  0.170
      1.416	  0.175
      1.420	  0.185
      1.424	  0.175
      1.428	  0.185
      1.432	  0.190
      1.436	  0.175
      1.440	  0.160
      1.444	  0.160
      1.448	  0.170
      1.452	  0.170
      1.456	  0.170
      1.460	  0.185
      1.464	  0.175
      1.468	  0.175
      1.472	  0.170
      1.476	  0.180
      1.480	  0.185
      1.484	  0.180
      1.488	  0.185
      1.492	  0.195
      1.496	  0.185
      1.500	  0.175
      1.504	  0.180
      1.508	  0.185
      1.512	  0.190
      1.516	  0.190
      1.520	  0.210
      1.524	  0.210
      1.528	  0.205
      1.532	  0.200
      1.536	  0.185
      1.540	  0.190
      1.544	  0.190
      1.548	  0.190
      1.552	  0.205
      1.556	  0.210
      1.560	  0.205
      1.564	  0.215
      1.568	  0.210
      1.572	  0.190
      1.576	  0.190
      1.580	  0.195
      1.584	  0.210
      1.588	  0.230
      1.592	  0.235
      1.596	  0.235
      1.600	  0.230
      1.604	  0.215
      1.608	  0.220
      1.612	  0.215
      1.616	  0.235
      1.620	  0.235
      1.624	  0.245
      1.628	  0.240
      1.632	  0.235
      1.636	  0.225
      1.640	  0.210
      1.644	  0.220
      1.648	  0.215
      1.652	  0.235
      1.656	  0.250
      1.660	  0.250
      1.664	  0.250
      1.668	  0.255
      1.672	  0.235
      1.676	  0.245
      1.680	  0.265
      1.684	  0.265
      1.688	  0.275
      1.692	  0.275
      1.696	  0.265
      1.700	  0.265
      1.704	  0.250
      1.708	  0.245
      1.712	  0.260
      1.716	  0.275
      1.720	  0.270
      1.724	  0.275
      1.728	  0.280
      1.732	  0.270
      1.736	  0.265
      1.740	  0.270
      1.744	  0.260
      1.748	  0.270
      1.752	  0.280
      1.756	  0.275
      1.760	  0.275
      1.764	  0.265
      1.768	  0.285
      1.772	  0.255
      1.776	  0.270
      1.780	  0.270
      1.784	  0.275
      1.788	  0.285
      1.792	  0.290
      1.796	  0.270
      1.800	  0.275
      1.804	  0.260
      1.808	  0.260
      1.812	  0.275
      1.816	  0.285
      1.820	  0.290
      1.824	  0.305
      1.828	  0.300
      1.832	  0.295
      1.836	  0.295
      1.840	  0.290
      1.844	  0.295
      1.848	  0.305
      1.852	  0.320
      1.856	  0.320
      1.860	  0.310
      1.864	  0.315
      1.868	  0.310
      1.872	  0.305
      1.876	  0.305
      1.880	  0.310
      1.884	  0.320
      1.888	  0.335
      1.892	  0.345
      1.896	  0.330
      1.900	  0.320
      1.904	  0.325
      1.908	  0.320
      1.912	  0.325
      1.916	  0.340
      1.920	  0.345
      1.924	  0.360
      1.928	  0.345
      1.932	  0.345
      1.936	  0.350
      1.940	  0.340
      1.944	  0.350
      1.948	  0.345
      1.952	  0.370
      1.956	  0.380
      1.960	  0.380
      1.964	  0.370
      1.968	  0.355
      1.972	  0.350
      1.976	  0.370
      1.980	  0.375
      1.984	  0.375
      1.988	  0.390
      1.992	  0.400
      1.996	  0.390
      2.000	  0.385
      2.004	  0.380
      2.008	  0.375
      2.012	  0.380
      2.016	  0.395
      2.020	  0.390
      2.024	  0.405
      2.028	  0.405
      2.032	  0.410
      2.036	  0.400
      2.040	  0.395
      2.044	  0.390
      2.048	  0.400
      2.052	  0.420
      2.056	  0.425
      2.060	  0.415
      2.064	  0.415
      2.068	  0.415
      2.072	  0.395
      2.076	  0.395
      2.080	  0.420
      2.084	  0.420
      2.088	  0.415
      2.092	  0.425
      2.096	  0.415
      2.100	  0.410
      2.104	  0.405
      2.108	  0.400
      2.112	  0.405
      2.116	  0.420
      2.120	  0.415
      2.124	  0.420
      2.128	  0.425
      2.132	  0.420
      2.136	  0.420
      2.140	  0.410
      2.144	  0.410
      2.148	  0.415
      2.152	  0.415
      2.156	  0.425
      2.160	  0.425
      2.164	  0.420
      2.168	  0.420
      2.172	  0.400
      2.176	  0.410
      2.180	  0.410
      2.184	  0.425
      2.188	  0.435
      2.192	  0.440
      2.196	  0.435
      2.200	  0.425
      2.204	  0.420
      2.208	  0.415
      2.212	  0.420
      2.216	  0.435
      2.220	  0.430
      2.224	  0.435
      2.228	  0.450
      2.232	  0.445
      2.236	  0.435
      2.240	  0.440
      2.244	  0.430
      2.248	  0.440
      2.252	  0.440
      2.256	  0.455
      2.260	  0.445
      2.264	  0.435
      2.268	  0.425
      2.272	  0.430
      2.276	  0.430
      2.280	  0.440
      2.284	  0.440
      2.288	  0.455
      2.292	  0.445
      2.296	  0.450
      2.300	  0.445
      2.304	  0.420
      2.308	  0.440
      2.312	  0.435
      2.316	  0.460
      2.320	  0.445
      2.324	  0.460
      2.328	  0.450
      2.332	  0.460
      2.336	  0.445
      2.340	  0.430
      2.344	  0.435
      2.348	  0.445
      2.352	  0.445
      2.356	  0.465
      2.360	  0.470
      2.364	  0.465
      2.368	  0.465
      2.372	  0.465
      2.376	  0.445
      2.380	  0.445
      2.384	  0.455
      2.388	  0.460
      2.392	  0.465
      2.396	  0.445
      2.400	  0.445
      2.404	  0.440
      2.408	  0.430
      2.412	  0.440
      2.416	  0.470
      2.420	  0.485
      2.424	  0.485
      2.428	  0.485
      2.432	  0.480
      2.436	  0.455
      2.440	  0.440
      2.444	  0.445
      2.448	  0.465
      2.452	  0.465
      2.456	  0.460
      2.460	  0.420
      2.464	  0.385
      2.468	  0.345
      2.472	  0.315
      2.476	  0.290
      2.480	  0.275
      2.484	  0.270
      2.488	  0.285
      2.492	  0.285
      2.496	  0.280
      2.500	  0.295
      2.504	  0.300
      2.508	  0.290
      2.512	  0.310
      2.516	  0.335
      2.520	  0.345
      2.524	  0.370
      2.528	  0.360
      2.532	  0.355
      2.536	  0.355
      2.540	  0.340
      2.544	  0.380
      2.548	  0.390
      2.552	  0.435
      2.556	  0.475
      2.560	  0.500
      2.564	  0.505
      2.568	  0.515
      2.572	  0.505
      2.576	  0.525
      2.580	  0.535
      2.584	  0.580
      2.588	  0.600
      2.592	  0.610
      2.596	  0.595
      2.600	  0.595
      2.604	  0.590
      2.608	  0.580
      2.612	  0.595
      2.616	  0.600
      2.620	  0.600
      2.624	  0.610
      2.628	  0.610
      2.632	  0.605
      2.636	  0.595
      2.640	  0.590
      2.644	  0.580
      2.648	  0.585
      2.652	  0.600
      2.656	  0.600
      2.660	  0.605
      2.664	  0.590
      2.668	  0.565
      2.672	  0.560
      2.676	  0.545
      2.680	  0.550
      2.684	  0.560
      2.688	  0.580
      2.692	  0.585
      2.696	  0.560
      2.700	  0.560
      2.704	  0.545
      2.708	  0.540
      2.712	  0.530
      2.716	  0.540
      2.720	  0.545
      2.724	  0.550
      2.728	  0.535
      2.732	  0.525
      2.736	  0.515
      2.740	  0.510
      2.744	  0.510
      2.748	  0.505
      2.752	  0.510
      2.756	  0.500
      2.760	  0.500
      2.764	  0.510
      2.768	  0.505
      2.772	  0.480
      2.776	  0.475
      2.780	  0.475
      2.784	  0.470
      2.788	  0.475
      2.792	  0.480
      2.796	  0.465
      2.800	  0.455
      2.804	  0.450
      2.808	  0.425
      2.812	  0.435
      2.816	  0.435
      2.820	  0.430
      2.824	  0.445
      2.828	  0.445
      2.832	  0.425
      2.836	  0.410
      2.840	  0.400
      2.844	  0.390
      2.848	  0.395
      2.852	  0.400
      2.856	  0.410
      2.860	  0.415
      2.864	  0.385
      2.868	  0.375
      2.872	  0.370
      2.876	  0.365
      2.880	  0.360
      2.884	  0.365
      2.888	  0.385
      2.892	  0.385
      2.896	  0.385
      2.900	  0.365
      2.904	  0.355
      2.908	  0.340
      2.912	  0.325
      2.916	  0.340
      2.920	  0.355
      2.924	  0.360
      2.928	  0.360
      2.932	  0.360
      2.936	  0.335
      2.940	  0.330
      2.944	  0.330
      2.948	  0.330
      2.952	  0.330
      2.956	  0.335
      2.960	  0.335
      2.964	  0.335
      2.968	  0.315
      2.972	  0.310
      2.976	  0.315
      2.980	  0.290
      2.984	  0.305
      2.988	  0.320
      2.992	  0.325
      2.996	  0.320
      3.000	  0.315
      3.004	  0.310
      3.008	  0.310
      3.012	  0.300
      3.016	  0.305
      3.020	  0.315
      3.024	  0.315
      3.028	  0.320
      3.032	  0.305
      3.036	  0.305
      3.040	  0.280
      3.044	  0.285
      3.048	  0.285
      3.052	  0.290
      3.056	  0.300
      3.060	  0.280
      3.064	  0.295
      3.068	  0.295
      3.072	  0.275
      3.076	  0.280
      3.080	  0.265
      3.084	  0.275
      3.088	  0.295
      3.092	  0.300
      3.096	  0.290
      3.100	  0.290
      3.104	  0.260
      3.108	  0.270
      3.112	  0.265
      3.116	  0.270
      3.120	  0.270
      3.124	  0.300
      3.128	  0.275
      3.132	  0.275
      3.136	  0.255
      3.140	  0.240
      3.144	  0.245
      3.148	  0.250
      3.152	  0.270
      3.156	  0.270
      3.160	  0.265
      3.164	  0.260
      3.168	  0.255
      3.172	  0.235
      3.176	  0.245
      3.180	  0.245
      3.184	  0.245
      3.188	  0.265
      3.192	  0.275
      3.196	  0.260
      3.200	  0.265
      3.204	  0.255
      3.208	  0.250
      3.212	  0.250
      3.216	  0.240
      3.220	  0.255
      3.224	  0.265
      3.228	  0.250
      3.232	  0.260
      3.236	  0.230
      3.240	  0.225
      3.244	  0.240
      3.248	  0.235
      3.252	  0.245
      3.256	  0.260
      3.260	  0.260
      3.264	  0.250
      3.268	  0.230
      3.272	  0.230
      3.276	  0.235
      3.280	  0.240
      3.284	  0.235
      3.288	  0.250
      3.292	  0.255
      3.296	  0.240
      3.300	  0.245
      3.304	  0.230
      3.308	  0.230
      3.312	  0.225
      3.316	  0.235
      3.320	  0.240
      3.324	  0.230
      3.328	  0.240
      3.332	  0.230
      3.336	  0.220
      3.340	  0.220
      3.344	  0.215
      3.348	  0.220
      3.352	  0.225
      3.356	  0.225
      3.360	  0.230
      3.364	  0.225
      3.368	  0.220
      3.372	  0.210
      3.376	  0.205
      3.380	  0.195
      3.384	  0.205
      3.388	  0.210
      3.392	  0.225
      3.396	  0.205
      3.400	  0.195
      3.404	  0.195
      3.408	  0.195
      3.412	  0.195
      3.416	  0.195
      3.420	  0.210
      3.424	  0.205
      3.428	  0.210
      3.432	  0.220
      3.436	  0.200
      3.440	  0.205
      3.444	  0.200
      3.448	  0.210
      3.452	  0.215
      3.456	  0.225
      3.460	  0.210
      3.464	  0.225
      3.468	  0.215
      3.472	  0.200
      3.476	  0.195
      3.480	  0.200
      3.484	  0.210
      3.488	  0.215
      3.492	  0.230
      3.496	  0.215
      3.500	  0.215
      3.504	  0.195
      3.508	  0.200
      3.512	  0.200
      3.516	  0.200
      3.520	  0.210
      3.524	  0.200
      3.528	  0.205
      3.532	  0.210
      3.536	  0.195
      3.540	  0.185
      3.544	  0.195
      3.548	  0.190
      3.552	  0.215
      3.556	  0.210
      3.560	  0.210
      3.564	  0.185
      3.568	  0.180
      3.572	  0.155
      3.576	  0.155
      3.580	  0.150
      3.584	  0.150
      3.588	  0.155
      3.592	  0.160
      3.596	  0.135
      3.600	  0.120
      3.604	  0.105
      3.608	  0.110
      3.612	  0.115
      3.616	  0.125
      3.620	  0.135
      3.624	  0.140
      3.628	  0.135
      3.632	  0.115
      3.636	  0.105
      3.640	  0.095
      3.644	  0.110
      3.648	  0.105
      3.652	  0.115
      3.656	  0.115
      3.660	  0.110
      3.664	  0.110
      3.668	  0.100
      3.672	  0.095
      3.676	  0.090
      3.680	  0.085
      3.684	  0.085
      3.688	  0.110
      3.692	  0.110
      3.696	  0.105
      3.700	  0.095
      3.704	  0.080
      3.708	  0.080
      3.712	  0.080
      3.716	  0.080
      3.720	  0.085
      3.724	  0.095
      3.728	  0.090
      3.732	  0.085
      3.736	  0.080
      3.740	  0.070
      3.744	  0.070
      3.748	  0.075
      3.752	  0.080
      3.756	  0.085
      3.760	  0.080
      3.764	  0.075
      3.768	  0.065
      3.772	  0.045
      3.776	  0.050
      3.780	  0.050
      3.784	  0.065
      3.788	  0.075
      3.792	  0.090
      3.796	  0.080
      3.800	  0.075
      3.804	  0.070
      3.808	  0.050
      3.812	  0.040
      3.816	  0.035
      3.820	  0.055
      3.824	  0.055
      3.828	  0.055
      3.832	  0.005
      3.836	 -0.020
      3.840	 -0.050
      3.844	 -0.090
      3.848	 -0.095
      3.852	 -0.110
      3.856	 -0.125
      3.860	 -0.130
      3.864	 -0.140
      3.868	 -0.155
      3.872	 -0.170
      3.876	 -0.155
      3.880	 -0.135
      3.884	 -0.105
      3.888	 -0.075
      3.892	 -0.060
      3.896	 -0.055
      3.900	 -0.055
      3.904	 -0.080
      3.908	 -0.095
      3.912	 -0.080
      3.916	 -0.090
      3.920	 -0.085
      3.924	 -0.050
      3.928	 -0.010
      3.932	  0.000
      3.936	  0.005
      3.940	  0.035
      3.944	  0.045
      3.948	  0.070
      3.952	  0.090
      3.956	  0.110
      3.960	  0.125
      3.964	  0.135
      3.968	  0.135
      3.972	  0.135
      3.976	  0.145
      3.980	  0.145
      3.984	  0.160
      3.988	  0.175
      3.992	  0.175
      3.996	  0.175
      4.000	  0.180
      4.004	  0.155
      4.008	  0.175
      4.012	  0.165
      4.016	  0.170
      4.020	  0.190
      4.024	  0.185
      4.028	  0.190
      4.032	  0.185
      4.036	  0.170
      4.040	  0.155
      4.044	  0.165
      4.048	  0.180
      4.052	  0.175
      4.056	  0.185
      4.060	  0.180
      4.064	  0.175
      4.068	  0.165
      4.072	  0.150
      4.076	  0.155
      4.080	  0.155
      4.084	  0.175
      4.088	  0.165
      4.092	  0.175
      4.096	  0.165
      4.100	  0.155
      4.104	  0.150
      4.108	  0.145
      4.112	  0.150
      4.116	  0.160
      4.120	  0.170
      4.124	  0.170
      4.128	  0.165
      4.132	  0.160
      4.136	  0.145
      4.140	  0.145
      4.144	  0.140
      4.148	  0.155
      4.152	  0.165
      4.156	  0.170
      4.160	  0.170
      4.164	  0.175
      4.168	  0.150
      4.172	  0.140
      4.176	  0.140
      4.180	  0.135
      4.184	  0.140
      4.188	  0.150
      4.192	  0.150
      4.196	  0.145
      4.200	  0.140
      4.204	  0.125
      4.208	  0.120
      4.212	  0.115
      4.216	  0.130
      4.220	  0.130
      4.224	  0.130
      4.228	  0.135
      4.232	  0.140
      4.236	  0.120
      4.240	  0.115
      4.244	  0.120
      4.248	  0.115
      4.252	  0.125
      4.256	  0.120
      4.260	  0.120
      4.264	  0.110
      4.268	  0.085
      4.272	  0.070
      4.276	  0.055
      4.280	  0.050
      4.284	  0.050
      4.288	  0.065
      4.292	  0.065
      4.296	  0.055
      4.300	  0.035
      4.304	  0.040
      4.308	  0.035
      4.312	  0.020
      4.316	  0.040
      4.320	  0.050
      4.324	  0.050
      4.328	  0.040
      4.332	  0.025
      4.336	  0.015
      4.340	  0.010
      4.344	  0.015
      4.348	  0.000
      4.352	  0.025
      4.356	  0.035
      4.360	  0.045
      4.364	  0.030
      4.368	  0.020
      4.372	  0.015
      4.376	  0.000
      4.380	  0.000
      4.384	  0.015
      4.388	  0.020
      4.392	  0.020
      4.396	  0.030
      4.400	  0.015
      4.404	  0.000
      4.408	  0.005
      4.412	  0.010
      4.416	  0.010
      4.420	  0.005
      4.424	  0.035
      4.428	  0.020
      4.432	  0.035
      4.436	  0.025
      4.440	  0.020
      4.444	  0.020
      4.448	  0.015
      4.452	  0.040
      4.456	  0.045
      4.460	  0.035
      4.464	  0.040
      4.468	  0.040
      4.472	  0.020
      4.476	  0.030
      4.480	  0.035
      4.484	  0.045
      4.488	  0.060
      4.492	  0.065
      4.496	  0.050
      4.500	  0.050
      4.504	  0.040
      4.508	  0.035
      4.512	  0.040
      4.516	  0.060
      4.520	  0.075
      4.524	  0.075
      4.528	  0.060
      4.532	  0.070
      4.536	  0.065
      4.540	  0.060
      4.544	  0.055
      4.548	  0.065
      4.552	  0.080
      4.556	  0.075
      4.560	  0.095
      4.564	  0.085
      4.568	  0.085
      4.572	  0.075
      4.576	  0.070
      4.580	  0.080
      4.584	  0.090
      4.588	  0.110
      4.592	  0.120
      4.596	  0.120
      4.600	  0.120
      4.604	  0.100
      4.608	  0.105
      4.612	  0.090
      4.616	  0.105
      4.620	  0.120
      4.624	  0.130
      4.628	  0.130
      4.632	  0.135
      4.636	  0.125
      4.640	  0.125
      4.644	  0.125
      4.648	  0.130
      4.652	  0.140
      4.656	  0.140
      4.660	  0.155
      4.664	  0.150
      4.668	  0.155
      4.672	  0.160
      4.676	  0.155
      4.680	  0.150
      4.684	  0.165
      4.688	  0.165
      4.692	  0.180
      4.696	  0.180
      4.700	  0.180
      4.704	  0.175
      4.708	  0.165
      4.712	  0.175
      4.716	  0.180
      4.720	  0.195
      4.724	  0.200
      4.728	  0.210
      4.732	  0.200
      4.736	  0.195
      4.740	  0.185
      4.744	  0.190
      4.748	  0.200
      4.752	  0.230
      4.756	  0.220
      4.760	  0.225
      4.764	  0.230
      4.768	  0.215
      4.772	  0.215
      4.776	  0.205
      4.780	  0.205
      4.784	  0.230
      4.788	  0.240
      4.792	  0.255
      4.796	  0.240
      4.800	  0.245
      4.804	  0.240
      4.808	  0.230
      4.812	  0.235
      4.816	  0.255
      4.820	  0.260
      4.824	  0.275
      4.828	  0.290
      4.832	  0.275
      4.836	  0.260
      4.840	  0.255
      4.844	  0.250
      4.848	  0.260
      4.852	  0.280
      4.856	  0.280
      4.860	  0.295
      4.864	  0.295
      4.868	  0.300
      4.872	  0.275
      4.876	  0.280
      4.880	  0.285
      4.884	  0.300
      4.888	  0.305
      4.892	  0.310
      4.896	  0.315
      4.900	  0.330
      4.904	  0.305
      4.908	  0.305
      4.912	  0.310
      4.916	  0.315
      4.920	  0.330
      4.924	  0.330
      4.928	  0.340
      4.932	  0.345
      4.936	  0.325
      4.940	  0.315
      4.944	  0.315
      4.948	  0.320
      4.952	  0.350
      4.956	  0.340
      4.960	  0.365
      4.964	  0.360
      4.968	  0.355
      4.972	  0.335
      4.976	  0.340
      4.980	  0.335
      4.984	  0.345
      4.988	  0.350
      4.992	  0.365
      4.996	  0.355
      5.000	  0.365
      5.004	  0.340
      5.008	  0.340
      5.012	  0.360
      5.016	  0.345
      5.020	  0.365
      5.024	  0.380
      5.028	  0.380
      5.032	  0.370
      5.036	  0.375
      5.040	  0.350
      5.044	  0.355
      5.048	  0.375
      5.052	  0.390
      5.056	  0.410
      5.060	  0.415
      5.064	  0.405
      5.068	  0.405
      5.072	  0.405
      5.076	  0.400
      5.080	  0.400
      5.084	  0.410
      5.088	  0.430
      5.092	  0.430
      5.096	  0.445
      5.100	  0.425
      5.104	  0.400
      5.108	  0.405
      5.112	  0.400
      5.116	  0.415
      5.120	  0.420
      5.124	  0.410
      5.128	  0.425
      5.132	  0.420
      5.136	  0.415
      5.140	  0.410
      5.144	  0.425
      5.148	  0.420
      5.152	  0.435
      5.156	  0.425
      5.160	  0.440
      5.164	  0.425
      5.168	  0.420
      5.172	  0.405
      5.176	  0.410
      5.180	  0.390
      5.184	  0.400
      5.188	  0.395
      5.192	  0.385
      5.196	  0.390
      5.200	  0.375
      5.204	  0.355
      5.208	  0.345
      5.212	  0.335
      5.216	  0.335
      5.220	  0.355
      5.224	  0.350
      5.228	  0.350
      5.232	  0.335
      5.236	  0.330
      5.240	  0.310
      5.244	  0.315
      5.248	  0.325
      5.252	  0.325
      5.256	  0.330
      5.260	  0.325
      5.264	  0.325
      5.268	  0.315
      5.272	  0.320
      5.276	  0.305
      5.280	  0.305
      5.284	  0.310
      5.288	  0.315
      5.292	  0.330
      5.296	  0.315
      5.300	  0.310
      5.304	  0.285
      5.308	  0.290
      5.312	  0.295
      5.316	  0.290
      5.320	  0.300
      5.324	  0.310
      5.328	  0.310
      5.332	  0.300
      5.336	  0.275
      5.340	  0.275
      5.344	  0.265
      5.348	  0.270
      5.352	  0.285
      5.356	  0.305
      5.360	  0.320
      5.364	  0.325
      5.368	  0.315
      5.372	  0.295
      5.376	  0.275
      5.380	  0.270
      5.384	  0.275
      5.388	  0.295
      5.392	  0.295
      5.396	  0.245
      5.400	  0.220
      5.404	  0.180
      5.408	  0.125
      5.412	  0.110
      5.416	  0.100
      5.420	  0.085
      5.424	  0.075
      5.428	  0.080
      5.432	  0.080
      5.436	  0.060
      5.440	  0.075
      5.444	  0.090
      5.448	  0.100
      5.452	  0.125
      5.456	  0.150
      5.460	  0.160
      5.464	  0.160
      5.468	  0.140
      5.472	  0.130
      5.476	  0.120
      5.480	  0.140
      5.484	  0.155
      5.488	  0.195
      5.492	  0.220
      5.496	  0.245
      5.500	  0.255
      5.504	  0.275
      5.508	  0.295
      5.512	  0.290
      5.516	  0.325
      5.520	  0.355
      5.524	  0.380
      5.528	  0.390
      5.532	  0.385
      5.536	  0.375
      5.540	  0.380
      5.544	  0.385
      5.548	  0.380
      5.552	  0.415
      5.556	  0.415
      5.560	  0.415
      5.564	  0.420
      5.568	  0.405
      5.572	  0.395
      5.576	  0.405
      5.580	  0.400
      5.584	  0.405
      5.588	  0.410
      5.592	  0.410
      5.596	  0.420
      5.600	  0.405
      5.604	  0.390
      5.608	  0.385
      5.612	  0.390
      5.616	  0.390
      5.620	  0.390
      5.624	  0.390
      5.628	  0.395
      5.632	  0.370
      5.636	  0.355
      5.640	  0.350
      5.644	  0.350
      5.648	  0.350
      5.652	  0.330
      5.656	  0.355
      5.660	  0.350
      5.664	  0.335
      5.668	  0.330
      5.672	  0.300
      5.676	  0.315
      5.680	  0.305
      5.684	  0.310
      5.688	  0.310
      5.692	  0.325
      5.696	  0.295
      5.700	  0.300
      5.704	  0.290
      5.708	  0.270
      5.712	  0.265
      5.716	  0.275
      5.720	  0.275
      5.724	  0.280
      5.728	  0.275
      5.732	  0.270
      5.736	  0.255
      5.740	  0.250
      5.744	  0.245
      5.748	  0.250
      5.752	  0.250
      5.756	  0.260
      5.760	  0.265
      5.764	  0.265
      5.768	  0.265
      5.772	  0.260
      5.776	  0.255
      5.780	  0.255
      5.784	  0.270
      5.788	  0.275
      5.792	  0.270
      5.796	  0.275
      5.800	  0.250
      5.804	  0.240
      5.808	  0.235
      5.812	  0.235
      5.816	  0.240
      5.820	  0.250
      5.824	  0.265
      5.828	  0.260
      5.832	  0.260
      5.836	  0.255
      5.840	  0.240
      5.844	  0.235
      5.848	  0.245
      5.852	  0.255
      5.856	  0.270
      5.860	  0.270
      5.864	  0.255
      5.868	  0.250
      5.872	  0.260
      5.876	  0.255
      5.880	  0.250
      5.884	  0.260
      5.888	  0.245
      5.892	  0.240
      5.896	  0.215
      5.900	  0.200
      5.904	  0.185
      5.908	  0.190
      5.912	  0.175
      5.916	  0.185
      5.920	  0.180
      5.924	  0.175
      5.928	  0.175
      5.932	  0.170
      5.936	  0.170
      5.940	  0.150
      5.944	  0.155
      5.948	  0.155
      5.952	  0.165
      5.956	  0.175
      5.960	  0.165
      5.964	  0.165
      5.968	  0.145
      5.972	  0.145
      5.976	  0.130
      5.980	  0.130
      5.984	  0.140
      5.988	  0.140
      5.992	  0.150
      5.996	  0.150
      6.000	  0.145
      6.004	  0.130
      6.008	  0.120
      6.012	  0.115
      6.016	  0.120
      6.020	  0.130
      6.024	  0.145
      6.028	  0.140
      6.032	  0.135
      6.036	  0.115
      6.040	  0.110
      6.044	  0.110
      6.048	  0.120
      6.052	  0.110
      6.056	  0.125
      6.060	  0.135
      6.064	  0.115
      6.068	  0.115
      6.072	  0.110
      6.076	  0.105
      6.080	  0.105
      6.084	  0.110
      6.088	  0.110
      6.092	  0.130
      6.096	  0.120
      6.100	  0.110
      6.104	  0.100
      6.108	  0.095
      6.112	  0.095
      6.116	  0.110
      6.120	  0.100
      6.124	  0.110
      6.128	  0.110
      6.132	  0.095
      6.136	  0.100
      6.140	  0.080
      6.144	  0.070
      6.148	  0.085
      6.152	  0.090
      6.156	  0.085
      6.160	  0.100
      6.164	  0.085
      6.168	  0.080
      6.172	  0.070
      6.176	  0.065
      6.180	  0.065
      6.184	  0.075
      6.188	  0.075
      6.192	  0.085
      6.196	  0.085
      6.200	  0.070
      6.204	  0.055
      6.208	  0.045
      6.212	  0.040
      6.216	  0.060
      6.220	  0.070
      6.224	  0.065
      6.228	  0.065
      6.232	  0.065
      6.236	  0.055
      6.240	  0.040
      6.244	  0.035
      6.248	  0.045
      6.252	  0.050
      6.256	  0.070
      6.260	  0.065
      6.264	  0.055
      6.268	  0.050
      6.272	  0.040
      6.276	  0.045
      6.280	  0.045
      6.284	  0.050
      6.288	  0.055
      6.292	  0.055
      6.296	  0.050
      6.300	  0.050
      6.304	  0.040
      6.308	  0.030
      6.312	  0.025
      6.316	  0.035
      6.320	  0.050
      6.324	  0.055
      6.328	  0.045
      6.332	  0.050
      6.336	  0.045
      6.340	  0.035
      6.344	  0.030
      6.348	  0.015
      6.352	  0.045
      6.356	  0.050
      6.360	  0.050
      6.364	  0.045
      6.368	  0.035
      6.372	  0.025
      6.376	  0.040
      6.380	  0.050
      6.384	  0.060
      6.388	  0.070
      6.392	  0.070
      6.396	  0.090
      6.400	  0.080
      6.404	  0.075
      6.408	  0.070
      6.412	  0.085
      6.416	  0.075
      6.420	  0.095
      6.424	  0.095
      6.428	  0.100
      6.432	  0.105
      6.436	  0.085
      6.440	  0.100
      6.444	  0.095
      6.448	  0.090
      6.452	  0.110
      6.456	  0.110
      6.460	  0.110
      6.464	  0.105
      6.468	  0.105
      6.472	  0.100
      6.476	  0.105
      6.480	  0.095
      6.484	  0.110
      6.488	  0.130
      6.492	  0.135
      6.496	  0.135
      6.500	  0.140
      6.504	  0.115
      6.508	  0.110
      6.512	  0.105
      6.516	  0.120
      6.520	  0.120
      6.524	  0.115
      6.528	  0.115
      6.532	  0.110
      6.536	  0.095
      6.540	  0.080
      6.544	  0.075
      6.548	  0.080
      6.552	  0.070
      6.556	  0.075
      6.560	  0.090
      6.564	  0.080
      6.568	  0.075
      6.572	  0.060
      6.576	  0.070
      6.580	  0.065
      6.584	  0.080
      6.588	  0.085
      6.592	  0.080
      6.596	  0.080
      6.600	  0.085
      6.604	  0.055
      6.608	  0.075
      6.612	  0.065
      6.616	  0.065
      6.620	  0.080
      6.624	  0.095
      6.628	  0.095
      6.632	  0.085
      6.636	  0.080
      6.640	  0.055
      6.644	  0.060
      6.648	  0.065
      6.652	  0.080
      6.656	  0.090
      6.660	  0.095
      6.664	  0.080
      6.668	  0.090
      6.672	  0.065
      6.676	  0.065
      6.680	  0.075
      6.684	  0.080
      6.688	  0.095
      6.692	  0.095
      6.696	  0.080
      6.700	  0.080
      6.704	  0.080
      6.708	  0.070
      6.712	  0.075
      6.716	  0.060
      6.720	  0.065
      6.724	  0.080
      6.728	  0.080
      6.732	  0.105
      6.736	  0.105
      6.740	  0.110
      6.744	  0.100
      6.748	  0.095
      6.752	  0.070
      6.756	  0.070
      6.760	  0.080
      6.764	  0.070
      6.768	  0.075
      6.772	  0.050
      6.776	  0.020
      6.780	 -0.015
      6.784	 -0.025
      6.788	 -0.050
      6.792	 -0.065
      6.796	 -0.075
      6.800	 -0.090
      6.804	 -0.130
      6.808	 -0.125
      6.812	 -0.150
      6.816	 -0.125
      6.820	 -0.110
      6.824	 -0.085
      6.828	 -0.075
      6.832	 -0.060
      6.836	 -0.050
      6.840	 -0.060
      6.844	 -0.065
      6.848	 -0.060
      6.852	 -0.060
      6.856	 -0.070
      6.860	 -0.050
      6.864	 -0.045
      6.868	 -0.025
      6.872	 -0.015
      6.876	  0.010
      6.880	  0.035
      6.884	  0.065
      6.888	  0.095
      6.892	  0.105
      6.896	  0.125
      6.900	  0.120
      6.904	  0.135
      6.908	  0.140
      6.912	  0.155
      6.916	  0.185
      6.920	  0.200
      6.924	  0.215
      6.928	  0.210
      6.932	  0.210
      6.936	  0.195
      6.940	  0.195
      6.944	  0.210
      6.948	  0.220
      6.952	  0.220
      6.956	  0.220
      6.960	  0.235
      6.964	  0.205
      6.968	  0.215
      6.972	  0.195
      6.976	  0.220
      6.980	  0.220
      6.984	  0.220
      6.988	  0.245
      6.992	  0.260
      6.996	  0.260
      7.000	  0.245
      7.004	  0.240
      7.008	  0.245
      7.012	  0.250
      7.016	  0.230
      7.020	  0.260
      7.024	  0.250
      7.028	  0.265
      7.032	  0.245
      7.036	  0.240
      7.040	  0.220
      7.044	  0.220
      7.048	  0.225
      7.052	  0.245
      7.056	  0.240
      7.060	  0.230
      7.064	  0.220
      7.068	  0.215
      7.072	  0.205
      7.076	  0.215
      7.080	  0.200
      7.084	  0.205
      7.088	  0.215
      7.092	  0.215
      7.096	  0.205
      7.100	  0.200
      7.104	  0.185
      7.108	  0.200
      7.112	  0.195
      7.116	  0.210
      7.120	  0.210
      7.124	  0.220
      7.128	  0.210
      7.132	  0.205
      7.136	  0.190
      7.140	  0.175
      7.144	  0.175
      7.148	  0.160
      7.152	  0.165
      7.156	  0.170
      7.160	  0.160
      7.164	  0.145
      7.168	  0.150
      7.172	  0.115
      7.176	  0.125
      7.180	  0.110
      7.184	  0.120
      7.188	  0.135
      7.192	  0.140
      7.196	  0.125
      7.200	  0.130
      7.204	  0.105
      7.208	  0.085
      7.212	  0.095
      7.216	  0.110
      7.220	  0.110
      7.224	  0.125
      7.228	  0.120
      7.232	  0.135
      7.236	  0.120
      7.240	  0.095
      7.244	  0.110
      7.248	  0.115
      7.252	  0.120
      7.256	  0.125
      7.260	  0.115
      7.264	  0.120
      7.268	  0.115
      7.272	  0.105
      7.276	  0.095
      7.280	  0.105
      7.284	  0.105
      7.288	  0.120
      7.292	  0.120
      7.296	  0.125
      7.300	  0.125
      7.304	  0.100
      7.308	  0.105
      7.312	  0.110
      7.316	  0.115
      7.320	  0.125
      7.324	  0.125
      7.328	  0.130
      7.332	  0.120
      7.336	  0.115
      7.340	  0.110
      7.344	  0.110
      7.348	  0.105
      7.352	  0.125
      7.356	  0.135
      7.360	  0.135
      7.364	  0.125
      7.368	  0.130
      7.372	  0.125
      7.376	  0.120
      7.380	  0.125
      7.384	  0.125
      7.388	  0.140
      7.392	  0.135
      7.396	  0.130
      7.400	  0.140
      7.404	  0.120
      7.408	  0.130
      7.412	  0.125
      7.416	  0.115
      7.420	  0.130
      7.424	  0.140
      7.428	  0.140
      7.432	  0.130
      7.436	  0.130
      7.440	  0.125
      7.444	  0.115
      7.448	  0.125
      7.452	  0.140
      7.456	  0.145
      7.460	  0.145
      7.464	  0.140
      7.468	  0.135
      7.472	  0.125
      7.476	  0.110
      7.480	  0.125
      7.484	  0.130
      7.488	  0.135
      7.492	  0.145
      7.496	  0.150
      7.500	  0.140
      7.504	  0.115
      7.508	  0.125
      7.512	  0.125
      7.516	  0.135
      7.520	  0.135
      7.524	  0.140
      7.528	  0.150
      7.532	  0.145
      7.536	  0.145
      7.540	  0.125
      7.544	  0.125
      7.548	  0.135
      7.552	  0.140
      7.556	  0.150
      7.560	  0.150
      7.564	  0.145
      7.568	  0.145
      7.572	  0.145
      7.576	  0.150
      7.580	  0.150
      7.584	  0.155
      7.588	  0.170
      7.592	  0.190
      7.596	  0.180
      7.600	  0.180
      7.604	  0.185
      7.608	  0.185
      7.612	  0.180
      7.616	  0.180
      7.620	  0.190
      7.624	  0.210
      7.628	  0.190
      7.632	  0.195
      7.636	  0.185
      7.640	  0.185
      7.644	  0.185
      7.648	  0.190
      7.652	  0.190
      7.656	  0.195
      7.660	  0.200
      7.664	  0.205
      7.668	  0.205
      7.672	  0.195
      7.676	  0.195
      7.680	  0.195
      7.684	  0.200
      7.688	  0.215
      7.692	  0.220
      7.696	  0.215
      7.700	  0.210
      7.704	  0.195
      7.708	  0.195
      7.712	  0.190
      7.716	  0.200
      7.720	  0.195
      7.724	  0.200
      7.728	  0.205
      7.732	  0.185
      7.736	  0.170
      7.740	  0.165
      7.744	  0.145
      7.748	  0.155
      7.752	  0.160
      7.756	  0.160
      7.760	  0.160
      7.764	  0.160
      7.768	  0.145
      7.772	  0.140
      7.776	  0.140
      7.780	  0.140
      7.784	  0.145
      7.788	  0.155
      7.792	  0.145
      7.796	  0.145
      7.800	  0.145
      7.804	  0.120
      7.808	  0.120
      7.812	  0.130
      7.816	  0.135
      7.820	  0.130
      7.824	  0.145
      7.828	  0.150
      7.832	  0.155
      7.836	  0.130
      7.840	  0.120
      7.844	  0.135
      7.848	  0.140
      7.852	  0.145
      7.856	  0.140
      7.860	  0.155
      7.864	  0.145
      7.868	  0.135
      7.872	  0.125
      7.876	  0.145
      7.880	  0.140
      7.884	  0.150
      7.888	  0.145
      7.892	  0.165
      7.896	  0.150
      7.900	  0.150
      7.904	  0.135
      7.908	  0.140
      7.912	  0.135
      7.916	  0.155
      7.920	  0.155
      7.924	  0.155
      7.928	  0.165
      7.932	  0.170
      7.936	  0.185
      7.940	  0.170
      7.944	  0.180
      7.948	  0.175
      7.952	  0.170
      7.956	  0.170
      7.960	  0.160
      7.964	  0.140
      7.968	  0.160
      7.972	  0.155
      7.976	  0.140
      7.980	  0.110
      7.984	  0.085
      7.988	  0.055
      7.992	  0.050
      7.996	  0.035
      8.000	  0.015
      8.004	 -0.010
      8.008	 -0.010
      8.012	 -0.035
      8.016	 -0.025
      8.020	 -0.015
      8.024	  0.000
      8.028	  0.010
      8.032	  0.030
      8.036	  0.040
      8.040	  0.060
      8.044	  0.060
      8.048	  0.070
      8.052	  0.070
      8.056	  0.075
      8.060	  0.080
      8.064	  0.075
      8.068	  0.100
      8.072	  0.095
      8.076	  0.120
      8.080	  0.145
      8.084	  0.180
      8.088	  0.195
      8.092	  0.225
      8.096	  0.250
      8.100	  0.260
      8.104	  0.260
      8.108	  0.265
      8.112	  0.290
      8.116	  0.315
      8.120	  0.320
      8.124	  0.345
      8.128	  0.340
      8.132	  0.360
      8.136	  0.350
      8.140	  0.350
      8.144	  0.365
      8.148	  0.365
      8.152	  0.375
      8.156	  0.390
      8.160	  0.400
      8.164	  0.400
      8.168	  0.415
      8.172	  0.400
      8.176	  0.405
      8.180	  0.415
      8.184	  0.430
      8.188	  0.450
      8.192	  0.455
      8.196	  0.440
      8.200	  0.445
      8.204	  0.430
      8.208	  0.435
      8.212	  0.435
      8.216	  0.445
      8.220	  0.460
      8.224	  0.465
      8.228	  0.460
      8.232	  0.450
      8.236	  0.440
      8.240	  0.430
      8.244	  0.425
      8.248	  0.430
      8.252	  0.435
      8.256	  0.440
      8.260	  0.460
      8.264	  0.445
      8.268	  0.440
      8.272	  0.430
      8.276	  0.425
      8.280	  0.430
      8.284	  0.425
      8.288	  0.450
      8.292	  0.445
      8.296	  0.440
      8.300	  0.430
      8.304	  0.410
      8.308	  0.400
      8.312	  0.395
      8.316	  0.380
      8.320	  0.395
      8.324	  0.385
      8.328	  0.355
      8.332	  0.355
      8.336	  0.340
      8.340	  0.340
      8.344	  0.345
      8.348	  0.340
      8.352	  0.345
      8.356	  0.360
      8.360	  0.360
      8.364	  0.350
      8.368	  0.345
      8.372	  0.320
      8.376	  0.335
      8.380	  0.315
      8.384	  0.330
      8.388	  0.340
      8.392	  0.330
      8.396	  0.320
      8.400	  0.325
      8.404	  0.310
      8.408	  0.315
      8.412	  0.330
      8.416	  0.330
      8.420	  0.330
      8.424	  0.340
      8.428	  0.330
      8.432	  0.325
      8.436	  0.305
      8.440	  0.310
      8.444	  0.315
      8.448	  0.310
      8.452	  0.320
      8.456	  0.335
      8.460	  0.325
      8.464	  0.315
      8.468	  0.305
      8.472	  0.305
      8.476	  0.310
      8.480	  0.305
      8.484	  0.310
      8.488	  0.320
      8.492	  0.330
      8.496	  0.330
      8.500	  0.315
      8.504	  0.300
      8.508	  0.305
      8.512	  0.290
      8.516	  0.310
      8.520	  0.320
      8.524	  0.325
      8.528	  0.300
      8.532	  0.310
      8.536	  0.305
      8.540	  0.305
      8.544	  0.310
      8.548	  0.310
      8.552	  0.325
      8.556	  0.335
      8.560	  0.340
      8.564	  0.335
      8.568	  0.310
      8.572	  0.315
      8.576	  0.310
      8.580	  0.310
      8.584	  0.315
      8.588	  0.330
      8.592	  0.325
      8.596	  0.315
      8.600	  0.310
      8.604	  0.300
      8.608	  0.300
      8.612	  0.305
      8.616	  0.315
      8.620	  0.315
      8.624	  0.325
      8.628	  0.335
      8.632	  0.315
      8.636	  0.300
      8.640	  0.295
      8.644	  0.300
      8.648	  0.300
      8.652	  0.310
      8.656	  0.320
      8.660	  0.315
      8.664	  0.315
      8.668	  0.300
      8.672	  0.295
      8.676	  0.295
      8.680	  0.305
      8.684	  0.310
      8.688	  0.320
      8.692	  0.310
      8.696	  0.310
      8.700	  0.310
      8.704	  0.295
      8.708	  0.295
      8.712	  0.305
      8.716	  0.300
      8.720	  0.315
      8.724	  0.315
      8.728	  0.315
      8.732	  0.305
      8.736	  0.290
      8.740	  0.275
      8.744	  0.275
      8.748	  0.285
      8.752	  0.295
      8.756	  0.305
      8.760	  0.300
      8.764	  0.290
      8.768	  0.295
      8.772	  0.290
      8.776	  0.275
      8.780	  0.280
      8.784	  0.285
      8.788	  0.290
      8.792	  0.290
      8.796	  0.280
      8.800	  0.280
      8.804	  0.270
      8.808	  0.255
      8.812	  0.265
      8.816	  0.275
      8.820	  0.275
      8.824	  0.280
      8.828	  0.270
      8.832	  0.265
      8.836	  0.255
      8.840	  0.250
      8.844	  0.245
      8.848	  0.260
      8.852	  0.265
      8.856	  0.265
      8.860	  0.275
      8.864	  0.260
      8.868	  0.235
      8.872	  0.230
      8.876	  0.220
      8.880	  0.230
      8.884	  0.230
      8.888	  0.230
      8.892	  0.245
      8.896	  0.240
      8.900	  0.235
      8.904	  0.215
      8.908	  0.220
      8.912	  0.220
      8.916	  0.215
      8.920	  0.225
      8.924	  0.225
      8.928	  0.225
      8.932	  0.210
      8.936	  0.200
      8.940	  0.200
      8.944	  0.190
      8.948	  0.200
      8.952	  0.200
      8.956	  0.200
      8.960	  0.205
      8.964	  0.205
      8.968	  0.195
      8.972	  0.195
      8.976	  0.175
      8.980	  0.185
      8.984	  0.195
      8.988	  0.195
      8.992	  0.200
      8.996	  0.195
      9.000	  0.170
      9.004	  0.155
      9.008	  0.165
      9.012	  0.170
      9.016	  0.160
      9.020	  0.165
      9.024	  0.170
      9.028	  0.155
      9.032	  0.170
      9.036	  0.140
      9.040	  0.150
      9.044	  0.125
      9.048	  0.140
      9.052	  0.155
      9.056	  0.155
      9.060	  0.150
      9.064	  0.155
      9.068	  0.120
      9.072	  0.115
      9.076	  0.115
      9.080	  0.125
      9.084	  0.130
      9.088	  0.130
      9.092	  0.145
      9.096	  0.125
      9.100	  0.120
      9.104	  0.105
      9.108	  0.100
      9.112	  0.100
      9.116	  0.115
      9.120	  0.120
      9.124	  0.120
      9.128	  0.115
      9.132	  0.110
      9.136	  0.080
      9.140	  0.075
      9.144	  0.080
      9.148	  0.090
      9.152	  0.095
      9.156	  0.105
      9.160	  0.100
      9.164	  0.085
      9.168	  0.080
      9.172	  0.055
      9.176	  0.050
      9.180	  0.055
      9.184	  0.065
      9.188	  0.070
      9.192	  0.065
      9.196	  0.065
      9.200	  0.065
      9.204	  0.050
      9.208	  0.045
      9.212	  0.050
      9.216	  0.050
      9.220	  0.065
      9.224	  0.050
      9.228	  0.045
      9.232	  0.040
      9.236	  0.035
      9.240	  0.030
      9.244	  0.035
      9.248	  0.035
      9.252	  0.050
      9.256	  0.055
      9.260	  0.055
      9.264	  0.055
      9.268	  0.035
      9.272	  0.035
      9.276	  0.035
      9.280	  0.040
      9.284	  0.055
      9.288	  0.060
      9.292	  0.065
      9.296	  0.055
      9.300	  0.050
      9.304	  0.040
      9.308	  0.035
      9.312	  0.035
      9.316	  0.040
      9.320	  0.040
      9.324	  0.030
      9.328	  0.020
      9.332	  0.025
      9.336	  0.010
      9.340	  0.000
      9.344	  0.005
      9.348	  0.015
      9.352	  0.010
      9.356	  0.025
      9.360	  0.015
      9.364	  0.010
      9.368	 -0.010
      9.372	 -0.015
      9.376	 -0.005
      9.380	  0.000
      9.384	  0.000
      9.388	  0.005
      9.392	  0.000
      9.396	 -0.015
      9.400	 -0.025
      9.404	 -0.070
      9.408	 -0.080
      9.412	 -0.075
      9.416	 -0.070
      9.420	 -0.075
      9.424	 -0.085
      9.428	 -0.085
      9.432	 -0.095
      9.436	 -0.100
      9.440	 -0.100
      9.444	 -0.120
      9.448	 -0.110
      9.452	 -0.105
      9.456	 -0.110
      9.460	 -0.105
      9.464	 -0.120
      9.468	 -0.120
      9.472	 -0.135
      9.476	 -0.135
      9.480	 -0.135
      9.484	 -0.140
      9.488	 -0.135
      9.492	 -0.125
      9.496	 -0.140
      9.500	 -0.140
      9.504	 -0.140
      9.508	 -0.140
      9.512	 -0.150
      9.516	 -0.135
      9.520	 -0.140
      9.524	 -0.135
      9.528	 -0.145
      9.532	 -0.155
      9.536	 -0.175
      9.540	 -0.165
      9.544	 -0.160
      9.548	 -0.140
      9.552	 -0.115
      9.556	 -0.110
      9.560	 -0.120
      9.564	 -0.140
      9.568	 -0.170
      9.572	 -0.185
      9.576	 -0.185
      9.580	 -0.175
      9.584	 -0.170
      9.588	 -0.195
      9.592	 -0.225
      9.596	 -0.260
      9.600	 -0.320
      9.604	 -0.350
      9.608	 -0.380
      9.612	 -0.400
      9.616	 -0.390
      9.620	 -0.395
      9.624	 -0.385
      9.628	 -0.380
      9.632	 -0.370
      9.636	 -0.375
      9.640	 -0.350
      9.644	 -0.320
      9.648	 -0.330
      9.652	 -0.310
      9.656	 -0.320
      9.660	 -0.320
      9.664	 -0.335
      9.668	 -0.340
      9.672	 -0.350
      9.676	 -0.320
      9.680	 -0.300
      9.684	 -0.275
      9.688	 -0.235
      9.692	 -0.230
      9.696	 -0.215
      9.700	 -0.205
      9.704	 -0.200
      9.708	 -0.200
      9.712	 -0.170
      9.716	 -0.160
      9.720	 -0.135
      9.724	 -0.125
      9.728	 -0.120
      9.732	 -0.110
      9.736	 -0.125
      9.740	 -0.100
      9.744	 -0.115
      9.748	 -0.105
      9.752	 -0.095
      9.756	 -0.085
      9.760	 -0.100
      9.764	 -0.100
      9.768	 -0.105
      9.772	 -0.110
      9.776	 -0.100
      9.780	 -0.100
      9.784	 -0.080
      9.788	 -0.075
      9.792	 -0.075
      9.796	 -0.075
      9.800	 -0.095
      9.804	 -0.105
      9.808	 -0.110
      9.812	 -0.100
      9.816	 -0.095
      9.820	 -0.095
      9.824	 -0.090
      9.828	 -0.100
      9.832	 -0.110
      9.836	 -0.120
      9.840	 -0.125
      9.844	 -0.140
      9.848	 -0.120
      9.852	 -0.120
      9.856	 -0.125
      9.860	 -0.115
      9.864	 -0.130
      9.868	 -0.145
      9.872	 -0.140
      9.876	 -0.155
      9.880	 -0.155
      9.884	 -0.155
      9.888	 -0.150
      9.892	 -0.155
      9.896	 -0.155
      9.900	 -0.155
      9.904	 -0.165
      9.908	 -0.175
      9.912	 -0.175
      9.916	 -0.180
      9.920	 -0.175
      9.924	 -0.175
      9.928	 -0.185
      9.932	 -0.195
      9.936	 -0.200
      9.940	 -0.210
      9.944	 -0.215
      9.948	 -0.210
      9.952	 -0.200
      9.956	 -0.195
      9.960	 -0.190
      9.964	 -0.195
      9.968	 -0.215
      9.972	 -0.225
      9.976	 -0.230
      9.980	 -0.220
      9.984	 -0.215
      9.988	 -0.210
      9.992	 -0.210
      9.996	 -0.220
