Elapsed_time	ECG
      0.000	 -4.890
      0.004	 -4.875
      0.008	 -4.835
      0.012	 -4.805
      0.016	 -4.800
      0.020	 -4.785
      0.024	 -4.780
      0.028	 -4.745
      0.032	 -4.745
      0.036	 -4.725
      0.040	 -4.715
      0.044	 -4.695
      0.048	 -4.690
      0.052	 -4.690
      0.056	 -4.700
      0.060	 -4.695
      0.064	 -4.700
      0.068	 -4.660
      0.072	 -4.630
      0.076	 -4.645
      0.080	 -4.680
      0.084	 -4.730
      0.088	 -4.765
      0.092	 -4.780
      0.096	 -4.785
      0.100	 -4.805
      0.104	 -4.805
      0.108	 -4.795
      0.112	 -4.775
      0.116	 -4.815
      0.120	 -4.805
      0.124	 -4.815
      0.128	 -4.800
      0.132	 -4.775
      0.136	 -4.765
      0.140	 -4.790
      0.144	 -4.770
      0.148	 -4.790
      0.152	 -4.775
      0.156	 -4.800
      0.160	 -4.790
      0.164	 -4.815
      0.168	 -4.785
      0.172	 -4.755
      0.176	 -4.750
      0.180	 -4.755
      0.184	 -4.765
      0.188	 -4.790
      0.192	 -4.800
      0.196	 -4.825
      0.200	 -4.830
      0.204	 -4.835
      0.208	 -4.840
      0.212	 -4.830
      0.216	 -4.835
      0.220	 -4.855
      0.224	 -4.875
      0.228	 -4.870
      0.232	 -4.880
      0.236	 -4.875
      0.240	 -4.865
      0.244	 -4.885
      0.248	 -4.900
      0.252	 -4.925
      0.256	 -4.955
      0.260	 -5.005
      0.264	 -5.025
      0.268	 -5.035
      0.272	 -5.040
      0.276	 -5.055
      0.280	 -5.100
      0.284	 -5.115
      0.288	 -5.135
      0.292	 -5.160
      0.296	 -5.190
      0.300	 -5.210
      0.304	 -5.215
      0.308	 -5.200
      0.312	 -5.240
      0.316	 -5.275
      0.320	 -5.305
      0.324	 -5.330
      0.328	 -5.340
      0.332	 -5.370
      0.336	 -5.375
      0.340	 -5.355
      0.344	 -5.360
      0.348	 -5.355
      0.352	 -5.380
      0.356	 -5.370
      0.360	 -5.385
      0.364	 -5.360
      0.368	 -5.335
      0.372	 -5.295
      0.376	 -5.270
      0.380	 -5.265
      0.384	 -5.255
      0.388	 -5.270
      0.392	 -5.260
      0.396	 -5.260
      0.400	 -5.265
      0.404	 -5.220
      0.408	 -5.190
      0.412	 -5.190
      0.416	 -5.165
      0.420	 -5.125
      0.424	 -5.105
      0.428	 -5.070
      0.432	 -5.030
      0.436	 -5.005
      0.440	 -4.955
      0.444	 -4.935
      0.448	 -4.925
      0.452	 -4.930
      0.456	 -4.940
      0.460	 -4.945
      0.464	 -4.945
      0.468	 -4.945
      0.472	 -4.955
      0.476	 -4.945
      0.480	 -4.970
      0.484	 -4.995
      0.488	 -5.040
      0.492	 -5.045
      0.496	 -5.075
      0.500	 -5.075
      0.504	 -5.055
      0.508	 -5.040
      0.512	 -5.065
      0.516	 -5.075
      0.520	 -5.105
      0.524	 -5.145
      0.528	 -5.145
      0.532	 -5.150
      0.536	 -5.140
      0.540	 -5.130
      0.544	 -5.090
      0.548	 -5.095
      0.552	 -5.080
      0.556	 -5.125
      0.560	 -5.145
      0.564	 -5.130
      0.568	 -5.095
      0.572	 -5.055
      0.576	 -5.075
      0.580	 -5.060
      0.584	 -5.055
      0.588	 -5.105
      0.592	 -5.115
      0.596	 -5.125
      0.600	 -5.105
      0.604	 -5.110
      0.608	 -5.085
      0.612	 -5.075
      0.616	 -5.075
      0.620	 -5.095
      0.624	 -5.100
      0.628	 -5.065
      0.632	 -5.040
      0.636	 -5.010
      0.640	 -4.975
      0.644	 -4.955
      0.648	 -4.930
      0.652	 -4.940
      0.656	 -4.935
      0.660	 -4.940
      0.664	 -4.920
      0.668	 -4.905
      0.672	 -4.885
      0.676	 -4.880
      0.680	 -4.880
      0.684	 -4.870
      0.688	 -4.905
      0.692	 -4.905
      0.696	 -4.915
      0.700	 -4.930
      0.704	 -4.915
      0.708	 -4.940
      0.712	 -4.965
      0.716	 -4.990
      0.720	 -5.010
      0.724	 -5.040
      0.728	 -5.075
      0.732	 -5.080
      0.736	 -5.080
      0.740	 -5.035
      0.744	 -5.050
      0.748	 -5.075
      0.752	 -5.080
      0.756	 -5.090
      0.760	 -5.100
      0.764	 -5.095
      0.768	 -5.095
      0.772	 -5.050
      0.776	 -5.070
      0.780	 -5.100
      0.784	 -5.090
      0.788	 -5.130
      0.792	 -5.140
      0.796	 -5.135
      0.800	 -5.130
      0.804	 -5.135
      0.808	 -5.120
      0.812	 -5.120
      0.816	 -5.125
      0.820	 -5.120
      0.824	 -5.130
      0.828	 -5.160
      0.832	 -5.160
      0.836	 -5.130
      0.840	 -5.105
      0.844	 -5.060
      0.848	 -5.055
      0.852	 -5.060
      0.856	 -5.070
      0.860	 -5.070
      0.864	 -5.050
      0.868	 -5.015
      0.872	 -4.975
      0.876	 -4.920
      0.880	 -4.915
      0.884	 -4.910
      0.888	 -4.930
      0.892	 -4.950
      0.896	 -4.935
      0.900	 -4.925
      0.904	 -4.950
      0.908	 -4.930
      0.912	 -4.940
      0.916	 -4.980
      0.920	 -5.005
      0.924	 -5.050
      0.928	 -5.055
      0.932	 -5.065
      0.936	 -5.080
      0.940	 -5.060
      0.944	 -5.090
      0.948	 -5.125
      0.952	 -5.155
      0.956	 -5.195
      0.960	 -5.230
      0.964	 -5.245
      0.968	 -5.250
      0.972	 -5.260
      0.976	 -5.265
      0.980	 -5.275
      0.984	 -5.310
      0.988	 -5.320
      0.992	 -5.330
      0.996	 -5.345
      1.000	 -5.350
      1.004	 -5.325
      1.008	 -5.315
      1.012	 -5.300
      1.016	 -5.310
      1.020	 -5.310
      1.024	 -5.330
      1.028	 -5.325
      1.032	 -5.320
      1.036	 -5.290
      1.040	 -5.250
      1.044	 -5.240
      1.048	 -5.245
      1.052	 -5.250
      1.056	 -5.250
      1.060	 -5.240
      1.064	 -5.240
      1.068	 -5.200
      1.072	 -5.215
      1.076	 -5.185
      1.080	 -5.195
      1.084	 -5.195
      1.088	 -5.185
      1.092	 -5.160
      1.096	 -5.140
      1.100	 -5.100
      1.104	 -5.040
      1.108	 -5.005
      1.112	 -4.955
      1.116	 -4.950
      1.120	 -4.935
      1.124	 -4.935
      1.128	 -4.920
      1.132	 -4.885
      1.136	 -4.845
      1.140	 -4.815
      1.144	 -4.790
      1.148	 -4.820
      1.152	 -4.810
      1.156	 -4.795
      1.160	 -4.810
      1.164	 -4.785
      1.168	 -4.785
      1.172	 -4.780
      1.176	 -4.785
      1.180	 -4.845
      1.184	 -4.875
      1.188	 -4.910
      1.192	 -4.940
      1.196	 -4.940
      1.200	 -4.965
      1.204	 -4.975
      1.208	 -5.005
      1.212	 -5.015
      1.216	 -5.035
      1.220	 -5.055
      1.224	 -5.075
      1.228	 -5.065
      1.232	 -5.050
      1.236	 -5.030
      1.240	 -5.000
      1.244	 -4.970
      1.248	 -5.000
      1.252	 -4.980
      1.256	 -4.985
      1.260	 -5.020
      1.264	 -5.010
      1.268	 -5.000
      1.272	 -4.945
      1.276	 -4.955
      1.280	 -4.945
      1.284	 -4.955
      1.288	 -5.005
      1.292	 -5.035
      1.296	 -5.045
      1.300	 -5.045
      1.304	 -5.060
      1.308	 -5.065
      1.312	 -5.100
      1.316	 -5.125
      1.320	 -5.120
      1.324	 -5.145
      1.328	 -5.160
      1.332	 -5.145
      1.336	 -5.145
      1.340	 -5.130
      1.344	 -5.120
      1.348	 -5.135
      1.352	 -5.145
      1.356	 -5.135
      1.360	 -5.145
      1.364	 -5.130
      1.368	 -5.100
      1.372	 -5.105
      1.376	 -5.095
      1.380	 -5.105
      1.384	 -5.135
      1.388	 -5.175
      1.392	 -5.200
      1.396	 -5.235
      1.400	 -5.260
      1.404	 -5.255
      1.408	 -5.260
      1.412	 -5.290
      1.416	 -5.290
      1.420	 -5.310
      1.424	 -5.330
      1.428	 -5.335
      1.432	 -5.330
      1.436	 -5.310
      1.440	 -5.275
      1.444	 -5.240
      1.448	 -5.240
      1.452	 -5.275
      1.456	 -5.280
      1.460	 -5.260
      1.464	 -5.260
      1.468	 -5.255
      1.472	 -5.215
      1.476	 -5.185
      1.480	 -5.185
      1.484	 -5.180
      1.488	 -5.200
      1.492	 -5.210
      1.496	 -5.200
      1.500	 -5.205
      1.504	 -5.220
      1.508	 -5.230
      1.512	 -5.245
      1.516	 -5.260
      1.520	 -5.280
      1.524	 -5.310
      1.528	 -5.305
      1.532	 -5.315
      1.536	 -5.290
      1.540	 -5.280
      1.544	 -5.265
      1.548	 -5.245
      1.552	 -5.250
      1.556	 -5.250
      1.560	 -5.255
      1.564	 -5.270
      1.568	 -5.265
      1.572	 -5.265
      1.576	 -5.280
      1.580	 -5.300
      1.584	 -5.310
      1.588	 -5.330
      1.592	 -5.360
      1.596	 -5.400
      1.600	 -5.415
      1.604	 -5.410
      1.608	 -5.430
      1.612	 -5.470
      1.616	 -5.500
      1.620	 -5.540
      1.624	 -5.585
      1.628	 -5.605
      1.632	 -5.610
      1.636	 -5.610
      1.640	 -5.580
      1.644	 -5.575
      1.648	 -5.560
      1.652	 -5.580
      1.656	 -5.590
      1.660	 -5.575
      1.664	 -5.560
      1.668	 -5.555
      1.672	 -5.515
      1.676	 -5.515
      1.680	 -5.485
      1.684	 -5.505
      1.688	 -5.510
      1.692	 -5.520
      1.696	 -5.525
      1.700	 -5.495
      1.704	 -5.490
      1.708	 -5.485
      1.712	 -5.520
      1.716	 -5.515
      1.720	 -5.510
      1.724	 -5.530
      1.728	 -5.510
      1.732	 -5.470
      1.736	 -5.465
      1.740	 -5.420
      1.744	 -5.400
      1.748	 -5.415
      1.752	 -5.400
      1.756	 -5.415
      1.760	 -5.405
      1.764	 -5.415
      1.768	 -5.395
      1.772	 -5.395
      1.776	 -5.375
      1.780	 -5.385
      1.784	 -5.365
      1.788	 -5.375
      1.792	 -5.375
      1.796	 -5.375
      1.800	 -5.375
      1.804	 -5.345
      1.808	 -5.335
      1.812	 -5.315
      1.816	 -5.320
      1.820	 -5.300
      1.824	 -5.315
      1.828	 -5.280
      1.832	 -5.310
      1.836	 -5.265
      1.840	 -5.295
      1.844	 -5.280
      1.848	 -5.290
      1.852	 -5.325
      1.856	 -5.365
      1.860	 -5.390
      1.864	 -5.450
      1.868	 -5.430
      1.872	 -5.420
      1.876	 -5.380
      1.880	 -5.370
      1.884	 -5.365
      1.888	 -5.400
      1.892	 -5.425
      1.896	 -5.440
      1.900	 -5.435
      1.904	 -5.425
      1.908	 -5.405
      1.912	 -5.435
      1.916	 -5.440
      1.920	 -5.480
      1.924	 -5.505
      1.928	 -5.535
      1.932	 -5.565
      1.936	 -5.595
      1.940	 -5.605
      1.944	 -5.595
      1.948	 -5.620
      1.952	 -5.640
      1.956	 -5.685
      1.960	 -5.685
      1.964	 -5.660
      1.968	 -5.650
      1.972	 -5.610
      1.976	 -5.595
      1.980	 -5.605
      1.984	 -5.600
      1.988	 -5.630
      1.992	 -5.620
      1.996	 -5.625
      2.000	 -5.605
      2.004	 -5.570
      2.008	 -5.580
      2.012	 -5.570
      2.016	 -5.545
      2.020	 -5.550
      2.024	 -5.570
      2.028	 -5.555
      2.032	 -5.560
      2.036	 -5.560
      2.040	 -5.555
      2.044	 -5.550
      2.048	 -5.580
      2.052	 -5.570
      2.056	 -5.585
      2.060	 -5.590
      2.064	 -5.600
      2.068	 -5.625
      2.072	 -5.605
      2.076	 -5.600
      2.080	 -5.610
      2.084	 -5.620
      2.088	 -5.605
      2.092	 -5.635
      2.096	 -5.610
      2.100	 -5.610
      2.104	 -5.575
      2.108	 -5.555
      2.112	 -5.550
      2.116	 -5.540
      2.120	 -5.525
      2.124	 -5.540
      2.128	 -5.530
      2.132	 -5.505
      2.136	 -5.485
      2.140	 -5.440
      2.144	 -5.435
      2.148	 -5.425
      2.152	 -5.425
      2.156	 -5.455
      2.160	 -5.445
      2.164	 -5.445
      2.168	 -5.425
      2.172	 -5.380
      2.176	 -5.355
      2.180	 -5.320
      2.184	 -5.290
      2.188	 -5.235
      2.192	 -5.240
      2.196	 -5.195
      2.200	 -5.160
      2.204	 -5.100
      2.208	 -5.075
      2.212	 -5.030
      2.216	 -5.040
      2.220	 -5.020
      2.224	 -5.055
      2.228	 -5.045
      2.232	 -5.050
      2.236	 -5.045
      2.240	 -5.045
      2.244	 -5.050
      2.248	 -5.075
      2.252	 -5.075
      2.256	 -5.120
      2.260	 -5.135
      2.264	 -5.160
      2.268	 -5.165
      2.272	 -5.185
      2.276	 -5.170
      2.280	 -5.230
      2.284	 -5.225
      2.288	 -5.255
      2.292	 -5.285
      2.296	 -5.280
      2.300	 -5.310
      2.304	 -5.320
      2.308	 -5.355
      2.312	 -5.340
      2.316	 -5.395
      2.320	 -5.420
      2.324	 -5.415
      2.328	 -5.440
      2.332	 -5.430
      2.336	 -5.435
      2.340	 -5.430
      2.344	 -5.385
      2.348	 -5.380
      2.352	 -5.375
      2.356	 -5.400
      2.360	 -5.380
      2.364	 -5.395
      2.368	 -5.350
      2.372	 -5.350
      2.376	 -5.320
      2.380	 -5.320
      2.384	 -5.335
      2.388	 -5.355
      2.392	 -5.360
      2.396	 -5.345
      2.400	 -5.315
      2.404	 -5.290
      2.408	 -5.265
      2.412	 -5.240
      2.416	 -5.230
      2.420	 -5.235
      2.424	 -5.230
      2.428	 -5.180
      2.432	 -5.140
      2.436	 -5.080
      2.440	 -5.050
      2.444	 -5.005
      2.448	 -4.950
      2.452	 -4.930
      2.456	 -4.930
      2.460	 -4.915
      2.464	 -4.915
      2.468	 -4.860
      2.472	 -4.815
      2.476	 -4.780
      2.480	 -4.755
      2.484	 -4.775
      2.488	 -4.785
      2.492	 -4.825
      2.496	 -4.840
      2.500	 -4.845
      2.504	 -4.850
      2.508	 -4.865
      2.512	 -4.885
      2.516	 -4.935
      2.520	 -5.000
      2.524	 -5.050
      2.528	 -5.065
      2.532	 -5.075
      2.536	 -5.050
      2.540	 -5.085
      2.544	 -5.075
      2.548	 -5.085
      2.552	 -5.075
      2.556	 -5.100
      2.560	 -5.125
      2.564	 -5.130
      2.568	 -5.145
      2.572	 -5.150
      2.576	 -5.125
      2.580	 -5.125
      2.584	 -5.150
      2.588	 -5.140
      2.592	 -5.135
      2.596	 -5.140
      2.600	 -5.145
      2.604	 -5.095
      2.608	 -5.110
      2.612	 -5.120
      2.616	 -5.165
      2.620	 -5.180
      2.624	 -5.215
      2.628	 -5.230
      2.632	 -5.210
      2.636	 -5.185
      2.640	 -5.160
      2.644	 -5.155
      2.648	 -5.190
      2.652	 -5.210
      2.656	 -5.245
      2.660	 -5.280
      2.664	 -5.280
      2.668	 -5.275
      2.672	 -5.280
      2.676	 -5.310
      2.680	 -5.310
      2.684	 -5.370
      2.688	 -5.395
      2.692	 -5.420
      2.696	 -5.420
      2.700	 -5.425
      2.704	 -5.405
      2.708	 -5.410
      2.712	 -5.395
      2.716	 -5.410
      2.720	 -5.395
      2.724	 -5.415
      2.728	 -5.375
      2.732	 -5.370
      2.736	 -5.355
      2.740	 -5.305
      2.744	 -5.285
      2.748	 -5.280
      2.752	 -5.280
      2.756	 -5.305
      2.760	 -5.275
      2.764	 -5.270
      2.768	 -5.250
      2.772	 -5.220
      2.776	 -5.200
      2.780	 -5.205
      2.784	 -5.240
      2.788	 -5.260
      2.792	 -5.265
      2.796	 -5.260
      2.800	 -5.260
      2.804	 -5.220
      2.808	 -5.205
      2.812	 -5.205
      2.816	 -5.195
      2.820	 -5.180
      2.824	 -5.175
      2.828	 -5.165
      2.832	 -5.155
      2.836	 -5.145
      2.840	 -5.130
      2.844	 -5.105
      2.848	 -5.125
      2.852	 -5.125
      2.856	 -5.140
      2.860	 -5.140
      2.864	 -5.140
      2.868	 -5.090
      2.872	 -5.085
      2.876	 -5.080
      2.880	 -5.080
      2.884	 -5.075
      2.888	 -5.085
      2.892	 -5.095
      2.896	 -5.090
      2.900	 -5.090
      2.904	 -5.090
      2.908	 -5.070
      2.912	 -5.075
      2.916	 -5.145
      2.920	 -5.180
      2.924	 -5.225
      2.928	 -5.245
      2.932	 -5.220
      2.936	 -5.225
      2.940	 -5.200
      2.944	 -5.180
      2.948	 -5.195
      2.952	 -5.190
      2.956	 -5.220
      2.960	 -5.255
      2.964	 -5.255
      2.968	 -5.245
      2.972	 -5.240
      2.976	 -5.205
      2.980	 -5.210
      2.984	 -5.220
      2.988	 -5.245
      2.992	 -5.250
      2.996	 -5.275
      3.000	 -5.290
      3.004	 -5.255
      3.008	 -5.230
      3.012	 -5.205
      3.016	 -5.235
      3.020	 -5.235
      3.024	 -5.230
      3.028	 -5.230
      3.032	 -5.210
      3.036	 -5.195
      3.040	 -5.175
      3.044	 -5.135
      3.048	 -5.125
      3.052	 -5.115
      3.056	 -5.125
      3.060	 -5.125
      3.064	 -5.115
      3.068	 -5.090
      3.072	 -5.065
      3.076	 -5.055
      3.080	 -5.075
      3.084	 -5.070
      3.088	 -5.075
      3.092	 -5.095
      3.096	 -5.065
      3.100	 -5.055
      3.104	 -5.015
      3.108	 -4.985
      3.112	 -4.965
      3.116	 -4.945
      3.120	 -4.940
      3.124	 -4.945
      3.128	 -4.920
      3.132	 -4.895
      3.136	 -4.880
      3.140	 -4.850
      3.144	 -4.840
      3.148	 -4.840
      3.152	 -4.825
      3.156	 -4.840
      3.160	 -4.820
      3.164	 -4.830
      3.168	 -4.810
      3.172	 -4.770
      3.176	 -4.775
      3.180	 -4.790
      3.184	 -4.825
      3.188	 -4.840
      3.192	 -4.865
      3.196	 -4.890
      3.200	 -4.880
      3.204	 -4.845
      3.208	 -4.845
      3.212	 -4.865
      3.216	 -4.855
      3.220	 -4.885
      3.224	 -4.905
      3.228	 -4.910
      3.232	 -4.910
      3.236	 -4.940
      3.240	 -4.925
      3.244	 -4.945
      3.248	 -4.950
      3.252	 -4.985
      3.256	 -5.035
      3.260	 -5.065
      3.264	 -5.070
      3.268	 -5.085
      3.272	 -5.085
      3.276	 -5.095
      3.280	 -5.110
      3.284	 -5.140
      3.288	 -5.150
      3.292	 -5.175
      3.296	 -5.180
      3.300	 -5.185
      3.304	 -5.160
      3.308	 -5.170
      3.312	 -5.170
      3.316	 -5.165
      3.320	 -5.160
      3.324	 -5.155
      3.328	 -5.150
      3.332	 -5.150
      3.336	 -5.130
      3.340	 -5.100
      3.344	 -5.075
      3.348	 -5.055
      3.352	 -5.050
      3.356	 -5.050
      3.360	 -5.025
      3.364	 -5.000
      3.368	 -4.945
      3.372	 -4.925
      3.376	 -4.905
      3.380	 -4.900
      3.384	 -4.930
      3.388	 -4.930
      3.392	 -4.935
      3.396	 -4.955
      3.400	 -4.915
      3.404	 -4.895
      3.408	 -4.910
      3.412	 -4.890
      3.416	 -4.890
      3.420	 -4.890
      3.424	 -4.910
      3.428	 -4.920
      3.432	 -4.925
      3.436	 -4.905
      3.440	 -4.885
      3.444	 -4.885
      3.448	 -4.875
      3.452	 -4.890
      3.456	 -4.905
      3.460	 -4.890
      3.464	 -4.865
      3.468	 -4.850
      3.472	 -4.805
      3.476	 -4.780
      3.480	 -4.760
      3.484	 -4.745
      3.488	 -4.765
      3.492	 -4.790
      3.496	 -4.770
      3.500	 -4.805
      3.504	 -4.790
      3.508	 -4.775
      3.512	 -4.760
      3.516	 -4.755
      3.520	 -4.760
      3.524	 -4.750
      3.528	 -4.760
      3.532	 -4.745
      3.536	 -4.695
      3.540	 -4.700
      3.544	 -4.690
      3.548	 -4.655
      3.552	 -4.645
      3.556	 -4.675
      3.560	 -4.675
      3.564	 -4.645
      3.568	 -4.635
      3.572	 -4.585
      3.576	 -4.585
      3.580	 -4.575
      3.584	 -4.555
      3.588	 -4.565
      3.592	 -4.560
      3.596	 -4.545
      3.600	 -4.540
      3.604	 -4.550
      3.608	 -4.520
      3.612	 -4.490
      3.616	 -4.475
      3.620	 -4.490
      3.624	 -4.500
      3.628	 -4.450
      3.632	 -4.410
      3.636	 -4.385
      3.640	 -4.340
      3.644	 -4.320
      3.648	 -4.335
      3.652	 -4.365
      3.656	 -4.390
      3.660	 -4.365
      3.664	 -4.365
      3.668	 -4.350
      3.672	 -4.325
      3.676	 -4.350
      3.680	 -4.370
      3.684	 -4.410
      3.688	 -4.460
      3.692	 -4.455
      3.696	 -4.500
      3.700	 -4.505
      3.704	 -4.530
      3.708	 -4.520
      3.712	 -4.530
      3.716	 -4.580
      3.720	 -4.585
      3.724	 -4.605
      3.728	 -4.615
      3.732	 -4.620
      3.736	 -4.625
      3.740	 -4.590
      3.744	 -4.580
      3.748	 -4.575
      3.752	 -4.560
      3.756	 -4.595
      3.760	 -4.615
      3.764	 -4.590
      3.768	 -4.600
      3.772	 -4.605
      3.776	 -4.590
      3.780	 -4.590
      3.784	 -4.580
      3.788	 -4.585
      3.792	 -4.595
      3.796	 -4.615
      3.800	 -4.605
      3.804	 -4.610
      3.808	 -4.585
      3.812	 -4.585
      3.816	 -4.590
      3.820	 -4.605
      3.824	 -4.635
      3.828	 -4.640
      3.832	 -4.610
      3.836	 -4.625
      3.840	 -4.615
      3.844	 -4.600
      3.848	 -4.625
      3.852	 -4.645
      3.856	 -4.700
      3.860	 -4.710
      3.864	 -4.740
      3.868	 -4.750
      3.872	 -4.770
      3.876	 -4.775
      3.880	 -4.815
      3.884	 -4.825
      3.888	 -4.840
      3.892	 -4.860
      3.896	 -4.835
      3.900	 -4.805
      3.904	 -4.805
      3.908	 -4.805
      3.912	 -4.845
      3.916	 -4.905
      3.920	 -4.930
      3.924	 -4.975
      3.928	 -4.990
      3.932	 -5.000
      3.936	 -5.010
      3.940	 -4.995
      3.944	 -5.005
      3.948	 -5.010
      3.952	 -5.005
      3.956	 -5.000
      3.960	 -4.990
      3.964	 -5.000
      3.968	 -4.985
      3.972	 -4.975
      3.976	 -4.955
      3.980	 -4.985
      3.984	 -4.990
      3.988	 -4.995
      3.992	 -5.050
      3.996	 -5.055
      4.000	 -5.050
      4.004	 -5.030
      4.008	 -5.025
      4.012	 -5.025
      4.016	 -5.055
      4.020	 -5.065
      4.024	 -5.085
      4.028	 -5.100
      4.032	 -5.105
      4.036	 -5.090
      4.040	 -5.045
      4.044	 -5.055
      4.048	 -5.040
      4.052	 -5.020
      4.056	 -5.060
      4.060	 -5.050
      4.064	 -5.065
      4.068	 -5.050
      4.072	 -5.035
      4.076	 -5.005
      4.080	 -5.000
      4.084	 -5.010
      4.088	 -5.020
      4.092	 -5.040
      4.096	 -5.070
      4.100	 -5.080
      4.104	 -5.070
      4.108	 -5.040
      4.112	 -5.055
      4.116	 -5.060
      4.120	 -5.100
      4.124	 -5.145
      4.128	 -5.165
      4.132	 -5.160
      4.136	 -5.155
      4.140	 -5.155
      4.144	 -5.140
      4.148	 -5.175
      4.152	 -5.175
      4.156	 -5.200
      4.160	 -5.215
      4.164	 -5.215
      4.168	 -5.220
      4.172	 -5.190
      4.176	 -5.165
      4.180	 -5.190
      4.184	 -5.200
      4.188	 -5.205
      4.192	 -5.205
      4.196	 -5.210
      4.200	 -5.195
      4.204	 -5.185
      4.208	 -5.140
      4.212	 -5.125
      4.216	 -5.130
      4.220	 -5.105
      4.224	 -5.125
      4.228	 -5.105
      4.232	 -5.100
      4.236	 -5.085
      4.240	 -5.080
      4.244	 -5.075
      4.248	 -5.060
      4.252	 -5.085
      4.256	 -5.115
      4.260	 -5.125
      4.264	 -5.075
      4.268	 -5.070
      4.272	 -5.055
      4.276	 -5.010
      4.280	 -5.020
      4.284	 -5.000
      4.288	 -4.990
      4.292	 -5.010
      4.296	 -5.050
      4.300	 -5.060
      4.304	 -5.075
      4.308	 -5.030
      4.312	 -5.005
      4.316	 -4.975
      4.320	 -4.995
      4.324	 -5.000
      4.328	 -5.025
      4.332	 -5.035
      4.336	 -5.050
      4.340	 -5.070
      4.344	 -5.095
      4.348	 -5.130
      4.352	 -5.165
      4.356	 -5.165
      4.360	 -5.180
      4.364	 -5.165
      4.368	 -5.140
      4.372	 -5.110
      4.376	 -5.095
      4.380	 -5.075
      4.384	 -5.055
      4.388	 -5.025
      4.392	 -5.030
      4.396	 -4.990
      4.400	 -4.995
      4.404	 -4.940
      4.408	 -4.885
      4.412	 -4.875
      4.416	 -4.890
      4.420	 -4.905
      4.424	 -4.935
      4.428	 -4.950
      4.432	 -4.970
      4.436	 -4.970
      4.440	 -4.975
      4.444	 -4.945
      4.448	 -4.955
      4.452	 -4.970
      4.456	 -5.010
      4.460	 -5.035
      4.464	 -5.035
      4.468	 -5.010
      4.472	 -5.015
      4.476	 -4.985
      4.480	 -4.975
      4.484	 -4.995
      4.488	 -5.005
      4.492	 -5.020
      4.496	 -5.020
      4.500	 -4.990
      4.504	 -4.970
      4.508	 -4.975
      4.512	 -4.970
      4.516	 -4.995
      4.520	 -5.010
      4.524	 -5.035
      4.528	 -5.020
      4.532	 -5.025
      4.536	 -5.050
      4.540	 -5.030
      4.544	 -5.030
      4.548	 -5.020
      4.552	 -5.025
      4.556	 -5.085
      4.560	 -5.090
      4.564	 -5.095
      4.568	 -5.125
      4.572	 -5.170
      4.576	 -5.170
      4.580	 -5.195
      4.584	 -5.220
      4.588	 -5.235
      4.592	 -5.265
      4.596	 -5.270
      4.600	 -5.300
      4.604	 -5.285
      4.608	 -5.290
      4.612	 -5.260
      4.616	 -5.270
      4.620	 -5.245
      4.624	 -5.240
      4.628	 -5.200
      4.632	 -5.150
      4.636	 -5.130
      4.640	 -5.075
      4.644	 -5.040
      4.648	 -5.050
      4.652	 -5.045
      4.656	 -5.020
      4.660	 -4.990
      4.664	 -4.945
      4.668	 -4.915
      4.672	 -4.850
      4.676	 -4.795
      4.680	 -4.770
      4.684	 -4.735
      4.688	 -4.700
      4.692	 -4.655
      4.696	 -4.630
      4.700	 -4.580
      4.704	 -4.560
      4.708	 -4.535
      4.712	 -4.505
      4.716	 -4.515
      4.720	 -4.535
      4.724	 -4.535
      4.728	 -4.545
      4.732	 -4.545
      4.736	 -4.530
      4.740	 -4.510
      4.744	 -4.515
      4.748	 -4.555
      4.752	 -4.550
      4.756	 -4.600
      4.760	 -4.610
      4.764	 -4.620
      4.768	 -4.575
      4.772	 -4.580
      4.776	 -4.580
      4.780	 -4.560
      4.784	 -4.570
      4.788	 -4.600
      4.792	 -4.620
      4.796	 -4.640
      4.800	 -4.675
      4.804	 -4.690
      4.808	 -4.660
      4.812	 -4.685
      4.816	 -4.685
      4.820	 -4.675
      4.824	 -4.700
      4.828	 -4.700
      4.832	 -4.710
      4.836	 -4.670
      4.840	 -4.685
      4.844	 -4.675
      4.848	 -4.680
      4.852	 -4.670
      4.856	 -4.685
      4.860	 -4.690
      4.864	 -4.700
      4.868	 -4.690
      4.872	 -4.665
      4.876	 -4.685
      4.880	 -4.680
      4.884	 -4.685
      4.888	 -4.675
      4.892	 -4.670
      4.896	 -4.645
      4.900	 -4.595
      4.904	 -4.565
      4.908	 -4.565
      4.912	 -4.545
      4.916	 -4.545
      4.920	 -4.570
      4.924	 -4.560
      4.928	 -4.565
      4.932	 -4.580
      4.936	 -4.565
      4.940	 -4.555
      4.944	 -4.565
      4.948	 -4.565
      4.952	 -4.555
      4.956	 -4.580
      4.960	 -4.595
      4.964	 -4.615
      4.968	 -4.625
      4.972	 -4.625
      4.976	 -4.630
      4.980	 -4.655
      4.984	 -4.675
      4.988	 -4.725
      4.992	 -4.755
      4.996	 -4.770
      5.000	 -4.795
      5.004	 -4.805
      5.008	 -4.840
      5.012	 -4.845
      5.016	 -4.880
      5.020	 -4.915
      5.024	 -4.980
      5.028	 -5.015
      5.032	 -5.065
      5.036	 -5.085
      5.040	 -5.095
      5.044	 -5.075
      5.048	 -5.105
      5.052	 -5.125
      5.056	 -5.130
      5.060	 -5.150
      5.064	 -5.140
      5.068	 -5.135
      5.072	 -5.115
      5.076	 -5.110
      5.080	 -5.115
      5.084	 -5.105
      5.088	 -5.135
      5.092	 -5.135
      5.096	 -5.135
      5.100	 -5.130
      5.104	 -5.110
      5.108	 -5.090
      5.112	 -5.070
      5.116	 -5.050
      5.120	 -5.015
      5.124	 -5.025
      5.128	 -5.020
      5.132	 -5.020
      5.136	 -5.000
      5.140	 -4.980
      5.144	 -4.950
      5.148	 -4.925
      5.152	 -4.910
      5.156	 -4.885
      5.160	 -4.870
      5.164	 -4.840
      5.168	 -4.790
      5.172	 -4.770
      5.176	 -4.740
      5.180	 -4.730
      5.184	 -4.740
      5.188	 -4.740
      5.192	 -4.745
      5.196	 -4.745
      5.200	 -4.735
      5.204	 -4.710
      5.208	 -4.685
      5.212	 -4.670
      5.216	 -4.710
      5.220	 -4.705
      5.224	 -4.740
      5.228	 -4.720
      5.232	 -4.745
      5.236	 -4.700
      5.240	 -4.690
      5.244	 -4.690
      5.248	 -4.725
      5.252	 -4.745
      5.256	 -4.765
      5.260	 -4.785
      5.264	 -4.815
      5.268	 -4.800
      5.272	 -4.795
      5.276	 -4.780
      5.280	 -4.775
      5.284	 -4.765
      5.288	 -4.780
      5.292	 -4.780
      5.296	 -4.760
      5.300	 -4.745
      5.304	 -4.715
      5.308	 -4.685
      5.312	 -4.650
      5.316	 -4.635
      5.320	 -4.625
      5.324	 -4.620
      5.328	 -4.605
      5.332	 -4.620
      5.336	 -4.595
      5.340	 -4.570
      5.344	 -4.565
      5.348	 -4.555
      5.352	 -4.545
      5.356	 -4.555
      5.360	 -4.565
      5.364	 -4.545
      5.368	 -4.575
      5.372	 -4.555
      5.376	 -4.540
      5.380	 -4.530
      5.384	 -4.525
      5.388	 -4.525
      5.392	 -4.545
      5.396	 -4.540
      5.400	 -4.530
      5.404	 -4.525
      5.408	 -4.520
      5.412	 -4.510
      5.416	 -4.525
      5.420	 -4.550
      5.424	 -4.575
      5.428	 -4.610
      5.432	 -4.615
      5.436	 -4.585
      5.440	 -4.590
      5.444	 -4.600
      5.448	 -4.605
      5.452	 -4.625
      5.456	 -4.645
      5.460	 -4.620
      5.464	 -4.600
      5.468	 -4.590
      5.472	 -4.595
      5.476	 -4.590
      5.480	 -4.600
      5.484	 -4.590
      5.488	 -4.595
      5.492	 -4.635
      5.496	 -4.610
      5.500	 -4.600
      5.504	 -4.565
      5.508	 -4.535
      5.512	 -4.535
      5.516	 -4.550
      5.520	 -4.550
      5.524	 -4.520
      5.528	 -4.500
      5.532	 -4.460
      5.536	 -4.425
      5.540	 -4.405
      5.544	 -4.370
      5.548	 -4.360
      5.552	 -4.340
      5.556	 -4.330
      5.560	 -4.330
      5.564	 -4.275
      5.568	 -4.240
      5.572	 -4.235
      5.576	 -4.210
      5.580	 -4.165
      5.584	 -4.165
      5.588	 -4.145
      5.592	 -4.145
      5.596	 -4.140
      5.600	 -4.110
      5.604	 -4.090
      5.608	 -4.065
      5.612	 -4.040
      5.616	 -4.040
      5.620	 -4.050
      5.624	 -4.060
      5.628	 -4.050
      5.632	 -4.025
      5.636	 -4.030
      5.640	 -4.010
      5.644	 -4.030
      5.648	 -4.055
      5.652	 -4.050
      5.656	 -4.095
      5.660	 -4.095
      5.664	 -4.095
      5.668	 -4.075
      5.672	 -4.090
      5.676	 -4.095
      5.680	 -4.110
      5.684	 -4.135
      5.688	 -4.145
      5.692	 -4.170
      5.696	 -4.235
      5.700	 -4.240
      5.704	 -4.270
      5.708	 -4.285
      5.712	 -4.310
      5.716	 -4.325
      5.720	 -4.355
      5.724	 -4.400
      5.728	 -4.405
      5.732	 -4.420
      5.736	 -4.430
      5.740	 -4.450
      5.744	 -4.460
      5.748	 -4.465
      5.752	 -4.470
      5.756	 -4.485
      5.760	 -4.455
      5.764	 -4.410
      5.768	 -4.370
      5.772	 -4.300
      5.776	 -4.265
      5.780	 -4.210
      5.784	 -4.180
      5.788	 -4.150
      5.792	 -4.160
      5.796	 -4.125
      5.800	 -4.090
      5.804	 -4.060
      5.808	 -4.025
      5.812	 -4.000
      5.816	 -3.970
      5.820	 -3.985
      5.824	 -4.000
      5.828	 -3.980
      5.832	 -3.965
      5.836	 -3.935
      5.840	 -3.935
      5.844	 -3.935
      5.848	 -3.870
      5.852	 -3.905
      5.856	 -3.930
      5.860	 -3.905
      5.864	 -3.920
      5.868	 -3.885
      5.872	 -3.900
      5.876	 -3.865
      5.880	 -3.830
      5.884	 -3.845
      5.888	 -3.855
      5.892	 -3.865
      5.896	 -3.870
      5.900	 -3.870
      5.904	 -3.865
      5.908	 -3.845
      5.912	 -3.830
      5.916	 -3.865
      5.920	 -3.860
      5.924	 -3.880
      5.928	 -3.910
      5.932	 -3.935
      5.936	 -3.960
      5.940	 -3.950
      5.944	 -3.935
      5.948	 -3.930
      5.952	 -3.955
      5.956	 -3.940
      5.960	 -3.920
      5.964	 -3.915
      5.968	 -3.920
      5.972	 -3.915
      5.976	 -3.915
      5.980	 -3.890
      5.984	 -3.890
      5.988	 -3.860
      5.992	 -3.880
      5.996	 -3.860
      6.000	 -3.885
      6.004	 -3.895
      6.008	 -3.895
      6.012	 -3.885
      6.016	 -3.905
      6.020	 -3.910
      6.024	 -3.945
      6.028	 -3.935
      6.032	 -3.925
      6.036	 -3.905
      6.040	 -3.860
      6.044	 -3.845
      6.048	 -3.800
      6.052	 -3.805
      6.056	 -3.835
      6.060	 -3.780
      6.064	 -3.750
      6.068	 -3.715
      6.072	 -3.685
      6.076	 -3.655
      6.080	 -3.650
      6.084	 -3.630
      6.088	 -3.625
      6.092	 -3.660
      6.096	 -3.630
      6.100	 -3.625
      6.104	 -3.630
      6.108	 -3.660
      6.112	 -3.635
      6.116	 -3.655
      6.120	 -3.655
      6.124	 -3.675
      6.128	 -3.695
      6.132	 -3.685
      6.136	 -3.665
      6.140	 -3.665
      6.144	 -3.705
      6.148	 -3.765
      6.152	 -3.800
      6.156	 -3.820
      6.160	 -3.835
      6.164	 -3.835
      6.168	 -3.865
      6.172	 -3.855
      6.176	 -3.910
      6.180	 -3.900
      6.184	 -3.965
      6.188	 -3.970
      6.192	 -3.970
      6.196	 -3.965
      6.200	 -3.980
      6.204	 -3.945
      6.208	 -3.920
      6.212	 -3.920
      6.216	 -3.935
      6.220	 -3.970
      6.224	 -4.000
      6.228	 -3.990
      6.232	 -3.995
      6.236	 -3.970
      6.240	 -3.960
      6.244	 -3.955
      6.248	 -3.960
      6.252	 -3.975
      6.256	 -4.000
      6.260	 -4.020
      6.264	 -4.015
      6.268	 -4.025
      6.272	 -3.995
      6.276	 -4.030
      6.280	 -4.045
      6.284	 -4.070
      6.288	 -4.100
      6.292	 -4.135
      6.296	 -4.160
      6.300	 -4.160
      6.304	 -4.130
      6.308	 -4.115
      6.312	 -4.115
      6.316	 -4.090
      6.320	 -4.105
      6.324	 -4.130
      6.328	 -4.145
      6.332	 -4.165
      6.336	 -4.170
      6.340	 -4.165
      6.344	 -4.180
      6.348	 -4.190
      6.352	 -4.200
      6.356	 -4.245
      6.360	 -4.255
      6.364	 -4.245
      6.368	 -4.255
      6.372	 -4.235
      6.376	 -4.275
      6.380	 -4.270
      6.384	 -4.305
      6.388	 -4.340
      6.392	 -4.350
      6.396	 -4.360
      6.400	 -4.405
      6.404	 -4.430
      6.408	 -4.440
      6.412	 -4.450
      6.416	 -4.470
      6.420	 -4.470
      6.424	 -4.495
      6.428	 -4.490
      6.432	 -4.490
      6.436	 -4.485
      6.440	 -4.495
      6.444	 -4.470
      6.448	 -4.455
      6.452	 -4.450
      6.456	 -4.470
      6.460	 -4.470
      6.464	 -4.435
      6.468	 -4.400
      6.472	 -4.395
      6.476	 -4.390
      6.480	 -4.355
      6.484	 -4.325
      6.488	 -4.330
      6.492	 -4.330
      6.496	 -4.325
      6.500	 -4.285
      6.504	 -4.235
      6.508	 -4.245
      6.512	 -4.245
      6.516	 -4.250
      6.520	 -4.265
      6.524	 -4.270
      6.528	 -4.280
      6.532	 -4.280
      6.536	 -4.240
      6.540	 -4.210
      6.544	 -4.200
      6.548	 -4.210
      6.552	 -4.245
      6.556	 -4.250
      6.560	 -4.290
      6.564	 -4.295
      6.568	 -4.320
      6.572	 -4.315
      6.576	 -4.285
      6.580	 -4.295
      6.584	 -4.280
      6.588	 -4.295
      6.592	 -4.270
      6.596	 -4.250
      6.600	 -4.235
      6.604	 -4.195
      6.608	 -4.185
      6.612	 -4.200
      6.616	 -4.200
      6.620	 -4.250
      6.624	 -4.260
      6.628	 -4.280
      6.632	 -4.280
      6.636	 -4.300
      6.640	 -4.315
      6.644	 -4.315
      6.648	 -4.315
      6.652	 -4.315
      6.656	 -4.320
      6.660	 -4.325
      6.664	 -4.305
      6.668	 -4.290
      6.672	 -4.275
      6.676	 -4.260
      6.680	 -4.230
      6.684	 -4.220
      6.688	 -4.240
      6.692	 -4.265
      6.696	 -4.255
      6.700	 -4.265
      6.704	 -4.255
      6.708	 -4.250
      6.712	 -4.230
      6.716	 -4.235
      6.720	 -4.255
      6.724	 -4.265
      6.728	 -4.295
      6.732	 -4.280
      6.736	 -4.270
      6.740	 -4.290
      6.744	 -4.300
      6.748	 -4.335
      6.752	 -4.345
      6.756	 -4.355
      6.760	 -4.355
      6.764	 -4.350
      6.768	 -4.345
      6.772	 -4.345
      6.776	 -4.345
      6.780	 -4.385
      6.784	 -4.405
      6.788	 -4.415
      6.792	 -4.445
      6.796	 -4.455
      6.800	 -4.475
      6.804	 -4.465
      6.808	 -4.505
      6.812	 -4.485
      6.816	 -4.495
      6.820	 -4.530
      6.824	 -4.545
      6.828	 -4.585
      6.832	 -4.640
      6.836	 -4.675
      6.840	 -4.720
      6.844	 -4.735
      6.848	 -4.760
      6.852	 -4.770
      6.856	 -4.775
      6.860	 -4.795
      6.864	 -4.810
      6.868	 -4.810
      6.872	 -4.805
      6.876	 -4.815
      6.880	 -4.845
      6.884	 -4.855
      6.888	 -4.850
      6.892	 -4.860
      6.896	 -4.840
      6.900	 -4.810
      6.904	 -4.750
      6.908	 -4.730
      6.912	 -4.700
      6.916	 -4.665
      6.920	 -4.675
      6.924	 -4.660
      6.928	 -4.620
      6.932	 -4.570
      6.936	 -4.530
      6.940	 -4.485
      6.944	 -4.465
      6.948	 -4.450
      6.952	 -4.415
      6.956	 -4.400
      6.960	 -4.365
      6.964	 -4.355
      6.968	 -4.295
      6.972	 -4.315
      6.976	 -4.280
      6.980	 -4.295
      6.984	 -4.270
      6.988	 -4.290
      6.992	 -4.295
      6.996	 -4.295
      7.000	 -4.285
      7.004	 -4.275
      7.008	 -4.265
      7.012	 -4.290
      7.016	 -4.315
      7.020	 -4.370
      7.024	 -4.355
      7.028	 -4.390
      7.032	 -4.390
      7.036	 -4.355
      7.040	 -4.375
      7.044	 -4.375
      7.048	 -4.460
      7.052	 -4.475
      7.056	 -4.540
      7.060	 -4.535
      7.064	 -4.565
      7.068	 -4.555
      7.072	 -4.555
      7.076	 -4.525
      7.080	 -4.520
      7.084	 -4.520
      7.088	 -4.505
      7.092	 -4.475
      7.096	 -4.410
      7.100	 -4.360
      7.104	 -4.300
      7.108	 -4.235
      7.112	 -4.180
      7.116	 -4.130
      7.120	 -4.135
      7.124	 -4.095
      7.128	 -4.060
      7.132	 -4.065
      7.136	 -4.015
      7.140	 -3.960
      7.144	 -3.905
      7.148	 -3.885
      7.152	 -3.890
      7.156	 -3.905
      7.160	 -3.915
      7.164	 -3.930
      7.168	 -3.895
      7.172	 -3.870
      7.176	 -3.860
      7.180	 -3.860
      7.184	 -3.880
      7.188	 -3.910
      7.192	 -3.925
      7.196	 -3.925
      7.200	 -3.935
      7.204	 -3.940
      7.208	 -3.925
      7.212	 -3.940
      7.216	 -3.970
      7.220	 -3.970
      7.224	 -3.995
      7.228	 -3.995
      7.232	 -4.010
      7.236	 -4.075
      7.240	 -4.095
      7.244	 -4.135
      7.248	 -4.185
      7.252	 -4.235
      7.256	 -4.265
      7.260	 -4.310
      7.264	 -4.355
      7.268	 -4.395
      7.272	 -4.420
      7.276	 -4.470
      7.280	 -4.500
      7.284	 -4.515
      7.288	 -4.570
      7.292	 -4.585
      7.296	 -4.600
      7.300	 -4.595
      7.304	 -4.590
      7.308	 -4.585
      7.312	 -4.620
      7.316	 -4.620
      7.320	 -4.645
      7.324	 -4.640
      7.328	 -4.655
      7.332	 -4.655
      7.336	 -4.660
      7.340	 -4.615
      7.344	 -4.640
      7.348	 -4.665
      7.352	 -4.685
      7.356	 -4.705
      7.360	 -4.705
      7.364	 -4.660
      7.368	 -4.620
      7.372	 -4.595
      7.376	 -4.580
      7.380	 -4.610
      7.384	 -4.600
      7.388	 -4.640
      7.392	 -4.620
      7.396	 -4.625
      7.400	 -4.630
      7.404	 -4.630
      7.408	 -4.635
      7.412	 -4.630
      7.416	 -4.630
      7.420	 -4.635
      7.424	 -4.670
      7.428	 -4.650
      7.432	 -4.660
      7.436	 -4.655
      7.440	 -4.655
      7.444	 -4.685
      7.448	 -4.730
      7.452	 -4.730
      7.456	 -4.775
      7.460	 -4.785
      7.464	 -4.795
      7.468	 -4.780
      7.472	 -4.775
      7.476	 -4.790
      7.480	 -4.815
      7.484	 -4.845
      7.488	 -4.895
      7.492	 -4.905
      7.496	 -4.905
      7.500	 -4.890
      7.504	 -4.885
      7.508	 -4.905
      7.512	 -4.890
      7.516	 -4.910
      7.520	 -4.970
      7.524	 -4.965
      7.528	 -4.970
      7.532	 -4.975
      7.536	 -4.960
      7.540	 -4.940
      7.544	 -4.930
      7.548	 -4.925
      7.552	 -4.935
      7.556	 -4.925
      7.560	 -4.895
      7.564	 -4.875
      7.568	 -4.865
      7.572	 -4.810
      7.576	 -4.780
      7.580	 -4.755
      7.584	 -4.755
      7.588	 -4.740
      7.592	 -4.700
      7.596	 -4.650
      7.600	 -4.615
      7.604	 -4.555
      7.608	 -4.510
      7.612	 -4.465
      7.616	 -4.465
      7.620	 -4.475
      7.624	 -4.450
      7.628	 -4.470
      7.632	 -4.430
      7.636	 -4.415
      7.640	 -4.390
      7.644	 -4.350
      7.648	 -4.390
      7.652	 -4.390
      7.656	 -4.440
      7.660	 -4.465
      7.664	 -4.465
      7.668	 -4.460
      7.672	 -4.485
      7.676	 -4.495
      7.680	 -4.540
      7.684	 -4.580
      7.688	 -4.650
      7.692	 -4.700
      7.696	 -4.715
      7.700	 -4.705
      7.704	 -4.715
      7.708	 -4.705
      7.712	 -4.685
      7.716	 -4.695
      7.720	 -4.700
      7.724	 -4.720
      7.728	 -4.720
      7.732	 -4.710
      7.736	 -4.730
      7.740	 -4.730
      7.744	 -4.770
      7.748	 -4.765
      7.752	 -4.790
      7.756	 -4.815
      7.760	 -4.805
      7.764	 -4.810
      7.768	 -4.780
      7.772	 -4.760
      7.776	 -4.750
      7.780	 -4.765
      7.784	 -4.760
      7.788	 -4.760
      7.792	 -4.775
      7.796	 -4.765
      7.800	 -4.710
      7.804	 -4.665
      7.808	 -4.595
      7.812	 -4.550
      7.816	 -4.525
      7.820	 -4.490
      7.824	 -4.445
      7.828	 -4.425
      7.832	 -4.370
      7.836	 -4.310
      7.840	 -4.255
      7.844	 -4.235
      7.848	 -4.220
      7.852	 -4.220
      7.856	 -4.195
      7.860	 -4.195
      7.864	 -4.175
      7.868	 -4.130
      7.872	 -4.120
      7.876	 -4.090
      7.880	 -4.085
      7.884	 -4.075
      7.888	 -4.075
      7.892	 -4.095
      7.896	 -4.075
      7.900	 -4.045
      7.904	 -4.070
      7.908	 -4.050
      7.912	 -4.075
      7.916	 -4.050
      7.920	 -4.115
      7.924	 -4.155
      7.928	 -4.170
      7.932	 -4.175
      7.936	 -4.195
      7.940	 -4.210
      7.944	 -4.240
      7.948	 -4.300
      7.952	 -4.335
      7.956	 -4.380
      7.960	 -4.425
      7.964	 -4.450
      7.968	 -4.440
      7.972	 -4.425
      7.976	 -4.440
      7.980	 -4.405
      7.984	 -4.430
      7.988	 -4.460
      7.992	 -4.450
      7.996	 -4.480
      8.000	 -4.430
      8.004	 -4.430
      8.008	 -4.430
      8.012	 -4.445
      8.016	 -4.460
      8.020	 -4.495
      8.024	 -4.540
      8.028	 -4.540
      8.032	 -4.545
      8.036	 -4.515
      8.040	 -4.505
      8.044	 -4.495
      8.048	 -4.490
      8.052	 -4.470
      8.056	 -4.485
      8.060	 -4.450
      8.064	 -4.415
      8.068	 -4.385
      8.072	 -4.310
      8.076	 -4.290
      8.080	 -4.270
      8.084	 -4.200
      8.088	 -4.210
      8.092	 -4.140
      8.096	 -4.110
      8.100	 -4.040
      8.104	 -3.980
      8.108	 -3.945
      8.112	 -3.920
      8.116	 -3.915
      8.120	 -3.935
      8.124	 -3.930
      8.128	 -3.890
      8.132	 -3.840
      8.136	 -3.810
      8.140	 -3.770
      8.144	 -3.725
      8.148	 -3.740
      8.152	 -3.740
      8.156	 -3.745
      8.160	 -3.725
      8.164	 -3.730
      8.168	 -3.695
      8.172	 -3.705
      8.176	 -3.690
      8.180	 -3.705
      8.184	 -3.720
      8.188	 -3.765
      8.192	 -3.775
      8.196	 -3.765
      8.200	 -3.755
      8.204	 -3.755
      8.208	 -3.735
      8.212	 -3.740
      8.216	 -3.745
      8.220	 -3.750
      8.224	 -3.725
      8.228	 -3.695
      8.232	 -3.690
      8.236	 -3.675
      8.240	 -3.660
      8.244	 -3.670
      8.248	 -3.665
      8.252	 -3.645
      8.256	 -3.635
      8.260	 -3.640
      8.264	 -3.600
      8.268	 -3.590
      8.272	 -3.580
      8.276	 -3.530
      8.280	 -3.515
      8.284	 -3.535
      8.288	 -3.560
      8.292	 -3.595
      8.296	 -3.595
      8.300	 -3.615
      8.304	 -3.590
      8.308	 -3.575
      8.312	 -3.575
      8.316	 -3.575
      8.320	 -3.585
      8.324	 -3.585
      8.328	 -3.565
      8.332	 -3.575
      8.336	 -3.570
      8.340	 -3.540
      8.344	 -3.530
      8.348	 -3.550
      8.352	 -3.550
      8.356	 -3.570
      8.360	 -3.590
      8.364	 -3.590
      8.368	 -3.605
      8.372	 -3.620
      8.376	 -3.635
      8.380	 -3.665
      8.384	 -3.710
      8.388	 -3.710
      8.392	 -3.715
      8.396	 -3.720
      8.400	 -3.725
      8.404	 -3.690
      8.408	 -3.720
      8.412	 -3.710
      8.416	 -3.715
      8.420	 -3.740
      8.424	 -3.720
      8.428	 -3.755
      8.432	 -3.735
      8.436	 -3.735
      8.440	 -3.750
      8.444	 -3.770
      8.448	 -3.755
      8.452	 -3.770
      8.456	 -3.790
      8.460	 -3.770
      8.464	 -3.795
      8.468	 -3.760
      8.472	 -3.745
      8.476	 -3.750
      8.480	 -3.750
      8.484	 -3.740
      8.488	 -3.780
      8.492	 -3.805
      8.496	 -3.820
      8.500	 -3.820
      8.504	 -3.840
      8.508	 -3.825
      8.512	 -3.865
      8.516	 -3.850
      8.520	 -3.870
      8.524	 -3.865
      8.528	 -3.870
      8.532	 -3.835
      8.536	 -3.845
      8.540	 -3.825
      8.544	 -3.835
      8.548	 -3.830
      8.552	 -3.860
      8.556	 -3.865
      8.560	 -3.890
      8.564	 -3.910
      8.568	 -3.920
      8.572	 -3.910
      8.576	 -3.930
      8.580	 -3.945
      8.584	 -3.985
      8.588	 -4.020
      8.592	 -4.040
      8.596	 -4.065
      8.600	 -4.060
      8.604	 -4.080
      8.608	 -4.090
      8.612	 -4.050
      8.616	 -4.055
      8.620	 -4.095
      8.624	 -4.095
      8.628	 -4.135
      8.632	 -4.125
      8.636	 -4.100
      8.640	 -4.070
      8.644	 -4.040
      8.648	 -4.050
      8.652	 -4.010
      8.656	 -4.000
      8.660	 -4.000
      8.664	 -3.945
      8.668	 -3.910
      8.672	 -3.870
      8.676	 -3.845
      8.680	 -3.840
      8.684	 -3.800
      8.688	 -3.815
      8.692	 -3.805
      8.696	 -3.820
      8.700	 -3.760
      8.704	 -3.760
      8.708	 -3.765
      8.712	 -3.785
      8.716	 -3.790
      8.720	 -3.835
      8.724	 -3.830
      8.728	 -3.855
      8.732	 -3.780
      8.736	 -3.745
      8.740	 -3.745
      8.744	 -3.730
      8.748	 -3.770
      8.752	 -3.770
      8.756	 -3.775
      8.760	 -3.815
      8.764	 -3.785
      8.768	 -3.750
      8.772	 -3.740
      8.776	 -3.745
      8.780	 -3.720
      8.784	 -3.750
      8.788	 -3.765
      8.792	 -3.800
      8.796	 -3.805
      8.800	 -3.755
      8.804	 -3.720
      8.808	 -3.695
      8.812	 -3.675
      8.816	 -3.635
      8.820	 -3.650
      8.824	 -3.615
      8.828	 -3.615
      8.832	 -3.620
      8.836	 -3.605
      8.840	 -3.600
      8.844	 -3.590
      8.848	 -3.585
      8.852	 -3.595
      8.856	 -3.645
      8.860	 -3.660
      8.864	 -3.670
      8.868	 -3.680
      8.872	 -3.680
      8.876	 -3.690
      8.880	 -3.710
      8.884	 -3.760
      8.888	 -3.755
      8.892	 -3.800
      8.896	 -3.805
      8.900	 -3.815
      8.904	 -3.790
      8.908	 -3.755
      8.912	 -3.755
      8.916	 -3.760
      8.920	 -3.750
      8.924	 -3.780
      8.928	 -3.760
      8.932	 -3.775
      8.936	 -3.755
      8.940	 -3.760
      8.944	 -3.750
      8.948	 -3.760
      8.952	 -3.785
      8.956	 -3.805
      8.960	 -3.795
      8.964	 -3.795
      8.968	 -3.760
      8.972	 -3.745
      8.976	 -3.705
      8.980	 -3.685
      8.984	 -3.685
      8.988	 -3.720
      8.992	 -3.705
      8.996	 -3.695
      9.000	 -3.665
      9.004	 -3.665
      9.008	 -3.635
      9.012	 -3.665
      9.016	 -3.655
      9.020	 -3.660
      9.024	 -3.665
      9.028	 -3.665
      9.032	 -3.655
      9.036	 -3.645
      9.040	 -3.630
      9.044	 -3.610
      9.048	 -3.595
      9.052	 -3.615
      9.056	 -3.620
      9.060	 -3.630
      9.064	 -3.630
      9.068	 -3.620
      9.072	 -3.630
      9.076	 -3.645
      9.080	 -3.680
      9.084	 -3.730
      9.088	 -3.785
      9.092	 -3.805
      9.096	 -3.840
      9.100	 -3.840
      9.104	 -3.850
      9.108	 -3.865
      9.112	 -3.845
      9.116	 -3.870
      9.120	 -3.885
      9.124	 -3.890
      9.128	 -3.895
      9.132	 -3.875
      9.136	 -3.875
      9.140	 -3.875
      9.144	 -3.900
      9.148	 -3.920
      9.152	 -3.930
      9.156	 -3.965
      9.160	 -3.955
      9.164	 -3.990
      9.168	 -3.955
      9.172	 -3.940
      9.176	 -3.950
      9.180	 -3.990
      9.184	 -4.020
      9.188	 -4.045
      9.192	 -4.100
      9.196	 -4.100
      9.200	 -4.080
      9.204	 -4.080
      9.208	 -4.065
      9.212	 -4.070
      9.216	 -4.050
      9.220	 -4.055
      9.224	 -4.060
      9.228	 -4.035
      9.232	 -4.005
      9.236	 -3.965
      9.240	 -3.945
      9.244	 -3.905
      9.248	 -3.865
      9.252	 -3.835
      9.256	 -3.805
      9.260	 -3.765
      9.264	 -3.730
      9.268	 -3.690
      9.272	 -3.640
      9.276	 -3.585
      9.280	 -3.555
      9.284	 -3.560
      9.288	 -3.530
      9.292	 -3.505
      9.296	 -3.470
      9.300	 -3.405
      9.304	 -3.360
      9.308	 -3.320
      9.312	 -3.330
      9.316	 -3.325
      9.320	 -3.300
      9.324	 -3.310
      9.328	 -3.290
      9.332	 -3.295
      9.336	 -3.275
      9.340	 -3.255
      9.344	 -3.240
      9.348	 -3.245
      9.352	 -3.250
      9.356	 -3.260
      9.360	 -3.285
      9.364	 -3.300
      9.368	 -3.305
      9.372	 -3.305
      9.376	 -3.325
      9.380	 -3.350
      9.384	 -3.400
      9.388	 -3.450
      9.392	 -3.485
      9.396	 -3.495
      9.400	 -3.500
      9.404	 -3.460
      9.408	 -3.465
      9.412	 -3.460
      9.416	 -3.460
      9.420	 -3.460
      9.424	 -3.480
      9.428	 -3.510
      9.432	 -3.540
      9.436	 -3.540
      9.440	 -3.545
      9.444	 -3.570
      9.448	 -3.575
      9.452	 -3.565
      9.456	 -3.575
      9.460	 -3.590
      9.464	 -3.585
      9.468	 -3.575
      9.472	 -3.535
      9.476	 -3.515
      9.480	 -3.495
      9.484	 -3.495
      9.488	 -3.535
      9.492	 -3.515
      9.496	 -3.500
      9.500	 -3.470
      9.504	 -3.455
      9.508	 -3.465
      9.512	 -3.450
      9.516	 -3.435
      9.520	 -3.425
      9.524	 -3.385
      9.528	 -3.385
      9.532	 -3.380
      9.536	 -3.385
      9.540	 -3.390
      9.544	 -3.370
      9.548	 -3.395
      9.552	 -3.410
      9.556	 -3.470
      9.560	 -3.480
      9.564	 -3.490
      9.568	 -3.490
      9.572	 -3.465
      9.576	 -3.445
      9.580	 -3.470
      9.584	 -3.475
      9.588	 -3.510
      9.592	 -3.515
      9.596	 -3.525
      9.600	 -3.510
      9.604	 -3.525
      9.608	 -3.515
      9.612	 -3.545
      9.616	 -3.575
      9.620	 -3.590
      9.624	 -3.610
      9.628	 -3.655
      9.632	 -3.675
      9.636	 -3.685
      9.640	 -3.700
      9.644	 -3.725
      9.648	 -3.755
      9.652	 -3.785
      9.656	 -3.825
      9.660	 -3.840
      9.664	 -3.875
      9.668	 -3.920
      9.672	 -3.945
      9.676	 -3.995
      9.680	 -4.015
      9.684	 -4.040
      9.688	 -4.100
      9.692	 -4.145
      9.696	 -4.130
      9.700	 -4.135
      9.704	 -4.115
      9.708	 -4.100
      9.712	 -4.105
      9.716	 -4.100
      9.720	 -4.125
      9.724	 -4.175
      9.728	 -4.140
      9.732	 -4.120
      9.736	 -4.090
      9.740	 -4.075
      9.744	 -4.045
      9.748	 -4.025
      9.752	 -4.025
      9.756	 -4.020
      9.760	 -3.990
      9.764	 -3.980
      9.768	 -3.930
      9.772	 -3.905
      9.776	 -3.885
      9.780	 -3.885
      9.784	 -3.870
      9.788	 -3.890
      9.792	 -3.880
      9.796	 -3.850
      9.800	 -3.805
      9.804	 -3.820
      9.808	 -3.785
      9.812	 -3.775
      9.816	 -3.765
      9.820	 -3.780
      9.824	 -3.765
      9.828	 -3.770
      9.832	 -3.755
      9.836	 -3.740
      9.840	 -3.745
      9.844	 -3.730
      9.848	 -3.740
      9.852	 -3.720
      9.856	 -3.725
      9.860	 -3.765
      9.864	 -3.765
      9.868	 -3.750
      9.872	 -3.735
      9.876	 -3.750
      9.880	 -3.750
      9.884	 -3.780
      9.888	 -3.835
      9.892	 -3.850
      9.896	 -3.855
      9.900	 -3.835
      9.904	 -3.850
      9.908	 -3.860
      9.912	 -3.870
      9.916	 -3.925
      9.920	 -3.965
      9.924	 -4.000
      9.928	 -4.015
      9.932	 -4.040
      9.936	 -4.025
      9.940	 -4.000
      9.944	 -3.990
      9.948	 -3.995
      9.952	 -4.030
      9.956	 -4.045
      9.960	 -4.030
      9.964	 -4.010
      9.968	 -3.985
      9.972	 -3.970
      9.976	 -3.960
      9.980	 -3.970
      9.984	 -3.980
      9.988	 -3.995
      9.992	 -4.035
      9.996	 -4.030
