Elapsed_time	ECG
       0.000	  0.040
       0.004	  0.010
       0.008	  0.010
       0.012	 -0.010
       0.016	  0.035
       0.020	  0.020
       0.024	 -0.005
       0.028	  0.000
       0.032	 -0.025
       0.036	  0.005
       0.040	  0.010
       0.044	 -0.015
       0.048	 -0.040
       0.052	 -0.035
       0.056	 -0.045
       0.060	 -0.020
       0.064	 -0.030
       0.068	 -0.035
       0.072	 -0.055
       0.076	 -0.035
       0.080	  0.020
       0.084	 -0.015
       0.088	 -0.015
       0.092	 -0.010
       0.096	  0.005
       0.100	 -0.020
       0.104	 -0.035
       0.108	 -0.030
       0.112	 -0.010
       0.116	 -0.005
       0.120	 -0.005
       0.124	 -0.025
       0.128	 -0.030
       0.132	 -0.030
       0.136	 -0.030
       0.140	  0.015
       0.144	  0.015
       0.148	 -0.010
       0.152	 -0.015
       0.156	 -0.015
       0.160	  0.000
       0.164	 -0.020
       0.168	 -0.040
       0.172	 -0.010
       0.176	 -0.010
       0.180	 -0.030
       0.184	 -0.070
       0.188	 -0.005
       0.192	 -0.030
       0.196	 -0.020
       0.200	 -0.025
       0.204	  0.035
       0.208	  0.030
       0.212	  0.005
       0.216	  0.020
       0.220	  0.030
       0.224	  0.090
       0.228	  0.135
       0.232	  0.145
       0.236	  0.140
       0.240	  0.085
       0.244	  0.100
       0.248	  0.125
       0.252	  0.070
       0.256	  0.070
       0.260	  0.015
       0.264	 -0.005
       0.268	 -0.010
       0.272	 -0.025
       0.276	 -0.020
       0.280	  0.080
       0.284	  0.260
       0.288	  0.480
       0.292	  0.725
       0.296	  1.150
       0.300	  1.605
       0.304	  1.860
       0.308	  1.995
       0.312	  2.105
       0.316	  2.225
       0.320	  2.290
       0.324	  2.380
       0.328	  2.460
       0.332	  2.510
       0.336	  2.540
       0.340	  2.550
       0.344	  2.560
       0.348	  2.350
       0.352	  2.135
       0.356	  1.910
       0.360	  1.785
       0.364	  1.710
       0.368	  1.565
       0.372	  1.385
       0.376	  1.100
       0.380	  0.750
       0.384	  0.535
       0.388	  0.395
       0.392	  0.160
       0.396	 -0.050
       0.400	 -0.160
       0.404	 -0.250
       0.408	 -0.320
       0.412	 -0.335
       0.416	 -0.400
       0.420	 -0.390
       0.424	 -0.430
       0.428	 -0.430
       0.432	 -0.445
       0.436	 -0.445
       0.440	 -0.360
       0.444	 -0.430
       0.448	 -0.480
       0.452	 -0.505
       0.456	 -0.490
       0.460	 -0.555
       0.464	 -0.580
       0.468	 -0.585
       0.472	 -0.620
       0.476	 -0.630
       0.480	 -0.650
       0.484	 -0.660
       0.488	 -0.705
       0.492	 -0.745
       0.496	 -0.725
       0.500	 -0.745
       0.504	 -0.780
       0.508	 -0.850
       0.512	 -0.850
       0.516	 -0.860
       0.520	 -0.885
       0.524	 -0.965
       0.528	 -0.935
       0.532	 -0.965
       0.536	 -1.015
       0.540	 -1.075
       0.544	 -1.095
       0.548	 -1.095
       0.552	 -1.165
       0.556	 -1.170
       0.560	 -1.205
       0.564	 -1.235
       0.568	 -1.265
       0.572	 -1.275
       0.576	 -1.290
       0.580	 -1.315
       0.584	 -1.290
       0.588	 -1.345
       0.592	 -1.360
       0.596	 -1.360
       0.600	 -1.370
       0.604	 -1.315
       0.608	 -1.350
       0.612	 -1.315
       0.616	 -1.320
       0.620	 -1.360
       0.624	 -1.305
       0.628	 -1.275
       0.632	 -1.220
       0.636	 -1.210
       0.640	 -1.190
       0.644	 -1.155
       0.648	 -1.155
       0.652	 -1.190
       0.656	 -1.120
       0.660	 -1.070
       0.664	 -1.055
       0.668	 -1.055
       0.672	 -1.010
       0.676	 -0.965
       0.680	 -0.980
       0.684	 -1.005
       0.688	 -0.990
       0.692	 -1.010
       0.696	 -0.985
       0.700	 -0.915
       0.704	 -0.920
       0.708	 -0.960
       0.712	 -0.965
       0.716	 -0.980
       0.720	 -0.980
       0.724	 -0.935
       0.728	 -0.915
       0.732	 -0.900
       0.736	 -0.870
       0.740	 -0.835
       0.744	 -0.805
       0.748	 -0.760
       0.752	 -0.700
       0.756	 -0.655
       0.760	 -0.645
       0.764	 -0.610
       0.768	 -0.550
       0.772	 -0.495
       0.776	 -0.425
       0.780	 -0.345
       0.784	 -0.275
       0.788	 -0.250
       0.792	 -0.205
       0.796	 -0.175
       0.800	 -0.105
       0.804	 -0.090
       0.808	 -0.050
       0.812	 -0.005
       0.816	  0.020
       0.820	 -0.010
       0.824	  0.020
       0.828	  0.085
       0.832	  0.115
       0.836	  0.115
       0.840	  0.130
       0.844	  0.120
       0.848	  0.135
       0.852	  0.110
       0.856	  0.095
       0.860	  0.165
       0.864	  0.160
       0.868	  0.140
       0.872	  0.100
       0.876	  0.130
       0.880	  0.105
       0.884	  0.115
       0.888	  0.155
       0.892	  0.175
       0.896	  0.140
       0.900	  0.120
       0.904	  0.140
       0.908	  0.120
       0.912	  0.110
       0.916	  0.100
       0.920	  0.120
       0.924	  0.075
       0.928	  0.085
       0.932	  0.065
       0.936	  0.030
       0.940	  0.025
       0.944	  0.065
       0.948	  0.080
       0.952	  0.050
       0.956	  0.010
       0.960	  0.035
       0.964	  0.055
       0.968	  0.030
       0.972	  0.030
       0.976	  0.040
       0.980	  0.035
       0.984	  0.005
       0.988	  0.020
       0.992	  0.015
       0.996	 -0.020
       1.000	 -0.090
       1.004	 -0.055
       1.008	 -0.005
       1.012	 -0.065
       1.016	 -0.110
       1.020	 -0.060
       1.024	  0.035
       1.028	  0.045
       1.032	  0.005
       1.036	  0.020
       1.040	  0.030
       1.044	  0.040
       1.048	 -0.025
       1.052	 -0.045
       1.056	 -0.015
       1.060	  0.035
       1.064	  0.030
       1.068	  0.015
       1.072	  0.035
       1.076	 -0.020
       1.080	 -0.045
       1.084	 -0.010
       1.088	  0.020
       1.092	  0.035
       1.096	  0.045
       1.100	  0.070
       1.104	  0.070
       1.108	  0.055
       1.112	  0.020
       1.116	  0.025
       1.120	  0.080
       1.124	  0.105
       1.128	  0.110
       1.132	  0.080
       1.136	  0.100
       1.140	  0.050
       1.144	  0.005
       1.148	  0.020
       1.152	  0.080
       1.156	  0.085
       1.160	  0.050
       1.164	  0.040
       1.168	  0.070
       1.172	  0.110
       1.176	  0.165
       1.180	  0.175
       1.184	  0.175
       1.188	  0.125
       1.192	  0.035
       1.196	  0.050
       1.200	  0.005
       1.204	 -0.080
       1.208	 -0.105
       1.212	 -0.090
       1.216	 -0.080
       1.220	  0.020
       1.224	  0.225
       1.228	  0.500
       1.232	  0.815
       1.236	  1.230
       1.240	  1.660
       1.244	  1.900
       1.248	  2.150
       1.252	  2.215
       1.256	  2.285
       1.260	  2.420
       1.264	  2.525
       1.268	  2.565
       1.272	  2.600
       1.276	  2.720
       1.280	  2.660
       1.284	  2.635
       1.288	  2.505
       1.292	  2.205
       1.296	  1.930
       1.300	  1.775
       1.304	  1.720
       1.308	  1.625
       1.312	  1.415
       1.316	  1.220
       1.320	  0.940
       1.324	  0.645
       1.328	  0.410
       1.332	  0.160
       1.336	 -0.005
       1.340	 -0.175
       1.344	 -0.285
       1.348	 -0.340
       1.352	 -0.375
       1.356	 -0.350
       1.360	 -0.410
       1.364	 -0.450
       1.368	 -0.475
       1.372	 -0.490
       1.376	 -0.540
       1.380	 -0.530
       1.384	 -0.520
       1.388	 -0.530
       1.392	 -0.560
       1.396	 -0.570
       1.400	 -0.585
       1.404	 -0.615
       1.408	 -0.660
       1.412	 -0.685
       1.416	 -0.680
       1.420	 -0.700
       1.424	 -0.775
       1.428	 -0.850
       1.432	 -0.815
       1.436	 -0.795
       1.440	 -0.835
       1.444	 -0.920
       1.448	 -0.920
       1.452	 -0.940
       1.456	 -0.990
       1.460	 -1.030
       1.464	 -1.030
       1.468	 -1.065
       1.472	 -1.115
       1.476	 -1.105
       1.480	 -1.110
       1.484	 -1.125
       1.488	 -1.170
       1.492	 -1.240
       1.496	 -1.215
       1.500	 -1.235
       1.504	 -1.355
       1.508	 -1.385
       1.512	 -1.365
       1.516	 -1.370
       1.520	 -1.370
       1.524	 -1.405
       1.528	 -1.405
       1.532	 -1.445
       1.536	 -1.460
       1.540	 -1.465
       1.544	 -1.470
       1.548	 -1.405
       1.552	 -1.410
       1.556	 -1.385
       1.560	 -1.380
       1.564	 -1.395
       1.568	 -1.360
       1.572	 -1.340
       1.576	 -1.335
       1.580	 -1.375
       1.584	 -1.380
       1.588	 -1.350
       1.592	 -1.320
       1.596	 -1.285
       1.600	 -1.285
       1.604	 -1.270
       1.608	 -1.245
       1.612	 -1.225
       1.616	 -1.230
       1.620	 -1.175
       1.624	 -1.190
       1.628	 -1.225
       1.632	 -1.205
       1.636	 -1.170
       1.640	 -1.150
       1.644	 -1.105
       1.648	 -1.105
       1.652	 -1.085
       1.656	 -1.025
       1.660	 -1.045
       1.664	 -1.035
       1.668	 -0.975
       1.672	 -0.880
       1.676	 -0.885
       1.680	 -0.885
       1.684	 -0.810
       1.688	 -0.760
       1.692	 -0.745
       1.696	 -0.690
       1.700	 -0.635
       1.704	 -0.580
       1.708	 -0.540
       1.712	 -0.490
       1.716	 -0.450
       1.720	 -0.390
       1.724	 -0.330
       1.728	 -0.270
       1.732	 -0.260
       1.736	 -0.215
       1.740	 -0.155
       1.744	 -0.120
       1.748	 -0.060
       1.752	 -0.015
       1.756	  0.045
       1.760	  0.020
       1.764	  0.030
       1.768	  0.055
       1.772	  0.085
       1.776	  0.065
       1.780	  0.065
       1.784	  0.125
       1.788	  0.140
       1.792	  0.125
       1.796	  0.110
       1.800	  0.120
       1.804	  0.135
       1.808	  0.115
       1.812	  0.115
       1.816	  0.110
       1.820	  0.180
       1.824	  0.230
       1.828	  0.200
       1.832	  0.175
       1.836	  0.205
       1.840	  0.195
       1.844	  0.150
       1.848	  0.155
       1.852	  0.190
       1.856	  0.185
       1.860	  0.155
       1.864	  0.185
       1.868	  0.255
       1.872	  0.235
       1.876	  0.160
       1.880	  0.165
       1.884	  0.215
       1.888	  0.195
       1.892	  0.180
       1.896	  0.215
       1.900	  0.165
       1.904	  0.160
       1.908	  0.165
       1.912	  0.120
       1.916	  0.140
       1.920	  0.115
       1.924	  0.120
       1.928	  0.140
       1.932	  0.105
       1.936	  0.060
       1.940	  0.050
       1.944	  0.060
       1.948	  0.035
       1.952	  0.025
       1.956	  0.075
       1.960	  0.115
       1.964	  0.105
       1.968	  0.140
       1.972	  0.125
       1.976	  0.120
       1.980	  0.100
       1.984	  0.095
       1.988	  0.120
       1.992	  0.045
       1.996	  0.025
       2.000	  0.110
       2.004	  0.080
       2.008	  0.075
       2.012	  0.050
       2.016	  0.020
       2.020	  0.025
       2.024	  0.050
       2.028	  0.080
       2.032	  0.075
       2.036	  0.050
       2.040	  0.015
       2.044	  0.005
       2.048	  0.025
       2.052	  0.005
       2.056	  0.015
       2.060	 -0.015
       2.064	 -0.040
       2.068	 -0.065
       2.072	 -0.060
       2.076	 -0.005
       2.080	 -0.015
       2.084	 -0.035
       2.088	 -0.020
       2.092	 -0.040
       2.096	 -0.060
       2.100	 -0.025
       2.104	 -0.010
       2.108	 -0.045
       2.112	 -0.080
       2.116	 -0.095
       2.120	 -0.060
       2.124	 -0.100
       2.128	 -0.140
       2.132	 -0.130
       2.136	 -0.090
       2.140	 -0.100
       2.144	 -0.125
       2.148	 -0.125
       2.152	 -0.135
       2.156	 -0.105
       2.160	 -0.085
       2.164	 -0.105
       2.168	 -0.110
       2.172	 -0.105
       2.176	 -0.115
       2.180	 -0.080
       2.184	 -0.035
       2.188	 -0.035
       2.192	 -0.070
       2.196	 -0.065
       2.200	 -0.085
       2.204	 -0.055
       2.208	 -0.060
       2.212	 -0.075
       2.216	 -0.080
       2.220	 -0.065
       2.224	 -0.085
       2.228	 -0.070
       2.232	 -0.060
       2.236	 -0.075
       2.240	 -0.065
       2.244	 -0.070
       2.248	 -0.045
       2.252	 -0.040
       2.256	 -0.020
       2.260	 -0.035
       2.264	 -0.035
       2.268	 -0.045
       2.272	 -0.080
       2.276	 -0.075
       2.280	 -0.040
       2.284	 -0.045
       2.288	 -0.045
       2.292	  0.000
       2.296	  0.015
       2.300	  0.000
       2.304	 -0.005
       2.308	 -0.010
       2.312	  0.030
       2.316	  0.040
       2.320	  0.005
       2.324	  0.005
       2.328	  0.035
       2.332	  0.100
       2.336	  0.090
       2.340	  0.035
       2.344	  0.060
       2.348	  0.030
       2.352	  0.050
       2.356	  0.035
       2.360	  0.055
       2.364	  0.060
       2.368	  0.030
       2.372	  0.065
       2.376	  0.115
       2.380	  0.150
       2.384	  0.165
       2.388	  0.165
       2.392	  0.150
       2.396	  0.155
       2.400	  0.120
       2.404	  0.075
       2.408	  0.020
       2.412	  0.005
       2.416	 -0.030
       2.420	 -0.065
       2.424	 -0.050
       2.428	 -0.035
       2.432	  0.010
       2.436	  0.145
       2.440	  0.350
       2.444	  0.600
       2.448	  0.890
       2.452	  1.205
       2.456	  1.495
       2.460	  1.730
       2.464	  1.890
       2.468	  1.985
       2.472	  2.090
       2.476	  2.195
       2.480	  2.270
       2.484	  2.295
       2.488	  2.380
       2.492	  2.380
       2.496	  2.305
       2.500	  2.305
       2.504	  2.270
       2.508	  2.065
       2.512	  1.835
       2.516	  1.675
       2.520	  1.635
       2.524	  1.520
       2.528	  1.365
       2.532	  1.140
       2.536	  0.815
       2.540	  0.500
       2.544	  0.385
       2.548	  0.185
       2.552	 -0.015
       2.556	 -0.125
       2.560	 -0.230
       2.564	 -0.325
       2.568	 -0.340
       2.572	 -0.315
       2.576	 -0.285
       2.580	 -0.320
       2.584	 -0.385
       2.588	 -0.405
       2.592	 -0.435
       2.596	 -0.460
       2.600	 -0.470
       2.604	 -0.500
       2.608	 -0.535
       2.612	 -0.530
       2.616	 -0.515
       2.620	 -0.525
       2.624	 -0.560
       2.628	 -0.580
       2.632	 -0.595
       2.636	 -0.595
       2.640	 -0.625
       2.644	 -0.655
       2.648	 -0.645
       2.652	 -0.630
       2.656	 -0.690
       2.660	 -0.715
       2.664	 -0.725
       2.668	 -0.735
       2.672	 -0.745
       2.676	 -0.805
       2.680	 -0.805
       2.684	 -0.815
       2.688	 -0.830
       2.692	 -0.885
       2.696	 -0.890
       2.700	 -0.895
       2.704	 -0.910
       2.708	 -0.930
       2.712	 -0.950
       2.716	 -1.000
       2.720	 -1.050
       2.724	 -1.020
       2.728	 -1.035
       2.732	 -1.090
       2.736	 -1.115
       2.740	 -1.095
       2.744	 -1.135
       2.748	 -1.160
       2.752	 -1.185
       2.756	 -1.195
       2.760	 -1.215
       2.764	 -1.215
       2.768	 -1.235
       2.772	 -1.220
       2.776	 -1.250
       2.780	 -1.245
       2.784	 -1.190
       2.788	 -1.190
       2.792	 -1.155
       2.796	 -1.125
       2.800	 -1.150
       2.804	 -1.145
       2.808	 -1.105
       2.812	 -1.105
       2.816	 -1.110
       2.820	 -1.090
       2.824	 -1.055
       2.828	 -1.035
       2.832	 -1.055
       2.836	 -1.045
       2.840	 -1.005
       2.844	 -1.030
       2.848	 -0.995
       2.852	 -0.975
       2.856	 -0.960
       2.860	 -0.965
       2.864	 -0.995
       2.868	 -0.950
       2.872	 -0.930
       2.876	 -0.960
       2.880	 -0.940
       2.884	 -0.865
       2.888	 -0.860
       2.892	 -0.870
       2.896	 -0.850
       2.900	 -0.815
       2.904	 -0.775
       2.908	 -0.805
       2.912	 -0.785
       2.916	 -0.740
       2.920	 -0.710
       2.924	 -0.705
       2.928	 -0.730
       2.932	 -0.650
       2.936	 -0.560
       2.940	 -0.545
       2.944	 -0.555
       2.948	 -0.480
       2.952	 -0.440
       2.956	 -0.440
       2.960	 -0.395
       2.964	 -0.305
       2.968	 -0.270
       2.972	 -0.250
       2.976	 -0.205
       2.980	 -0.190
       2.984	 -0.165
       2.988	 -0.130
       2.992	 -0.110
       2.996	 -0.085
       3.000	 -0.075
       3.004	 -0.025
       3.008	  0.065
       3.012	  0.040
       3.016	  0.015
       3.020	  0.055
       3.024	  0.085
       3.028	  0.035
       3.032	  0.025
       3.036	  0.015
       3.040	  0.000
       3.044	  0.030
       3.048	  0.080
       3.052	  0.055
       3.056	  0.030
       3.060	  0.005
       3.064	  0.015
       3.068	  0.030
       3.072	  0.050
       3.076	  0.060
       3.080	  0.040
       3.084	  0.040
       3.088	  0.060
       3.092	  0.055
       3.096	  0.030
       3.100	  0.055
       3.104	  0.065
       3.108	  0.040
       3.112	  0.025
       3.116	  0.055
       3.120	  0.060
       3.124	  0.075
       3.128	  0.050
       3.132	  0.030
       3.136	  0.055
       3.140	  0.010
       3.144	 -0.035
       3.148	 -0.005
       3.152	  0.020
       3.156	  0.035
       3.160	  0.065
       3.164	  0.090
       3.168	  0.115
       3.172	  0.160
       3.176	  0.160
       3.180	  0.170
       3.184	  0.135
       3.188	  0.115
       3.192	  0.110
       3.196	  0.075
       3.200	  0.040
       3.204	  0.015
       3.208	 -0.010
       3.212	 -0.020
       3.216	 -0.035
       3.220	  0.000
       3.224	  0.125
       3.228	  0.330
       3.232	  0.595
       3.236	  0.885
       3.240	  1.285
       3.244	  1.665
       3.248	  1.930
       3.252	  2.010
       3.256	  2.085
       3.260	  2.195
       3.264	  2.295
       3.268	  2.350
       3.272	  2.400
       3.276	  2.410
       3.280	  2.455
       3.284	  2.480
       3.288	  2.315
       3.292	  2.010
       3.296	  1.800
       3.300	  1.650
       3.304	  1.590
       3.308	  1.500
       3.312	  1.325
       3.316	  1.095
       3.320	  0.770
       3.324	  0.550
       3.328	  0.415
       3.332	  0.225
       3.336	  0.000
       3.340	 -0.145
       3.344	 -0.230
       3.348	 -0.290
       3.352	 -0.300
       3.356	 -0.340
       3.360	 -0.385
       3.364	 -0.385
       3.368	 -0.370
       3.372	 -0.435
       3.376	 -0.425
       3.380	 -0.415
       3.384	 -0.435
       3.388	 -0.450
       3.392	 -0.455
       3.396	 -0.470
       3.400	 -0.505
       3.404	 -0.530
       3.408	 -0.560
       3.412	 -0.595
       3.416	 -0.610
       3.420	 -0.630
       3.424	 -0.650
       3.428	 -0.650
       3.432	 -0.680
       3.436	 -0.740
       3.440	 -0.735
       3.444	 -0.820
       3.448	 -0.805
       3.452	 -0.755
       3.456	 -0.820
       3.460	 -0.885
       3.464	 -0.870
       3.468	 -0.900
       3.472	 -0.960
       3.476	 -1.005
       3.480	 -0.985
       3.484	 -0.995
       3.488	 -1.020
       3.492	 -1.080
       3.496	 -1.080
       3.500	 -1.125
       3.504	 -1.100
       3.508	 -1.135
       3.512	 -1.190
       3.516	 -1.185
       3.520	 -1.185
       3.524	 -1.190
       3.528	 -1.160
       3.532	 -1.155
       3.536	 -1.165
       3.540	 -1.155
       3.544	 -1.155
       3.548	 -1.115
       3.552	 -1.080
       3.556	 -1.095
       3.560	 -1.090
       3.564	 -1.055
       3.568	 -1.055
       3.572	 -1.085
       3.576	 -1.055
       3.580	 -1.070
       3.584	 -1.030
       3.588	 -1.000
       3.592	 -1.010
       3.596	 -0.995
       3.600	 -0.970
       3.604	 -0.965
       3.608	 -0.980
       3.612	 -1.010
       3.616	 -0.990
       3.620	 -1.005
       3.624	 -1.005
       3.628	 -0.975
       3.632	 -0.930
       3.636	 -0.925
       3.640	 -0.895
       3.644	 -0.840
       3.648	 -0.865
       3.652	 -0.880
       3.656	 -0.835
       3.660	 -0.825
       3.664	 -0.780
       3.668	 -0.755
       3.672	 -0.665
       3.676	 -0.600
       3.680	 -0.545
       3.684	 -0.525
       3.688	 -0.445
       3.692	 -0.385
       3.696	 -0.380
       3.700	 -0.360
       3.704	 -0.285
       3.708	 -0.225
       3.712	 -0.215
       3.716	 -0.170
       3.720	 -0.115
       3.724	 -0.110
       3.728	 -0.085
       3.732	 -0.065
       3.736	 -0.025
       3.740	 -0.025
       3.744	 -0.005
       3.748	  0.035
       3.752	  0.045
       3.756	  0.030
       3.760	  0.045
       3.764	  0.020
       3.768	  0.060
       3.772	  0.075
       3.776	  0.055
       3.780	  0.080
       3.784	  0.080
       3.788	  0.095
       3.792	  0.110
       3.796	  0.100
       3.800	  0.115
       3.804	  0.095
       3.808	  0.095
       3.812	  0.090
       3.816	  0.060
       3.820	  0.095
       3.824	  0.150
       3.828	  0.150
       3.832	  0.130
       3.836	  0.125
       3.840	  0.140
       3.844	  0.150
       3.848	  0.115
       3.852	  0.140
       3.856	  0.175
       3.860	  0.180
       3.864	  0.145
       3.868	  0.165
       3.872	  0.195
       3.876	  0.160
       3.880	  0.090
       3.884	  0.115
       3.888	  0.150
       3.892	  0.100
       3.896	  0.070
       3.900	  0.115
       3.904	  0.150
       3.908	  0.145
       3.912	  0.105
       3.916	  0.135
       3.920	  0.150
       3.924	  0.130
       3.928	  0.125
       3.932	  0.145
       3.936	  0.170
       3.940	  0.165
       3.944	  0.205
       3.948	  0.270
       3.952	  0.275
       3.956	  0.220
       3.960	  0.230
       3.964	  0.175
       3.968	  0.130
       3.972	  0.100
       3.976	  0.075
       3.980	  0.025
       3.984	  0.005
       3.988	  0.055
       3.992	  0.110
       3.996	  0.265
       4.000	  0.430
       4.004	  0.715
       4.008	  1.235
       4.012	  1.560
       4.016	  1.760
       4.020	  1.945
       4.024	  2.025
       4.028	  2.005
       4.032	  2.080
       4.036	  2.185
       4.040	  2.285
       4.044	  2.310
       4.048	  2.285
       4.052	  2.320
       4.056	  2.325
       4.060	  2.080
       4.064	  1.830
       4.068	  1.640
       4.072	  1.585
       4.076	  1.505
       4.080	  1.375
       4.084	  1.180
       4.088	  0.940
       4.092	  0.680
       4.096	  0.465
       4.100	  0.250
       4.104	  0.070
       4.108	 -0.050
       4.112	 -0.180
       4.116	 -0.270
       4.120	 -0.270
       4.124	 -0.315
       4.128	 -0.345
       4.132	 -0.345
       4.136	 -0.355
       4.140	 -0.385
       4.144	 -0.435
       4.148	 -0.445
       4.152	 -0.430
       4.156	 -0.450
       4.160	 -0.490
       4.164	 -0.455
       4.168	 -0.500
       4.172	 -0.575
       4.176	 -0.580
       4.180	 -0.575
       4.184	 -0.635
       4.188	 -0.695
       4.192	 -0.690
       4.196	 -0.680
       4.200	 -0.740
       4.204	 -0.740
       4.208	 -0.725
       4.212	 -0.750
       4.216	 -0.785
       4.220	 -0.825
       4.224	 -0.815
       4.228	 -0.865
       4.232	 -0.910
       4.236	 -0.900
       4.240	 -0.885
       4.244	 -0.925
       4.248	 -0.985
       4.252	 -1.015
       4.256	 -0.995
       4.260	 -1.040
       4.264	 -1.075
       4.268	 -1.075
       4.272	 -1.100
       4.276	 -1.130
       4.280	 -1.125
       4.284	 -1.140
       4.288	 -1.155
       4.292	 -1.120
       4.296	 -1.150
       4.300	 -1.180
       4.304	 -1.205
       4.308	 -1.220
       4.312	 -1.180
       4.316	 -1.165
       4.320	 -1.155
       4.324	 -1.125
       4.328	 -1.075
       4.332	 -1.080
       4.336	 -1.050
       4.340	 -1.035
       4.344	 -1.035
       4.348	 -0.995
       4.352	 -0.970
       4.356	 -0.970
       4.360	 -1.010
       4.364	 -0.945
       4.368	 -0.885
       4.372	 -0.915
       4.376	 -0.915
       4.380	 -0.850
       4.384	 -0.820
       4.388	 -0.850
       4.392	 -0.860
       4.396	 -0.810
       4.400	 -0.770
       4.404	 -0.785
       4.408	 -0.780
       4.412	 -0.770
       4.416	 -0.735
       4.420	 -0.690
       4.424	 -0.720
       4.428	 -0.655
       4.432	 -0.635
       4.436	 -0.640
       4.440	 -0.570
       4.444	 -0.525
       4.448	 -0.515
       4.452	 -0.510
       4.456	 -0.450
       4.460	 -0.335
       4.464	 -0.275
       4.468	 -0.260
       4.472	 -0.195
       4.476	 -0.155
       4.480	 -0.150
       4.484	 -0.100
       4.488	 -0.045
       4.492	  0.005
       4.496	  0.035
       4.500	  0.040
       4.504	  0.080
       4.508	  0.135
       4.512	  0.150
       4.516	  0.200
       4.520	  0.230
       4.524	  0.230
       4.528	  0.200
       4.532	  0.255
       4.536	  0.265
       4.540	  0.215
       4.544	  0.145
       4.548	  0.140
       4.552	  0.190
       4.556	  0.200
       4.560	  0.185
       4.564	  0.195
       4.568	  0.190
       4.572	  0.175
       4.576	  0.140
       4.580	  0.140
       4.584	  0.150
       4.588	  0.130
       4.592	  0.110
       4.596	  0.035
       4.600	  0.040
       4.604	  0.120
       4.608	  0.120
       4.612	  0.100
       4.616	  0.110
       4.620	  0.130
       4.624	  0.095
       4.628	  0.055
       4.632	  0.075
       4.636	  0.065
       4.640	  0.070
       4.644	  0.085
       4.648	  0.090
       4.652	  0.075
       4.656	  0.050
       4.660	  0.085
       4.664	  0.070
       4.668	  0.020
       4.672	  0.040
       4.676	  0.075
       4.680	  0.105
       4.684	  0.070
       4.688	  0.040
       4.692	  0.050
       4.696	  0.050
       4.700	  0.020
       4.704	  0.020
       4.708	 -0.025
       4.712	  0.030
       4.716	  0.080
       4.720	  0.065
       4.724	  0.070
       4.728	  0.055
       4.732	  0.045
       4.736	  0.055
       4.740	  0.035
       4.744	  0.025
       4.748	  0.035
       4.752	 -0.005
       4.756	  0.000
       4.760	  0.015
       4.764	  0.005
       4.768	  0.000
       4.772	  0.020
       4.776	  0.055
       4.780	  0.020
       4.784	 -0.015
       4.788	  0.005
       4.792	  0.040
       4.796	  0.055
       4.800	 -0.020
       4.804	  0.000
       4.808	  0.065
       4.812	  0.075
       4.816	  0.055
       4.820	  0.035
       4.824	  0.015
       4.828	  0.015
       4.832	  0.030
       4.836	  0.040
       4.840	  0.050
       4.844	  0.035
       4.848	  0.035
       4.852	  0.030
       4.856	  0.030
       4.860	  0.010
       4.864	  0.055
       4.868	  0.065
       4.872	  0.085
       4.876	  0.060
       4.880	  0.065
       4.884	  0.065
       4.888	  0.075
       4.892	  0.055
       4.896	  0.020
       4.900	  0.015
       4.904	  0.060
       4.908	  0.090
       4.912	  0.100
       4.916	  0.070
       4.920	  0.070
       4.924	  0.070
       4.928	  0.110
       4.932	  0.090
       4.936	  0.150
       4.940	  0.250
       4.944	  0.230
       4.948	  0.180
       4.952	  0.180
       4.956	  0.140
       4.960	  0.080
       4.964	  0.080
       4.968	  0.050
       4.972	 -0.010
       4.976	 -0.060
       4.980	  0.000
       4.984	  0.005
       4.988	  0.040
       4.992	  0.175
       4.996	  0.345
       5.000	  0.620
       5.004	  0.935
       5.008	  1.330
       5.012	  1.685
       5.016	  1.920
       5.020	  2.005
       5.024	  2.080
       5.028	  2.150
       5.032	  2.270
       5.036	  2.365
       5.040	  2.400
       5.044	  2.455
       5.048	  2.430
       5.052	  2.410
       5.056	  2.465
       5.060	  2.335
       5.064	  2.070
       5.068	  1.805
       5.072	  1.700
       5.076	  1.645
       5.080	  1.525
       5.084	  1.385
       5.088	  1.185
       5.092	  0.900
       5.096	  0.625
       5.100	  0.410
       5.104	  0.245
       5.108	  0.045
       5.112	 -0.115
       5.116	 -0.245
       5.120	 -0.305
       5.124	 -0.350
       5.128	 -0.340
       5.132	 -0.320
       5.136	 -0.290
       5.140	 -0.385
       5.144	 -0.480
       5.148	 -0.480
       5.152	 -0.430
       5.156	 -0.450
       5.160	 -0.480
       5.164	 -0.475
       5.168	 -0.485
       5.172	 -0.520
       5.176	 -0.590
       5.180	 -0.615
       5.184	 -0.620
       5.188	 -0.655
       5.192	 -0.690
       5.196	 -0.680
       5.200	 -0.675
       5.204	 -0.705
       5.208	 -0.745
       5.212	 -0.785
       5.216	 -0.820
       5.220	 -0.840
       5.224	 -0.865
       5.228	 -0.830
       5.232	 -0.820
       5.236	 -0.845
       5.240	 -0.840
       5.244	 -0.845
       5.248	 -0.910
       5.252	 -0.965
       5.256	 -0.965
       5.260	 -0.975
       5.264	 -1.020
       5.268	 -1.060
       5.272	 -1.045
       5.276	 -1.105
       5.280	 -1.140
       5.284	 -1.085
       5.288	 -1.085
       5.292	 -1.140
       5.296	 -1.200
       5.300	 -1.245
       5.304	 -1.205
       5.308	 -1.170
       5.312	 -1.150
       5.316	 -1.180
       5.320	 -1.210
       5.324	 -1.170
       5.328	 -1.190
       5.332	 -1.180
       5.336	 -1.160
       5.340	 -1.190
       5.344	 -1.185
       5.348	 -1.105
       5.352	 -1.120
       5.356	 -1.115
       5.360	 -1.125
       5.364	 -1.080
       5.368	 -1.050
       5.372	 -1.055
       5.376	 -1.050
       5.380	 -1.035
       5.384	 -1.035
       5.388	 -1.065
       5.392	 -1.035
       5.396	 -0.990
       5.400	 -0.990
       5.404	 -1.020
       5.408	 -0.985
       5.412	 -0.945
       5.416	 -0.965
       5.420	 -1.030
       5.424	 -0.980
       5.428	 -0.920
       5.432	 -0.865
       5.436	 -0.915
       5.440	 -0.905
       5.444	 -0.870
       5.448	 -0.825
       5.452	 -0.805
       5.456	 -0.770
       5.460	 -0.795
       5.464	 -0.745
       5.468	 -0.715
       5.472	 -0.710
       5.476	 -0.680
       5.480	 -0.650
       5.484	 -0.585
       5.488	 -0.535
       5.492	 -0.515
       5.496	 -0.485
       5.500	 -0.460
       5.504	 -0.395
       5.508	 -0.370
       5.512	 -0.295
       5.516	 -0.270
       5.520	 -0.245
       5.524	 -0.205
       5.528	 -0.190
       5.532	 -0.125
       5.536	 -0.120
       5.540	 -0.035
       5.544	 -0.015
       5.548	 -0.010
       5.552	 -0.010
       5.556	 -0.030
       5.560	 -0.040
       5.564	  0.020
       5.568	  0.065
       5.572	  0.050
       5.576	  0.070
       5.580	  0.085
       5.584	  0.065
       5.588	  0.070
       5.592	  0.050
       5.596	  0.055
       5.600	  0.040
       5.604	  0.000
       5.608	  0.035
       5.612	  0.040
       5.616	  0.030
       5.620	  0.035
       5.624	  0.010
       5.628	  0.015
       5.632	  0.015
       5.636	  0.040
       5.640	  0.050
       5.644	  0.060
       5.648	  0.050
       5.652	  0.025
       5.656	  0.005
       5.660	  0.020
       5.664	  0.050
       5.668	  0.005
       5.672	  0.005
       5.676	  0.000
       5.680	 -0.015
       5.684	  0.005
       5.688	  0.010
       5.692	  0.020
       5.696	 -0.025
       5.700	 -0.005
       5.704	  0.035
       5.708	 -0.005
       5.712	 -0.025
       5.716	  0.000
       5.720	  0.015
       5.724	  0.025
       5.728	 -0.015
       5.732	  0.035
       5.736	  0.035
       5.740	  0.040
       5.744	  0.020
       5.748	  0.020
       5.752	  0.040
       5.756	  0.015
       5.760	  0.000
       5.764	 -0.010
       5.768	  0.010
       5.772	  0.005
       5.776	  0.035
       5.780	  0.075
       5.784	  0.075
       5.788	  0.065
       5.792	  0.075
       5.796	  0.155
       5.800	  0.145
       5.804	  0.105
       5.808	  0.100
       5.812	  0.080
       5.816	  0.015
       5.820	 -0.030
       5.824	 -0.050
       5.828	 -0.065
       5.832	 -0.025
       5.836	 -0.050
       5.840	 -0.010
       5.844	  0.045
       5.848	  0.120
       5.852	  0.300
       5.856	  0.700
       5.860	  1.140
       5.864	  1.410
       5.868	  1.630
       5.872	  1.945
       5.876	  2.030
       5.880	  2.020
       5.884	  2.140
       5.888	  2.335
       5.892	  2.355
       5.896	  2.365
       5.900	  2.425
       5.904	  2.455
       5.908	  2.430
       5.912	  2.260
       5.916	  2.005
       5.920	  1.760
       5.924	  1.610
       5.928	  1.580
       5.932	  1.450
       5.936	  1.255
       5.940	  1.100
       5.944	  0.790
       5.948	  0.500
       5.952	  0.255
       5.956	  0.015
       5.960	 -0.060
       5.964	 -0.165
       5.968	 -0.255
       5.972	 -0.290
       5.976	 -0.335
       5.980	 -0.330
       5.984	 -0.325
       5.988	 -0.380
       5.992	 -0.400
       5.996	 -0.400
       6.000	 -0.370
       6.004	 -0.405
       6.008	 -0.390
       6.012	 -0.440
       6.016	 -0.455
       6.020	 -0.495
       6.024	 -0.480
       6.028	 -0.510
       6.032	 -0.570
       6.036	 -0.590
       6.040	 -0.630
       6.044	 -0.660
       6.048	 -0.690
       6.052	 -0.700
       6.056	 -0.655
       6.060	 -0.665
       6.064	 -0.720
       6.068	 -0.730
       6.072	 -0.760
       6.076	 -0.800
       6.080	 -0.850
       6.084	 -0.840
       6.088	 -0.880
       6.092	 -0.915
       6.096	 -0.960
       6.100	 -0.990
       6.104	 -1.035
       6.108	 -1.025
       6.112	 -1.060
       6.116	 -1.090
       6.120	 -1.075
       6.124	 -1.120
       6.128	 -1.205
       6.132	 -1.205
       6.136	 -1.165
       6.140	 -1.215
       6.144	 -1.245
       6.148	 -1.280
       6.152	 -1.275
       6.156	 -1.215
       6.160	 -1.165
       6.164	 -1.170
       6.168	 -1.145
       6.172	 -1.145
       6.176	 -1.150
       6.180	 -1.140
       6.184	 -1.125
       6.188	 -1.115
       6.192	 -1.130
       6.196	 -1.150
       6.200	 -1.115
       6.204	 -1.130
       6.208	 -1.125
       6.212	 -1.100
       6.216	 -1.090
       6.220	 -1.100
       6.224	 -1.130
       6.228	 -1.110
       6.232	 -1.105
       6.236	 -1.120
       6.240	 -1.085
       6.244	 -1.080
       6.248	 -1.090
       6.252	 -1.095
       6.256	 -1.115
       6.260	 -1.110
       6.264	 -1.100
       6.268	 -1.100
       6.272	 -1.000
       6.276	 -0.955
       6.280	 -0.975
       6.284	 -0.980
       6.288	 -0.920
       6.292	 -0.880
       6.296	 -0.865
       6.300	 -0.855
       6.304	 -0.775
       6.308	 -0.770
       6.312	 -0.725
       6.316	 -0.635
       6.320	 -0.635
       6.324	 -0.615
       6.328	 -0.555
       6.332	 -0.490
       6.336	 -0.450
       6.340	 -0.400
       6.344	 -0.355
       6.348	 -0.260
       6.352	 -0.220
       6.356	 -0.220
       6.360	 -0.170
       6.364	 -0.135
       6.368	 -0.100
       6.372	 -0.065
       6.376	 -0.040
       6.380	 -0.030
       6.384	 -0.025
       6.388	  0.000
       6.392	  0.010
       6.396	  0.040
       6.400	  0.010
       6.404	  0.020
       6.408	  0.025
       6.412	  0.085
       6.416	  0.110
       6.420	  0.120
       6.424	  0.070
       6.428	  0.055
       6.432	  0.105
       6.436	  0.130
       6.440	  0.100
       6.444	  0.105
       6.448	  0.100
       6.452	  0.130
       6.456	  0.120
       6.460	  0.125
       6.464	  0.130
       6.468	  0.135
       6.472	  0.145
       6.476	  0.135
       6.480	  0.125
       6.484	  0.130
       6.488	  0.100
       6.492	  0.110
       6.496	  0.145
       6.500	  0.145
       6.504	  0.140
       6.508	  0.095
       6.512	  0.065
       6.516	  0.080
       6.520	  0.115
       6.524	  0.135
       6.528	  0.100
       6.532	  0.090
       6.536	  0.075
       6.540	  0.035
       6.544	  0.065
       6.548	  0.130
       6.552	  0.165
       6.556	  0.125
       6.560	  0.170
       6.564	  0.185
       6.568	  0.195
       6.572	  0.175
       6.576	  0.155
       6.580	  0.165
       6.584	  0.110
       6.588	  0.090
       6.592	  0.060
       6.596	  0.005
       6.600	 -0.025
       6.604	 -0.005
       6.608	 -0.005
       6.612	  0.060
       6.616	  0.265
       6.620	  0.445
       6.624	  0.655
       6.628	  1.075
       6.632	  1.595
       6.636	  1.835
       6.640	  2.025
       6.644	  2.230
       6.648	  2.270
       6.652	  2.270
       6.656	  2.365
       6.660	  2.485
       6.664	  2.480
       6.668	  2.490
       6.672	  2.480
       6.676	  2.480
       6.680	  2.345
       6.684	  2.140
       6.688	  1.925
       6.692	  1.685
       6.696	  1.560
       6.700	  1.470
       6.704	  1.320
       6.708	  1.105
       6.712	  0.880
       6.716	  0.630
       6.720	  0.415
       6.724	  0.170
       6.728	 -0.015
       6.732	 -0.155
       6.736	 -0.310
       6.740	 -0.360
       6.744	 -0.425
       6.748	 -0.435
       6.752	 -0.430
       6.756	 -0.415
       6.760	 -0.455
       6.764	 -0.500
       6.768	 -0.510
       6.772	 -0.515
       6.776	 -0.540
       6.780	 -0.555
       6.784	 -0.585
       6.788	 -0.615
       6.792	 -0.610
       6.796	 -0.655
       6.800	 -0.695
       6.804	 -0.685
       6.808	 -0.730
       6.812	 -0.760
       6.816	 -0.770
       6.820	 -0.740
       6.824	 -0.795
       6.828	 -0.795
       6.832	 -0.760
       6.836	 -0.825
       6.840	 -0.860
       6.844	 -0.815
       6.848	 -0.890
       6.852	 -0.935
       6.856	 -0.975
       6.860	 -1.010
       6.864	 -1.035
       6.868	 -1.025
       6.872	 -1.085
       6.876	 -1.190
       6.880	 -1.145
       6.884	 -1.135
       6.888	 -1.135
       6.892	 -1.140
       6.896	 -1.170
       6.900	 -1.260
       6.904	 -1.245
       6.908	 -1.265
       6.912	 -1.245
       6.916	 -1.225
       6.920	 -1.205
       6.924	 -1.240
       6.928	 -1.215
       6.932	 -1.205
       6.936	 -1.205
       6.940	 -1.190
       6.944	 -1.185
       6.948	 -1.175
       6.952	 -1.160
       6.956	 -1.125
       6.960	 -1.100
       6.964	 -1.080
       6.968	 -1.095
       6.972	 -1.080
       6.976	 -1.020
       6.980	 -1.055
       6.984	 -1.075
       6.988	 -1.040
       6.992	 -0.995
       6.996	 -0.990
       7.000	 -0.975
       7.004	 -0.925
       7.008	 -0.930
       7.012	 -0.950
       7.016	 -0.895
       7.020	 -0.895
       7.024	 -0.880
       7.028	 -0.900
       7.032	 -0.865
       7.036	 -0.830
       7.040	 -0.785
       7.044	 -0.780
       7.048	 -0.725
       7.052	 -0.670
       7.056	 -0.645
       7.060	 -0.620
       7.064	 -0.570
       7.068	 -0.520
       7.072	 -0.485
       7.076	 -0.455
       7.080	 -0.370
       7.084	 -0.330
       7.088	 -0.290
       7.092	 -0.285
       7.096	 -0.205
       7.100	 -0.145
       7.104	 -0.125
       7.108	 -0.110
       7.112	 -0.015
       7.116	  0.000
       7.120	  0.005
       7.124	  0.070
       7.128	  0.100
       7.132	  0.145
       7.136	  0.160
       7.140	  0.185
       7.144	  0.170
       7.148	  0.180
       7.152	  0.190
       7.156	  0.190
       7.160	  0.160
       7.164	  0.185
       7.168	  0.210
       7.172	  0.200
       7.176	  0.185
       7.180	  0.145
       7.184	  0.115
       7.188	  0.105
       7.192	  0.130
       7.196	  0.125
       7.200	  0.195
       7.204	  0.195
       7.208	  0.180
       7.212	  0.165
       7.216	  0.155
       7.220	  0.110
       7.224	  0.105
       7.228	  0.130
       7.232	  0.105
       7.236	  0.080
       7.240	  0.125
       7.244	  0.095
       7.248	  0.095
       7.252	  0.080
       7.256	  0.080
       7.260	  0.115
       7.264	  0.100
       7.268	  0.080
       7.272	  0.050
       7.276	  0.045
       7.280	  0.050
       7.284	  0.070
       7.288	  0.125
       7.292	  0.100
       7.296	  0.070
       7.300	  0.045
       7.304	  0.030
       7.308	  0.095
       7.312	  0.115
       7.316	  0.070
       7.320	  0.055
       7.324	  0.050
       7.328	  0.020
       7.332	  0.010
       7.336	  0.040
       7.340	  0.045
       7.344	  0.060
       7.348	  0.050
       7.352	  0.050
       7.356	  0.075
       7.360	  0.035
       7.364	  0.005
       7.368	 -0.025
       7.372	 -0.035
       7.376	  0.000
       7.380	 -0.005
       7.384	  0.050
       7.388	  0.095
       7.392	  0.020
       7.396	 -0.045
       7.400	  0.015
       7.404	  0.050
       7.408	  0.015
       7.412	 -0.015
       7.416	 -0.050
       7.420	 -0.025
       7.424	 -0.050
       7.428	 -0.030
       7.432	  0.005
       7.436	 -0.040
       7.440	 -0.020
       7.444	  0.010
       7.448	 -0.040
       7.452	 -0.060
       7.456	 -0.075
       7.460	 -0.070
       7.464	 -0.015
       7.468	 -0.040
       7.472	 -0.045
       7.476	 -0.010
       7.480	 -0.010
       7.484	  0.005
       7.488	 -0.060
       7.492	 -0.090
       7.496	 -0.010
       7.500	 -0.050
       7.504	 -0.060
       7.508	 -0.020
       7.512	 -0.015
       7.516	 -0.040
       7.520	 -0.060
       7.524	 -0.065
       7.528	 -0.120
       7.532	 -0.120
       7.536	 -0.050
       7.540	 -0.045
       7.544	 -0.080
       7.548	 -0.050
       7.552	  0.015
       7.556	 -0.040
       7.560	 -0.035
       7.564	 -0.060
       7.568	 -0.105
       7.572	 -0.090
       7.576	 -0.045
       7.580	 -0.015
       7.584	 -0.030
       7.588	 -0.050
       7.592	 -0.080
       7.596	 -0.065
       7.600	 -0.100
       7.604	 -0.125
       7.608	 -0.085
       7.612	 -0.060
       7.616	 -0.070
       7.620	 -0.015
       7.624	  0.040
       7.628	  0.035
       7.632	  0.040
       7.636	  0.055
       7.640	  0.080
       7.644	  0.075
       7.648	  0.020
       7.652	 -0.010
       7.656	 -0.035
       7.660	 -0.085
       7.664	 -0.105
       7.668	 -0.025
       7.672	 -0.015
       7.676	 -0.015
       7.680	  0.020
       7.684	  0.150
       7.688	  0.395
       7.692	  0.610
       7.696	  0.825
       7.700	  1.205
       7.704	  1.550
       7.708	  1.765
       7.712	  1.900
       7.716	  1.940
       7.720	  1.980
       7.724	  2.110
       7.728	  2.180
       7.732	  2.230
       7.736	  2.225
       7.740	  2.200
       7.744	  2.130
       7.748	  2.165
       7.752	  2.105
       7.756	  1.875
       7.760	  1.645
       7.764	  1.540
       7.768	  1.500
       7.772	  1.395
       7.776	  1.130
       7.780	  0.975
       7.784	  0.700
       7.788	  0.390
       7.792	  0.245
       7.796	  0.070
       7.800	 -0.045
       7.804	 -0.195
       7.808	 -0.355
       7.812	 -0.390
       7.816	 -0.455
       7.820	 -0.445
       7.824	 -0.440
       7.828	 -0.510
       7.832	 -0.530
       7.836	 -0.575
       7.840	 -0.610
       7.844	 -0.580
       7.848	 -0.600
       7.852	 -0.615
       7.856	 -0.610
       7.860	 -0.645
       7.864	 -0.680
       7.868	 -0.745
       7.872	 -0.705
       7.876	 -0.715
       7.880	 -0.775
       7.884	 -0.820
       7.888	 -0.850
       7.892	 -0.875
       7.896	 -0.855
       7.900	 -0.845
       7.904	 -0.900
       7.908	 -0.910
       7.912	 -0.940
       7.916	 -0.960
       7.920	 -0.950
       7.924	 -0.900
       7.928	 -0.935
       7.932	 -0.995
       7.936	 -1.030
       7.940	 -1.060
       7.944	 -1.100
       7.948	 -1.110
       7.952	 -1.135
       7.956	 -1.105
       7.960	 -1.100
       7.964	 -1.175
       7.968	 -1.225
       7.972	 -1.195
       7.976	 -1.150
       7.980	 -1.200
       7.984	 -1.240
       7.988	 -1.225
       7.992	 -1.230
       7.996	 -1.235
       8.000	 -1.275
       8.004	 -1.270
       8.008	 -1.285
       8.012	 -1.290
       8.016	 -1.270
       8.020	 -1.310
       8.024	 -1.260
       8.028	 -1.215
       8.032	 -1.205
       8.036	 -1.180
       8.040	 -1.200
       8.044	 -1.215
       8.048	 -1.160
       8.052	 -1.115
       8.056	 -1.090
       8.060	 -1.095
       8.064	 -1.090
       8.068	 -1.075
       8.072	 -1.085
       8.076	 -1.035
       8.080	 -1.000
       8.084	 -0.990
       8.088	 -0.985
       8.092	 -0.985
       8.096	 -0.945
       8.100	 -0.940
       8.104	 -0.935
       8.108	 -0.905
       8.112	 -0.885
       8.116	 -0.895
       8.120	 -0.875
       8.124	 -0.815
       8.128	 -0.790
       8.132	 -0.770
       8.136	 -0.750
       8.140	 -0.790
       8.144	 -0.765
       8.148	 -0.720
       8.152	 -0.665
       8.156	 -0.655
       8.160	 -0.665
       8.164	 -0.660
       8.168	 -0.590
       8.172	 -0.510
       8.176	 -0.485
       8.180	 -0.480
       8.184	 -0.435
       8.188	 -0.395
       8.192	 -0.395
       8.196	 -0.345
       8.200	 -0.285
       8.204	 -0.235
       8.208	 -0.235
       8.212	 -0.215
       8.216	 -0.120
       8.220	 -0.095
       8.224	 -0.070
       8.228	 -0.045
       8.232	 -0.005
       8.236	  0.030
       8.240	  0.055
       8.244	  0.015
       8.248	  0.050
       8.252	  0.050
       8.256	  0.060
       8.260	  0.040
       8.264	  0.070
       8.268	  0.090
       8.272	  0.050
       8.276	  0.035
       8.280	  0.060
       8.284	  0.045
       8.288	  0.060
       8.292	  0.045
       8.296	  0.065
       8.300	  0.050
       8.304	  0.045
       8.308	  0.055
       8.312	  0.040
       8.316	  0.020
       8.320	  0.040
       8.324	  0.030
       8.328	  0.010
       8.332	  0.030
       8.336	  0.025
       8.340	  0.015
       8.344	  0.005
       8.348	 -0.015
       8.352	 -0.010
       8.356	  0.015
       8.360	  0.000
       8.364	 -0.050
       8.368	 -0.040
       8.372	 -0.015
       8.376	 -0.025
       8.380	 -0.065
       8.384	 -0.095
       8.388	 -0.075
       8.392	 -0.105
       8.396	 -0.105
       8.400	 -0.115
       8.404	 -0.125
       8.408	 -0.090
       8.412	 -0.120
       8.416	 -0.115
       8.420	 -0.150
       8.424	 -0.165
       8.428	 -0.185
       8.432	 -0.160
       8.436	 -0.185
       8.440	 -0.210
       8.444	 -0.170
       8.448	 -0.165
       8.452	 -0.195
       8.456	 -0.165
       8.460	 -0.155
       8.464	 -0.160
       8.468	 -0.195
       8.472	 -0.195
       8.476	 -0.195
       8.480	 -0.225
       8.484	 -0.260
       8.488	 -0.230
       8.492	 -0.210
       8.496	 -0.225
       8.500	 -0.235
       8.504	 -0.235
       8.508	 -0.200
       8.512	 -0.145
       8.516	 -0.180
       8.520	 -0.185
       8.524	 -0.210
       8.528	 -0.210
       8.532	 -0.180
       8.536	 -0.175
       8.540	 -0.175
       8.544	 -0.165
       8.548	 -0.190
       8.552	 -0.145
       8.556	 -0.105
       8.560	 -0.135
       8.564	 -0.155
       8.568	 -0.145
       8.572	 -0.145
       8.576	 -0.135
       8.580	 -0.135
       8.584	 -0.135
       8.588	 -0.140
       8.592	 -0.165
       8.596	 -0.140
       8.600	 -0.105
       8.604	 -0.105
       8.608	 -0.100
       8.612	 -0.125
       8.616	 -0.105
       8.620	 -0.045
       8.624	 -0.070
       8.628	 -0.090
       8.632	 -0.060
       8.636	 -0.070
       8.640	 -0.060
       8.644	 -0.055
       8.648	 -0.075
       8.652	 -0.080
       8.656	 -0.075
       8.660	 -0.040
       8.664	  0.000
       8.668	  0.060
       8.672	  0.085
       8.676	  0.050
       8.680	  0.045
       8.684	  0.085
       8.688	  0.090
       8.692	  0.025
       8.696	 -0.005
       8.700	  0.005
       8.704	 -0.075
       8.708	 -0.090
       8.712	 -0.080
       8.716	 -0.065
       8.720	  0.015
       8.724	  0.155
       8.728	  0.380
       8.732	  0.665
       8.736	  1.055
       8.740	  1.480
       8.744	  1.730
       8.748	  1.865
       8.752	  1.940
       8.756	  2.015
       8.760	  2.100
       8.764	  2.170
       8.768	  2.225
       8.772	  2.260
       8.776	  2.235
       8.780	  2.250
       8.784	  2.255
       8.788	  1.995
       8.792	  1.760
       8.796	  1.635
       8.800	  1.540
       8.804	  1.470
       8.808	  1.300
       8.812	  1.100
       8.816	  0.845
       8.820	  0.540
       8.824	  0.355
       8.828	  0.180
       8.832	  0.015
       8.836	 -0.115
       8.840	 -0.210
       8.844	 -0.280
       8.848	 -0.360
       8.852	 -0.340
       8.856	 -0.390
       8.860	 -0.405
       8.864	 -0.445
       8.868	 -0.425
       8.872	 -0.420
       8.876	 -0.455
       8.880	 -0.445
       8.884	 -0.465
       8.888	 -0.520
       8.892	 -0.540
       8.896	 -0.505
       8.900	 -0.520
       8.904	 -0.565
       8.908	 -0.605
       8.912	 -0.600
       8.916	 -0.640
       8.920	 -0.665
       8.924	 -0.685
       8.928	 -0.705
       8.932	 -0.725
       8.936	 -0.770
       8.940	 -0.845
       8.944	 -0.855
       8.948	 -0.870
       8.952	 -0.900
       8.956	 -0.890
       8.960	 -0.950
       8.964	 -0.990
       8.968	 -1.020
       8.972	 -1.055
       8.976	 -1.065
       8.980	 -1.090
       8.984	 -1.135
       8.988	 -1.120
       8.992	 -1.135
       8.996	 -1.190
       9.000	 -1.180
       9.004	 -1.220
       9.008	 -1.255
       9.012	 -1.270
       9.016	 -1.310
       9.020	 -1.320
       9.024	 -1.350
       9.028	 -1.355
       9.032	 -1.330
       9.036	 -1.390
       9.040	 -1.365
       9.044	 -1.375
       9.048	 -1.385
       9.052	 -1.380
       9.056	 -1.350
       9.060	 -1.285
       9.064	 -1.290
       9.068	 -1.280
       9.072	 -1.305
       9.076	 -1.295
       9.080	 -1.235
       9.084	 -1.185
       9.088	 -1.190
       9.092	 -1.145
       9.096	 -1.115
       9.100	 -1.125
       9.104	 -1.110
       9.108	 -1.080
       9.112	 -1.065
       9.116	 -1.020
       9.120	 -1.005
       9.124	 -1.020
       9.128	 -0.985
       9.132	 -0.950
       9.136	 -0.925
       9.140	 -0.950
       9.144	 -0.935
       9.148	 -0.895
       9.152	 -0.895
       9.156	 -0.880
       9.160	 -0.860
       9.164	 -0.855
       9.168	 -0.840
       9.172	 -0.790
       9.176	 -0.770
       9.180	 -0.750
       9.184	 -0.740
       9.188	 -0.680
       9.192	 -0.640
       9.196	 -0.625
       9.200	 -0.600
       9.204	 -0.575
       9.208	 -0.520
       9.212	 -0.450
       9.216	 -0.440
       9.220	 -0.400
       9.224	 -0.345
       9.228	 -0.340
       9.232	 -0.280
       9.236	 -0.210
       9.240	 -0.145
       9.244	 -0.115
       9.248	 -0.065
       9.252	 -0.020
       9.256	 -0.015
       9.260	  0.040
       9.264	  0.060
       9.268	  0.090
       9.272	  0.110
       9.276	  0.120
       9.280	  0.145
       9.284	  0.185
       9.288	  0.200
       9.292	  0.160
       9.296	  0.125
       9.300	  0.150
       9.304	  0.200
       9.308	  0.200
       9.312	  0.175
       9.316	  0.165
       9.320	  0.220
       9.324	  0.180
       9.328	  0.130
       9.332	  0.190
       9.336	  0.235
       9.340	  0.165
       9.344	  0.125
       9.348	  0.140
       9.352	  0.140
       9.356	  0.150
       9.360	  0.125
       9.364	  0.105
       9.368	  0.110
       9.372	  0.095
       9.376	  0.080
       9.380	  0.050
       9.384	  0.070
       9.388	  0.085
       9.392	  0.055
       9.396	  0.070
       9.400	  0.125
       9.404	  0.115
       9.408	  0.045
       9.412	  0.030
       9.416	  0.030
       9.420	  0.010
       9.424	  0.020
       9.428	  0.020
       9.432	  0.050
       9.436	  0.025
       9.440	 -0.015
       9.444	 -0.010
       9.448	  0.010
       9.452	 -0.035
       9.456	 -0.035
       9.460	 -0.020
       9.464	 -0.030
       9.468	 -0.050
       9.472	 -0.045
       9.476	 -0.010
       9.480	 -0.030
       9.484	 -0.060
       9.488	 -0.040
       9.492	 -0.040
       9.496	 -0.025
       9.500	 -0.065
       9.504	 -0.055
       9.508	 -0.040
       9.512	 -0.050
       9.516	 -0.075
       9.520	 -0.055
       9.524	  0.020
       9.528	 -0.010
       9.532	 -0.050
       9.536	 -0.035
       9.540	 -0.015
       9.544	 -0.020
       9.548	 -0.075
       9.552	 -0.055
       9.556	 -0.020
       9.560	 -0.035
       9.564	 -0.060
       9.568	 -0.050
       9.572	 -0.020
       9.576	 -0.010
       9.580	 -0.040
       9.584	 -0.020
       9.588	  0.005
       9.592	  0.000
       9.596	 -0.030
       9.600	 -0.030
       9.604	  0.005
       9.608	  0.000
       9.612	 -0.040
       9.616	 -0.050
       9.620	 -0.020
       9.624	  0.000
       9.628	  0.005
       9.632	 -0.010
       9.636	  0.020
       9.640	  0.005
       9.644	  0.015
       9.648	  0.020
       9.652	  0.025
       9.656	  0.015
       9.660	 -0.015
       9.664	  0.015
       9.668	  0.050
       9.672	  0.025
       9.676	 -0.010
       9.680	 -0.010
       9.684	  0.030
       9.688	  0.015
       9.692	  0.020
       9.696	  0.035
       9.700	  0.105
       9.704	  0.100
       9.708	  0.075
       9.712	  0.140
       9.716	  0.190
       9.720	  0.210
       9.724	  0.190
       9.728	  0.195
       9.732	  0.210
       9.736	  0.125
       9.740	  0.130
       9.744	  0.130
       9.748	  0.085
       9.752	  0.065
       9.756	  0.050
       9.760	  0.060
       9.764	  0.115
       9.768	  0.225
       9.772	  0.360
       9.776	  0.620
       9.780	  1.030
       9.784	  1.450
       9.788	  1.730
       9.792	  2.085
       9.796	  2.305
       9.800	  2.335
       9.804	  2.385
       9.808	  2.500
       9.812	  2.585
       9.816	  2.640
       9.820	  2.695
       9.824	  2.710
       9.828	  2.725
       9.832	  2.635
       9.836	  2.430
       9.840	  2.120
       9.844	  1.905
       9.848	  1.830
       9.852	  1.720
       9.856	  1.590
       9.860	  1.360
       9.864	  1.150
       9.868	  0.840
       9.872	  0.635
       9.876	  0.460
       9.880	  0.230
       9.884	  0.070
       9.888	 -0.055
       9.892	 -0.130
       9.896	 -0.180
       9.900	 -0.245
       9.904	 -0.245
       9.908	 -0.295
       9.912	 -0.325
       9.916	 -0.345
       9.920	 -0.375
       9.924	 -0.405
       9.928	 -0.445
       9.932	 -0.480
       9.936	 -0.490
       9.940	 -0.490
       9.944	 -0.500
       9.948	 -0.545
       9.952	 -0.575
       9.956	 -0.605
       9.960	 -0.620
       9.964	 -0.665
       9.968	 -0.690
       9.972	 -0.720
       9.976	 -0.780
       9.980	 -0.830
       9.984	 -0.810
       9.988	 -0.790
       9.992	 -0.785
       9.996	 -0.815
